0.0   0.22843879088759422
0.0   0.2271558903157711
0.0   0.28497663140296936
0.0   0.2566768266260624
0.0   0.2337082028388977
0.0   0.2620343528687954
0.0   0.28525073640048504
0.0   0.31520912051200867
0.0   0.2706378474831581
0.0   0.27485860139131546
0.0   0.2618318349123001
0.0   0.26743184030056
0.0   0.24380459636449814
0.0   0.2736147753894329
0.0   0.29142485558986664
0.0   0.2662927284836769
0.0   0.22564349323511124
0.0   0.37098832428455353
0.0   0.23694024980068207
0.0   0.29007652774453163
0.0   0.25714588910341263
0.0   0.2627377398312092
0.0   0.2306018155068159
0.0   0.2391219288110733
0.0   0.24979879707098007
0.0   0.264784537255764
0.0   0.23646870255470276
0.0   0.29116348922252655
0.0   0.2446865625679493
0.0   0.32495296373963356
0.0   0.28730571269989014
0.0   0.2868283614516258
0.0   0.29965684562921524
0.0   0.26641158759593964
0.0   0.3708006292581558
0.0   0.3038252145051956
0.0   0.28219209238886833
0.0   0.23386859148740768
0.0   0.27169098518788815
0.0   0.3220796287059784
0.0   0.2780952751636505
0.0   0.25963524356484413
0.0   0.27478282153606415
0.0   0.251549806445837
0.0   0.2464461326599121
0.0   0.2564076706767082
0.0   0.28015775233507156
0.0   0.26220689713954926
0.0   0.2509032189846039
0.0   0.2845583073794842
0.0   0.2289680615067482
0.0   0.2603295110166073
0.0   0.21929039433598518
0.0   0.23354654759168625
0.0   0.31676721200346947
0.0   0.23353596404194832
0.0   0.3014528304338455
0.0   0.29906292259693146
0.0   0.3702056407928467
0.0   0.2891533747315407
0.0   0.3535322919487953
0.0   0.25723088532686234
0.0   0.3098233491182327
0.0   0.270163930952549
0.0   0.28953954949975014
0.0   0.30158955603837967
0.0   0.2820143774151802
0.0   0.24881717562675476
0.0   0.2930102124810219
0.0   0.28061967715620995
0.0   0.26915622502565384
0.0   0.3346535935997963
0.0   0.2531658187508583
0.0   0.28045375645160675
0.0   0.24905529990792274
0.0   0.25433802604675293
0.0   0.2742476500570774
0.0   0.2838563807308674
0.0   0.2331417053937912
0.0   0.2932261973619461
0.0   0.27570587396621704
0.0   0.2335309237241745
0.0   0.26792237535119057
0.0   0.23417453467845917
0.0   0.2980823889374733
0.0   0.26320331171154976
0.0   0.24693170934915543
0.0   0.266426682472229
0.0   0.2091236263513565
0.0   0.2515358217060566
0.0   0.25030742585659027
0.0   0.2463221475481987
0.0   0.26595650240778923
0.0   0.289125457406044
0.0   0.2872376963496208
0.0   0.2535719871520996
0.0   0.3053881675004959
0.0   0.233672384172678
0.0   0.2628551982343197
0.0   0.23177394270896912
0.0   0.25327860563993454
0.0   0.2465045414865017
0.0   0.2704990226775408
0.0   0.2795545756816864
0.0   0.24707493744790554
0.0   0.24859031662344933
0.0   0.22678573429584503
0.0   0.22597217559814453
0.0   0.20259542018175125
0.0   0.22594045102596283
0.0   0.307498000562191
0.0   0.25218449905514717
0.0   0.2722402587532997
0.0   0.37204618752002716
0.0   0.3051418140530586
0.0   0.37543968856334686
0.0   0.3375057429075241
0.0   0.3174023889005184
0.0   0.24811197817325592
0.0   0.2311144657433033
0.0   0.23403724282979965
0.0   0.30346368439495564
0.0   0.23805928230285645
0.0   0.23318073898553848
0.0   0.21448344737291336
0.0   0.22453442215919495
0.0   0.25692586228251457
0.0   0.31860655546188354
0.0   0.29482778534293175
0.0   0.24908730387687683
0.0   0.23778697848320007
0.0   0.2702924832701683
0.0   0.23900069668889046
0.0   0.2623704746365547
0.0   0.2539754882454872
0.0   0.25544665567576885
0.0   0.2501283623278141
0.0   0.28623342514038086
0.0   0.24521669000387192
0.0   0.33715546876192093
1.0   0.2632121816277504
1.0   0.30839796364307404
1.0   0.3509555645287037
1.0   0.23808808624744415
1.0   0.2609455771744251
1.0   0.3202371932566166
1.0   0.3186696507036686
1.0   0.2633195295929909
1.0   0.30462683364748955
1.0   0.3383214473724365
1.0   0.3524610847234726
1.0   0.22255142778158188
1.0   0.3360283225774765
1.0   0.3008955828845501
1.0   0.37096330523490906
1.0   0.2781487852334976
1.0   0.19592344388365746
1.0   0.3671337440609932
1.0   0.2643921226263046
1.0   0.32847169786691666
1.0   0.31212785094976425
1.0   0.31183982640504837
1.0   0.31012537330389023
1.0   0.2878025732934475
1.0   0.2856139801442623
1.0   0.30951007828116417
1.0   0.2702474519610405
1.0   0.3984394446015358
1.0   0.2539481334388256
1.0   0.25762760266661644
1.0   0.2901129350066185
1.0   0.2400660514831543
1.0   0.29587897285819054
1.0   0.258728239685297
1.0   0.30439868569374084
1.0   0.25354742258787155
1.0   0.34290463104844093
1.0   0.3233168199658394
1.0   0.24138543009757996
1.0   0.27723805233836174
1.0   0.3736834079027176
1.0   0.2423025146126747
1.0   0.302492942661047
1.0   0.27099694311618805
1.0   0.2449585683643818
1.0   0.25606919080018997
1.0   0.26209622621536255
1.0   0.2858861982822418
1.0   0.26196905598044395
1.0   0.2656180188059807
1.0   0.2713191509246826
1.0   0.24401763454079628
1.0   0.2877349555492401
1.0   0.25450630486011505
1.0   0.2421932965517044
1.0   0.27209799364209175
1.0   0.2573732063174248
1.0   0.30184273421764374
1.0   0.24086449667811394
1.0   0.3363932967185974
1.0   0.3406173959374428
1.0   0.2811707481741905
1.0   0.2976580783724785
1.0   0.3216651678085327
1.0   0.3246884047985077
1.0   0.2534562647342682
1.0   0.3114229738712311
1.0   0.3324269466102123
1.0   0.23401977866888046
1.0   0.33630844578146935
1.0   0.4229671508073807
1.0   0.25878116488456726
1.0   0.29725120961666107
1.0   0.2833480164408684
1.0   0.3249565903097391
1.0   0.3922373689711094
1.0   0.26927122473716736
1.0   0.26959431916475296
1.0   0.3146793246269226
1.0   0.2646540440618992
1.0   0.24458255246281624
1.0   0.252816803753376
1.0   0.3507891297340393
1.0   0.3459228202700615
1.0   0.2549555003643036
1.0   0.25188474357128143
1.0   0.3238220252096653
1.0   0.3039554953575134
1.0   0.30997415632009506
1.0   0.27770093083381653
1.0   0.23851089924573898
1.0   0.23762007057666779
1.0   0.32487884163856506
1.0   0.2653948552906513
1.0   0.2635949179530144
1.0   0.3117523342370987
1.0   0.2676643691956997
1.0   0.2667650058865547
1.0   0.2133060023188591
1.0   0.2750709727406502
1.0   0.22949684411287308
1.0   0.26234180480241776
1.0   0.2900828346610069
1.0   0.24803977459669113
1.0   0.3095899298787117
1.0   0.2656485140323639
1.0   0.28512412682175636
1.0   0.2979157194495201
1.0   0.29707375913858414
1.0   0.2606072202324867
1.0   0.2871481627225876
1.0   0.27799535542726517
1.0   0.28691134974360466
1.0   0.3337893560528755
1.0   0.2787110060453415
1.0   0.2545868456363678
1.0   0.40012797340750694
1.0   0.3653273768723011
1.0   0.3187856823205948
1.0   0.3452128395438194
1.0   0.22323090583086014
1.0   0.29979442805051804
1.0   0.3144516237080097
1.0   0.20392575860023499
1.0   0.2530975565314293
1.0   0.25276580825448036
1.0   0.3474784195423126
1.0   0.2847084477543831
1.0   0.33100827038288116
1.0   0.4162158966064453
1.0   0.25196628272533417
1.0   0.31368592381477356
1.0   0.3387744538486004
1.0   0.28855643421411514
1.0   0.34210219606757164
1.0   0.3630925714969635
1.0   0.2758619263768196
1.0   0.3388122022151947
1.0   0.3538578003644943
1.0   0.2898915112018585
1.0   0.2777143269777298
1.0   0.3128787651658058
1.0   0.3019971027970314
1.0   0.23297511786222458
1.0   0.3177732825279236
1.0   0.29806676879525185
1.0   0.28916317969560623
1.0   0.30276501923799515
1.0   0.3060704693198204
1.0   0.2756482660770416
1.0   0.2872606925666332
1.0   0.20782630145549774
1.0   0.30599794536828995
1.0   0.34261762350797653
1.0   0.365324255079031
1.0   0.3375938609242439
1.0   0.3368167579174042
1.0   0.3514777347445488
1.0   0.37379880249500275
1.0   0.3183756470680237
1.0   0.3066115640103817
1.0   0.30808981508016586
1.0   0.34200169891119003
1.0   0.34842026978731155
1.0   0.3817962110042572
1.0   0.24234110116958618
1.0   0.4009779840707779
1.0   0.3013942092657089
1.0   0.36573293060064316
1.0   0.33207210898399353
1.0   0.3114234209060669
1.0   0.2907097041606903
1.0   0.28215261548757553
1.0   0.35430413112044334
1.0   0.2703745849430561
1.0   0.3208843879401684
1.0   0.3572922758758068
1.0   0.3289410173892975
1.0   0.3058789297938347
1.0   0.33370495587587357
1.0   0.3496839962899685
1.0   0.3351730518043041
1.0   0.3401157855987549
1.0   0.3490247577428818
1.0   0.32391054183244705
1.0   0.2916250377893448
1.0   0.37237560003995895
1.0   0.2967110276222229
1.0   0.30192119255661964
