0.0   3.2696197032928467
0.0   3.210311770439148
0.0   3.13342022895813
0.0   3.098838448524475
0.0   3.09831964969635
0.0   3.1434038877487183
0.0   3.18342125415802
0.0   3.0865285396575928
0.0   3.1862356662750244
0.0   3.2567728757858276
0.0   3.209285855293274
0.0   3.1419766545295715
0.0   3.2018731236457825
0.0   3.208345115184784
0.0   3.110140562057495
0.0   3.2684149146080017
0.0   3.031593680381775
0.0   3.0086893439292908
0.0   3.1458734273910522
0.0   3.1244195699691772
0.0   3.1413121819496155
0.0   3.185610771179199
0.0   3.125417470932007
0.0   3.191315472126007
0.0   3.1186963319778442
0.0   3.2001319527626038
0.0   3.223047614097595
0.0   3.236555337905884
0.0   3.0950891971588135
0.0   3.0995967984199524
0.0   3.1813617944717407
0.0   3.1937555074691772
1.0   6.330703020095825
1.0   8.053825855255127
1.0   7.461353302001953
1.0   6.617908239364624
1.0   3.129733085632324
1.0   8.425198078155518
1.0   6.660045146942139
1.0   8.471588611602783
1.0   9.126622676849365
1.0   2.9952138662338257
1.0   7.400522708892822
1.0   8.979661464691162
1.0   8.782366514205933
1.0   7.011362552642822
1.0   6.69491171836853
1.0   6.55030083656311
1.0   6.188916087150574
1.0   7.924203872680664
1.0   8.778795003890991
1.0   3.0426801443099976
1.0   2.8977545499801636
1.0   2.980634868144989
1.0   2.9861919283866882
0.0   -1.276841402053833
0.0   -1.4353361129760742
0.0   -1.4354894161224365
0.0   -1.0492596626281738
0.0   -1.5011608600616455
0.0   -1.4778858423233032
0.0   -1.4152002334594727
0.0   -1.5141674280166626
0.0   -1.4690706729888916
0.0   -1.2189849615097046
0.0   -1.4486134052276611
0.0   -1.4726661443710327
0.0   -1.4250195026397705
0.0   -1.4648373126983643
0.0   -1.5056884288787842
0.0   -1.1075448989868164
0.0   -1.5736054182052612
0.0   -1.547301173210144
0.0   -1.454014539718628
0.0   -1.4607149362564087
0.0   -1.4525952339172363
0.0   -1.3272732496261597
0.0   -1.456294298171997
0.0   -1.4175372123718262
0.0   -0.9996086359024048
0.0   -1.2972642183303833
0.0   -1.4306222200393677
0.0   -1.3066675662994385
0.0   -1.4662525653839111
0.0   -1.531195044517517
0.0   -1.4360953569412231
0.0   -1.4229040145874023
1.0   14.788817167282104
1.0   16.532925367355347
1.0   15.082300424575806
1.0   14.571784973144531
1.0   -0.950329065322876
1.0   17.156646490097046
1.0   13.316526532173157
1.0   21.49626922607422
1.0   17.028078198432922
1.0   0.28432703018188477
1.0   17.506900548934937
1.0   15.409668564796448
1.0   15.518171548843384
1.0   17.493037462234497
1.0   11.449288129806519
1.0   10.103928208351135
1.0   9.271139144897461
1.0   13.655213952064514
1.0   18.824618101119995
1.0   -1.255683422088623
1.0   -0.40583109855651855
1.0   -1.4985116720199585
1.0   -1.3002022504806519
0.0   -4.444440722465515
0.0   -4.680811882019043
0.0   -4.639915466308594
0.0   -3.912652015686035
0.0   -4.719721794128418
0.0   -4.708293080329895
0.0   -4.626583695411682
0.0   -4.7313326597213745
0.0   -4.713687896728516
0.0   -4.308809995651245
0.0   -4.698361396789551
0.0   -4.695452809333801
0.0   -4.663926005363464
0.0   -4.72377610206604
0.0   -4.727977275848389
0.0   -4.132874250411987
0.0   -4.788033604621887
0.0   -4.739143371582031
0.0   -4.654740810394287
0.0   -4.655986666679382
0.0   -4.65038800239563
0.0   -4.474233031272888
0.0   -4.6655519008636475
0.0   -4.648469924926758
0.0   -3.8602383136749268
0.0   -4.4301557540893555
0.0   -4.679643154144287
0.0   -4.472397208213806
0.0   -4.6472755670547485
0.0   -4.760140061378479
0.0   -4.660252571105957
0.0   -4.639702320098877
1.0   17.376044750213623
1.0   19.512707948684692
1.0   18.027132987976074
1.0   17.54087495803833
1.0   -3.8017256259918213
1.0   20.152827858924866
1.0   15.298388361930847
1.0   25.3460476398468
1.0   19.85236930847168
1.0   -0.9815167188644409
1.0   20.622928857803345
1.0   18.013765573501587
1.0   17.974575996398926
1.0   20.686902284622192
1.0   12.926581144332886
1.0   10.694392204284668
1.0   9.773669958114624
1.0   15.333613872528076
1.0   22.053841590881348
1.0   -4.236052513122559
1.0   -2.5880321264266968
1.0   -4.59977400302887
1.0   -4.278673768043518
0.0   -5.745711088180542
0.0   -6.003749370574951
0.0   -5.952997088432312
0.0   -5.07785165309906
0.0   -6.035695910453796
0.0   -6.03425407409668
0.0   -5.949386477470398
0.0   -6.05019998550415
0.0   -6.037867426872253
0.0   -5.560810983181
0.0   -6.022405743598938
0.0   -6.013251543045044
0.0   -5.9902912974357605
0.0   -6.048655033111572
0.0   -6.043505668640137
0.0   -5.356475472450256
0.0   -6.107043981552124
0.0   -6.043580412864685
0.0   -5.975664138793945
0.0   -5.978338599205017
0.0   -5.967282950878143
0.0   -5.761804461479187
0.0   -5.9805896282196045
0.0   -5.974179625511169
0.0   -5.026967525482178
0.0   -5.70975136756897
0.0   -6.001997709274292
0.0   -5.773930847644806
0.0   -5.962728142738342
0.0   -6.080295205116272
0.0   -5.97909939289093
0.0   -5.9683656096458435
1.0   17.42632633447647
1.0   20.250941157341003
1.0   19.01359260082245
1.0   18.321665287017822
1.0   -4.9986492395401
1.0   20.819144368171692
1.0   15.467161655426025
1.0   25.113056361675262
1.0   20.57197093963623
1.0   -1.127793312072754
1.0   20.655909717082977
1.0   19.04796028137207
1.0   18.720808267593384
1.0   20.655576407909393
1.0   13.118931770324707
1.0   10.35586929321289
1.0   9.523547649383545
1.0   15.423035860061646
1.0   22.25992250442505
1.0   -5.507679104804993
1.0   -3.110303282737732
1.0   -5.887274622917175
1.0   -5.5383084416389465
0.0   -7.046621024608612
0.0   -7.323490142822266
0.0   -7.241323351860046
0.0   -6.253233850002289
0.0   -7.333601891994476
0.0   -7.340552508831024
0.0   -7.254207670688629
0.0   -7.347126364707947
0.0   -7.358967423439026
0.0   -6.840003490447998
0.0   -7.344942331314087
0.0   -7.315041780471802
0.0   -7.303213000297546
0.0   -7.376936256885529
0.0   -7.34243905544281
0.0   -6.611540794372559
0.0   -7.398981750011444
0.0   -7.324946939945221
0.0   -7.275322616100311
0.0   -7.271529734134674
0.0   -7.266312301158905
0.0   -7.051602840423584
0.0   -7.273116409778595
0.0   -7.278108358383179
0.0   -6.21256160736084
0.0   -6.991737961769104
0.0   -7.322608828544617
0.0   -7.072856068611145
0.0   -7.248672246932983
0.0   -7.387287139892578
0.0   -7.282930612564087
0.0   -7.272786378860474
1.0   18.712947130203247
1.0   21.815821886062622
1.0   20.548293828964233
1.0   19.8694326877594
1.0   -6.166252493858337
1.0   22.47203016281128
1.0   16.488983273506165
1.0   26.90254032611847
1.0   22.119426727294922
1.0   -1.4254930019378662
1.0   22.196926474571228
1.0   20.440111875534058
1.0   19.993053197860718
1.0   22.159602284431458
1.0   13.836172580718994
1.0   10.561631679534912
1.0   9.822031259536743
1.0   16.201510429382324
1.0   23.66921329498291
1.0   -6.722962975502014
1.0   -3.5990006923675537
1.0   -7.141895830631256
1.0   -6.745691657066345
0.0   3.2696197032928467
0.0   3.210311770439148
0.0   3.13342022895813
0.0   3.098838448524475
0.0   3.09831964969635
0.0   3.1434038877487183
0.0   3.18342125415802
0.0   3.0865285396575928
0.0   3.1862356662750244
0.0   3.2567728757858276
0.0   3.209285855293274
0.0   3.1419766545295715
0.0   3.2018731236457825
0.0   3.208345115184784
0.0   3.110140562057495
0.0   3.2684149146080017
0.0   3.031593680381775
0.0   3.0086893439292908
0.0   3.1458734273910522
0.0   3.1244195699691772
0.0   3.1413121819496155
0.0   3.185610771179199
0.0   3.125417470932007
0.0   3.191315472126007
0.0   3.1186963319778442
0.0   3.2001319527626038
0.0   3.223047614097595
0.0   3.236555337905884
0.0   3.0950891971588135
0.0   3.0995967984199524
0.0   3.1813617944717407
0.0   3.1937555074691772
1.0   6.330703020095825
1.0   8.053825855255127
1.0   7.461353302001953
1.0   6.617908239364624
1.0   3.129733085632324
1.0   8.425198078155518
1.0   6.660045146942139
1.0   8.471588611602783
1.0   9.126622676849365
1.0   2.9952138662338257
1.0   7.400522708892822
1.0   8.979661464691162
1.0   8.782366514205933
1.0   7.011362552642822
1.0   6.69491171836853
1.0   6.55030083656311
1.0   6.188916087150574
1.0   7.924203872680664
1.0   8.778795003890991
1.0   3.0426801443099976
1.0   2.8977545499801636
1.0   2.980634868144989
1.0   2.9861919283866882
0.0   -1.3285975456237793
0.0   -1.4821462631225586
0.0   -1.4835230112075806
0.0   -1.114246129989624
0.0   -1.5486173629760742
0.0   -1.5268453359603882
0.0   -1.4634777307510376
0.0   -1.562567114830017
0.0   -1.5163191556930542
0.0   -1.286263108253479
0.0   -1.4968950748443604
0.0   -1.520880103111267
0.0   -1.4722270965576172
0.0   -1.5119765996932983
0.0   -1.553741216659546
0.0   -1.179279088973999
0.0   -1.6240657567977905
0.0   -1.5943312644958496
0.0   -1.504178524017334
0.0   -1.510474443435669
0.0   -1.500600814819336
0.0   -1.3812568187713623
0.0   -1.5039660930633545
0.0   -1.4650449752807617
0.0   -1.071460247039795
0.0   -1.352901577949524
0.0   -1.477961540222168
0.0   -1.360628366470337
0.0   -1.5151768922805786
0.0   -1.5811140537261963
0.0   -1.4839528799057007
0.0   -1.4739329814910889
1.0   14.514327764511108
1.0   16.230950832366943
1.0   14.781861066818237
1.0   14.27583909034729
1.0   -1.0132476091384888
1.0   16.862547755241394
1.0   13.062531232833862
1.0   21.137866973876953
1.0   16.733783841133118
1.0   0.1731398105621338
1.0   17.213159561157227
1.0   15.110297322273254
1.0   15.240245938301086
1.0   17.184717178344727
1.0   11.200954556465149
1.0   9.89147937297821
1.0   9.069280862808228
1.0   13.382771015167236
1.0   18.513490915298462
1.0   -1.311981201171875
1.0   -0.505131721496582
1.0   -1.5499510765075684
1.0   -1.3584847450256348
0.0   -4.691949129104614
0.0   -4.925681948661804
0.0   -4.8818970918655396
0.0   -4.153712272644043
0.0   -4.963164329528809
0.0   -4.955109119415283
0.0   -4.868605852127075
0.0   -4.976894855499268
0.0   -4.961031079292297
0.0   -4.558748006820679
0.0   -4.945914149284363
0.0   -4.941341280937195
0.0   -4.907212853431702
0.0   -4.970078468322754
0.0   -4.9756104946136475
0.0   -4.38135302066803
0.0   -5.033086180686951
0.0   -4.980063080787659
0.0   -4.897489070892334
0.0   -4.900208473205566
0.0   -4.89323103427887
0.0   -4.720865488052368
0.0   -4.90742564201355
0.0   -4.892692685127258
0.0   -4.10297155380249
0.0   -4.677684426307678
0.0   -4.92516565322876
0.0   -4.72111964225769
0.0   -4.88936722278595
0.0   -5.009386420249939
0.0   -4.905279159545898
0.0   -4.885418176651001
1.0   16.98197567462921
1.0   19.0483717918396
1.0   17.60324990749359
1.0   17.11444067955017
1.0   -4.040634393692017
1.0   19.722358107566833
1.0   14.906448006629944
1.0   24.80208683013916
1.0   19.38304030895233
1.0   -1.2486286163330078
1.0   20.185206413269043
1.0   17.61939150094986
1.0   17.570254921913147
1.0   20.21666145324707
1.0   12.536046743392944
1.0   10.29880678653717
1.0   9.420390486717224
1.0   14.895257472991943
1.0   21.53999137878418
1.0   -4.477252960205078
1.0   -2.8476542234420776
1.0   -4.841606259346008
1.0   -4.519298076629639
0.0   -5.867934226989746
0.0   -6.123195767402649
0.0   -6.069519460201263
0.0   -5.197289407253265
0.0   -6.154638409614563
0.0   -6.152471899986267
0.0   -6.069627642631531
0.0   -6.169345378875732
0.0   -6.1572248339653015
0.0   -5.6869999170303345
0.0   -6.141768276691437
0.0   -6.131611943244934
0.0   -6.10965096950531
0.0   -6.168396592140198
0.0   -6.161664307117462
0.0   -5.48153281211853
0.0   -6.22582483291626
0.0   -6.159929871559143
0.0   -6.097023606300354
0.0   -6.099403977394104
0.0   -6.088826477527618
0.0   -5.882939696311951
0.0   -6.098509907722473
0.0   -6.0929564237594604
0.0   -5.1476691365242
0.0   -5.831306338310242
0.0   -6.121360003948212
0.0   -5.895283818244934
0.0   -6.083700597286224
0.0   -6.198924422264099
0.0   -6.097437918186188
0.0   -6.089963138103485
1.0   17.2433762550354
1.0   20.00353717803955
1.0   18.806636095046997
1.0   18.110430002212524
1.0   -5.1177462339401245
1.0   20.61834216117859
1.0   15.274171471595764
1.0   24.850462675094604
1.0   20.325257778167725
1.0   -1.245058298110962
1.0   20.470295906066895
1.0   18.862021684646606
1.0   18.523109555244446
1.0   20.3994562625885
1.0   12.9329833984375
1.0   10.166123390197754
1.0   9.34363079071045
1.0   15.180242896080017
1.0   21.958347260951996
1.0   -5.623310327529907
1.0   -3.2225064039230347
1.0   -6.0068031549453735
1.0   -5.652409315109253
0.0   -7.740605533123016
0.0   -8.02286148071289
0.0   -7.938408255577087
0.0   -6.942593693733215
0.0   -8.032859206199646
0.0   -8.041239261627197
0.0   -7.955191612243652
0.0   -8.049099683761597
0.0   -8.061542332172394
0.0   -7.534564673900604
0.0   -8.046670913696289
0.0   -8.016567945480347
0.0   -8.002160847187042
0.0   -8.078929364681244
0.0   -8.044191181659698
0.0   -7.302489638328552
0.0   -8.100229024887085
0.0   -8.021187663078308
0.0   -7.97728431224823
0.0   -7.975102066993713
0.0   -7.967288494110107
0.0   -7.742778897285461
0.0   -7.968964576721191
0.0   -7.97753119468689
0.0   -6.907176971435547
0.0   -7.68475341796875
0.0   -8.024769246578217
0.0   -7.7648009061813354
0.0   -7.9530510902404785
0.0   -8.088480472564697
0.0   -7.985857427120209
0.0   -7.976263701915741
1.0   15.131009578704834
1.0   18.315954208374023
1.0   17.404301166534424
1.0   16.55124568939209
1.0   -6.871990442276001
1.0   18.899966716766357
1.0   13.41731071472168
1.0   21.738889694213867
1.0   18.71250057220459
1.0   -2.314999222755432
1.0   18.12959623336792
1.0   17.63013982772827
1.0   17.02767562866211
1.0   17.874351501464844
1.0   11.258110523223877
1.0   8.158292293548584
1.0   7.583295822143555
1.0   13.20369815826416
1.0   19.5289249420166
1.0   -7.427412748336792
1.0   -4.48361611366272
1.0   -7.840195953845978
1.0   -7.442153334617615
0.0   -8.146219372749329
0.0   -8.439875394105911
0.0   -8.336622387170792
0.0   -7.271600067615509
0.0   -8.43720731139183
0.0   -8.452573895454407
0.0   -8.364633351564407
0.0   -8.456400215625763
0.0   -8.477827429771423
0.0   -7.912001669406891
0.0   -8.462915182113647
0.0   -8.424582839012146
0.0   -8.414431929588318
0.0   -8.498683452606201
0.0   -8.451589196920395
0.0   -7.669785022735596
0.0   -8.506301045417786
0.0   -8.419495403766632
0.0   -8.387856483459473
0.0   -8.379198223352432
0.0   -8.375627040863037
0.0   -8.143931984901428
0.0   -8.374313950538635
0.0   -8.387326925992966
0.0   -7.234545111656189
0.0   -8.073549002408981
0.0   -8.440136909484863
0.0   -8.167199313640594
0.0   -8.355240166187286
0.0   -8.49661135673523
0.0   -8.393134951591492
0.0   -8.391283571720123
1.0   16.510688304901123
1.0   20.062679290771484
1.0   19.188902854919434
1.0   18.30356788635254
1.0   -7.06648051738739
1.0   20.722397804260254
1.0   14.628565311431885
1.0   23.48813009262085
1.0   20.426170349121094
1.0   -1.9396185874938965
1.0   19.709615230560303
1.0   19.304608821868896
1.0   18.53169059753418
1.0   19.417519092559814
1.0   12.28035831451416
1.0   8.813795566558838
1.0   8.286373138427734
1.0   14.215940475463867
1.0   21.049860954284668
1.0   -7.796077847480774
1.0   -4.239533424377441
1.0   -8.225521981716156
1.0   -7.810130298137665
0.0   -8.135762989521027
0.0   -8.47866278886795
0.0   -8.357989892363548
0.0   -7.181999832391739
0.0   -8.467871740460396
0.0   -8.47448419034481
0.0   -8.382769525051117
0.0   -8.471210062503815
0.0   -8.51088947057724
0.0   -7.855862319469452
0.0   -8.497336208820343
0.0   -8.447234630584717
0.0   -8.448926001787186
0.0   -8.535628572106361
0.0   -8.472714066505432
0.0   -7.617884874343872
0.0   -8.51031643152237
0.0   -8.4347615391016
0.0   -8.406613647937775
0.0   -8.394812941551208
0.0   -8.395079553127289
0.0   -8.132739812135696
0.0   -8.404759585857391
0.0   -8.42350934445858
0.0   -7.099226236343384
0.0   -8.032722294330597
0.0   -8.474969804286957
0.0   -8.147975474596024
0.0   -8.35194417834282
0.0   -8.511380732059479
0.0   -8.417324006557465
0.0   -8.414541274309158
1.0   19.441306591033936
1.0   23.3033447265625
1.0   22.21799373626709
1.0   21.420276165008545
1.0   -6.832490086555481
1.0   24.05577564239502
1.0   17.170944690704346
1.0   27.655007362365723
1.0   23.580490112304688
1.0   -1.287384033203125
1.0   23.10400676727295
1.0   22.099331378936768
1.0   21.29683542251587
1.0   22.907165050506592
1.0   14.429770946502686
1.0   10.650421619415283
1.0   9.989385604858398
1.0   16.575428009033203
1.0   24.45305109024048
1.0   -7.688499212265015
1.0   -3.6951334476470947
1.0   -8.214597254991531
1.0   -7.701877117156982
0.0   -8.460714280605316
0.0   -8.883651286363602
0.0   -8.707794040441513
0.0   -7.492815941572189
0.0   -8.853570878505707
0.0   -8.829449206590652
0.0   -8.702889680862427
0.0   -8.806745305657387
0.0   -8.884854882955551
0.0   -8.182138860225677
0.0   -8.885689169168472
0.0   -8.797524005174637
0.0   -8.84006443619728
0.0   -8.919740796089172
0.0   -8.843218505382538
0.0   -7.934682250022888
0.0   -8.816952407360077
0.0   -8.760242253541946
0.0   -8.754210382699966
0.0   -8.715992629528046
0.0   -8.731926679611206
0.0   -8.45079556107521
0.0   -8.782840192317963
0.0   -8.791423052549362
0.0   -7.3587557673454285
0.0   -8.346299767494202
0.0   -8.86811788380146
0.0   -8.46787902712822
0.0   -8.659522742033005
0.0   -8.87052434682846
0.0   -8.756291449069977
0.0   -8.76907129585743
1.0   22.308655261993408
1.0   26.387530088424683
1.0   25.062578916549683
1.0   24.375147342681885
1.0   -7.06563925743103
1.0   27.232861518859863
1.0   19.62310552597046
1.0   31.77925992012024
1.0   26.596086502075195
1.0   -1.0427210330963135
1.0   26.41139793395996
1.0   24.632124423980713
1.0   23.877634048461914
1.0   26.34417152404785
1.0   16.417809009552002
1.0   12.244609355926514
1.0   11.504023313522339
1.0   18.801873922348022
1.0   27.765254497528076
1.0   -7.961452007293701
1.0   -3.6508240699768066
1.0   -8.500271022319794
1.0   -7.971687912940979
0.0   -9.04123666882515
0.0   -9.468023270368576
0.0   -9.271862268447876
0.0   -8.024382889270782
0.0   -9.427766621112823
0.0   -9.403492212295532
0.0   -9.275261849164963
0.0   -9.37743854522705
0.0   -9.462870180606842
0.0   -8.7563596367836
0.0   -9.46942937374115
0.0   -9.37043109536171
0.0   -9.420089334249496
0.0   -9.502708584070206
0.0   -9.417012691497803
0.0   -8.501237750053406
0.0   -9.387267172336578
0.0   -9.322806358337402
0.0   -9.322987735271454
0.0   -9.2870754301548
0.0   -9.303638577461243
0.0   -9.020620465278625
0.0   -9.353119671344757
0.0   -9.366380274295807
0.0   -7.8819500207901
0.0   -8.921535581350327
0.0   -9.453795313835144
0.0   -9.046401679515839
0.0   -9.227446138858795
0.0   -9.446307182312012
0.0   -9.330829739570618
0.0   -9.344800978899002
1.0   23.13488459587097
1.0   27.427768230438232
1.0   26.0459303855896
1.0   25.413715839385986
1.0   -7.569228887557983
1.0   28.30030059814453
1.0   20.278862953186035
1.0   33.00536632537842
1.0   27.599348068237305
1.0   -1.2313491106033325
1.0   27.398332357406616
1.0   25.5023512840271
1.0   24.688870429992676
1.0   27.35289216041565
1.0   16.931192874908447
1.0   12.456951141357422
1.0   11.724442958831787
1.0   19.2726411819458
1.0   28.649984121322632
1.0   -8.485829472541809
1.0   -4.007857322692871
1.0   -9.052802443504333
1.0   -8.493331551551819
0.0   -8.719262063503265
0.0   -9.12877893447876
0.0   -8.933363556861877
0.0   -7.699965626001358
0.0   -9.086864560842514
0.0   -9.062742501497269
0.0   -8.944018542766571
0.0   -9.036841988563538
0.0   -9.125229299068451
0.0   -8.435562491416931
0.0   -9.134294331073761
0.0   -9.03027069568634
0.0   -9.083136469125748
0.0   -9.164012551307678
0.0   -9.076121389865875
0.0   -8.191079527139664
0.0   -9.04450398683548
0.0   -8.979176729917526
0.0   -8.981831967830658
0.0   -8.954187154769897
0.0   -8.968538761138916
0.0   -8.689006268978119
0.0   -9.01616483926773
0.0   -9.031685560941696
0.0   -7.554302513599396
0.0   -8.593507707118988
0.0   -9.11769437789917
0.0   -8.72070598602295
0.0   -8.892687022686005
0.0   -9.106047689914703
0.0   -8.994277834892273
0.0   -9.010775864124298
1.0   24.41286540031433
1.0   29.061456203460693
1.0   27.66625452041626
1.0   26.987011909484863
1.0   -7.2298972606658936
1.0   29.966055154800415
1.0   21.460883617401123
1.0   34.593782901763916
1.0   29.147172689437866
1.0   -0.5928988456726074
1.0   28.827672958374023
1.0   27.033771514892578
1.0   26.080202102661133
1.0   28.749716997146606
1.0   18.05275821685791
1.0   13.258130550384521
1.0   12.500626564025879
1.0   20.27259135246277
1.0   30.00762176513672
1.0   -8.123240232467651
1.0   -3.5027148723602295
1.0   -8.71452510356903
1.0   -8.139800876379013
0.0   -8.634285241365433
0.0   -9.04188722372055
0.0   -8.84707260131836
0.0   -7.619242072105408
0.0   -9.000236749649048
0.0   -8.975843906402588
0.0   -8.858297884464264
0.0   -8.950043946504593
0.0   -9.038360118865967
0.0   -8.351455450057983
0.0   -9.047633856534958
0.0   -8.943525195121765
0.0   -8.99665504693985
0.0   -9.076968491077423
0.0   -8.989263236522675
0.0   -8.108770847320557
0.0   -8.957304537296295
0.0   -8.89253830909729
0.0   -8.895151555538177
0.0   -8.868387579917908
0.0   -8.882485687732697
0.0   -8.60377287864685
0.0   -8.930050671100616
0.0   -8.94538626074791
0.0   -7.4725605845451355
0.0   -8.508836150169373
0.0   -9.030957460403442
0.0   -8.635633111000061
0.0   -8.806842893362045
0.0   -9.01902961730957
0.0   -8.907831251621246
0.0   -8.924674689769745
1.0   24.535184144973755
1.0   29.222250938415527
1.0   27.836397409439087
1.0   27.148649215698242
1.0   -7.147542834281921
1.0   30.129812717437744
1.0   21.583048105239868
1.0   34.72509765625
1.0   29.304255962371826
1.0   -0.4820178747177124
1.0   28.95897150039673
1.0   27.205878973007202
1.0   26.228341817855835
1.0   28.873226404190063
1.0   18.1766836643219
1.0   13.348730564117432
1.0   12.593096256256104
1.0   20.376893520355225
1.0   30.130845308303833
1.0   -8.036469459533691
1.0   -3.403351306915283
1.0   -8.629462361335754
1.0   -8.054400563240051
0.0   -8.507087469100952
0.0   -8.912239253520966
0.0   -8.71849536895752
0.0   -7.498386919498444
0.0   -8.871073961257935
0.0   -8.846234738826752
0.0   -8.730227619409561
0.0   -8.820448189973831
0.0   -8.908630788326263
0.0   -8.225453495979309
0.0   -8.91809070110321
0.0   -8.814110398292542
0.0   -8.867510437965393
0.0   -8.946987181901932
0.0   -8.859697818756104
0.0   -7.98503440618515
0.0   -8.827502012252808
0.0   -8.763685405254364
0.0   -8.76601779460907
0.0   -8.740184962749481
0.0   -8.754054725170135
0.0   -8.476618438959122
0.0   -8.801581084728241
0.0   -8.816435903310776
0.0   -7.350877106189728
0.0   -8.382343351840973
0.0   -8.901385843753815
0.0   -8.508449852466583
0.0   -8.67875924706459
0.0   -8.889199376106262
0.0   -8.778737276792526
0.0   -8.796008050441742
1.0   24.670289993286133
1.0   29.40180015563965
1.0   28.02684187889099
1.0   27.32637119293213
1.0   -7.025297164916992
1.0   30.31182336807251
1.0   21.725483894348145
1.0   34.86435532569885
1.0   29.47997760772705
1.0   -0.333789587020874
1.0   29.10226535797119
1.0   27.403628826141357
1.0   26.394853591918945
1.0   29.006965160369873
1.0   18.319552183151245
1.0   13.462959289550781
1.0   12.709794282913208
1.0   20.502208948135376
1.0   30.268648147583008
1.0   -7.909508228302002
1.0   -3.2662826776504517
1.0   -8.502825826406479
1.0   -7.9288429617881775
0.0   -8.379345893859863
0.0   -8.78196507692337
0.0   -8.589332103729248
0.0   -7.377632796764374
0.0   -8.741337656974792
0.0   -8.71606758236885
0.0   -8.601470172405243
0.0   -8.69027829170227
0.0   -8.778268188238144
0.0   -8.098913967609406
0.0   -8.787912338972092
0.0   -8.684090852737427
0.0   -8.737758457660675
0.0   -8.816313832998276
0.0   -8.729538083076477
0.0   -7.86077743768692
0.0   -8.697095036506653
0.0   -8.634252786636353
0.0   -8.636322736740112
0.0   -8.611409604549408
0.0   -8.625059634447098
0.0   -8.34892064332962
0.0   -8.672528982162476
0.0   -8.686788320541382
0.0   -7.229503273963928
0.0   -8.255256056785583
0.0   -8.771169364452362
0.0   -8.380669951438904
0.0   -8.550100266933441
0.0   -8.758778750896454
0.0   -8.649057626724243
0.0   -8.6667160987854
1.0   24.708579540252686
1.0   29.489372491836548
1.0   28.136617183685303
1.0   27.41668462753296
1.0   -6.903863608837128
1.0   30.397470474243164
1.0   21.787331342697144
1.0   34.86024761199951
1.0   29.567036628723145
1.0   -0.1899244785308838
1.0   29.133817434310913
1.0   27.527886152267456
1.0   26.485633373260498
1.0   29.02396011352539
1.0   18.394635438919067
1.0   13.519057273864746
1.0   12.774484395980835
1.0   20.549917221069336
1.0   30.290557384490967
1.0   -7.782772332429886
1.0   -3.13508677482605
1.0   -8.37580218911171
1.0   -7.803118646144867
0.0   -8.277153670787811
0.0   -8.677635282278061
0.0   -8.485912203788757
0.0   -7.281707733869553
0.0   -8.637436032295227
0.0   -8.611825823783875
0.0   -8.498395293951035
0.0   -8.585994899272919
0.0   -8.673915386199951
0.0   -7.9977757930755615
0.0   -8.68372917175293
0.0   -8.579985439777374
0.0   -8.633876979351044
0.0   -8.711722493171692
0.0   -8.625300943851471
0.0   -7.761121988296509
0.0   -8.592617690563202
0.0   -8.530475527048111
0.0   -8.532386302947998
0.0   -8.508276879787445
0.0   -8.521842241287231
0.0   -8.246685296297073
0.0   -8.569198459386826
0.0   -8.582967519760132
0.0   -7.133206367492676
0.0   -8.15365406870842
0.0   -8.666973352432251
0.0   -8.278410613536835
0.0   -8.447098076343536
0.0   -8.6543550491333
0.0   -8.545356333255768
0.0   -8.563223630189896
1.0   24.63709592819214
1.0   29.46388864517212
1.0   28.141149044036865
1.0   27.401424646377563
1.0   -6.808146953582764
1.0   30.367170095443726
1.0   21.753202199935913
1.0   34.70350122451782
1.0   29.5446138381958
1.0   -0.08067834377288818
1.0   29.040999174118042
1.0   27.557445526123047
1.0   26.475863456726074
1.0   28.91360902786255
1.0   18.386888027191162
1.0   13.50162935256958
1.0   12.769141674041748
1.0   20.504882335662842
1.0   30.18489718437195
1.0   -7.681834042072296
1.0   -3.0366592407226562
1.0   -8.274130463600159
1.0   -7.702525317668915
0.0   -8.208156764507294
0.0   -8.606963187456131
0.0   -8.4159215092659
0.0   -7.21753865480423
0.0   -8.56703507900238
0.0   -8.541244596242905
0.0   -8.428689271211624
0.0   -8.515331506729126
0.0   -8.603290170431137
0.0   -7.929236710071564
0.0   -8.612913191318512
0.0   -8.509528696537018
0.0   -8.56354209780693
0.0   -8.640902429819107
0.0   -8.554554671049118
0.0   -7.693850576877594
0.0   -8.521723210811615
0.0   -8.460091143846512
0.0   -8.461987435817719
0.0   -8.438488841056824
0.0   -8.452074319124222
0.0   -8.177385568618774
0.0   -8.499199390411377
0.0   -8.512671172618866
0.0   -7.0687302350997925
0.0   -8.085117161273956
0.0   -8.596449375152588
0.0   -8.209277182817459
0.0   -8.377447783946991
0.0   -8.583639293909073
0.0   -8.475279450416565
0.0   -8.493239134550095
1.0   24.480597019195557
1.0   29.34754180908203
1.0   28.063616275787354
1.0   27.301005840301514
1.0   -6.7443424463272095
1.0   30.244975090026855
1.0   21.640409469604492
1.0   34.42923355102539
1.0   29.432993412017822
1.0   -0.009548187255859375
1.0   28.852581024169922
1.0   27.506081581115723
1.0   26.38568091392517
1.0   28.70376205444336
1.0   18.30985713005066
1.0   13.419921875
1.0   12.697130918502808
1.0   20.382521629333496
1.0   29.978742599487305
1.0   -7.613897621631622
1.0   -2.974969744682312
1.0   -8.205500960350037
1.0   -7.634626805782318
0.0   -8.180920958518982
0.0   -8.578839540481567
0.0   -8.388060808181763
0.0   -7.193648874759674
0.0   -8.538966327905655
0.0   -8.513125777244568
0.0   -8.401100158691406
0.0   -8.487030446529388
0.0   -8.575274676084518
0.0   -7.902369439601898
0.0   -8.584638714790344
0.0   -8.481509655714035
0.0   -8.535617232322693
0.0   -8.612777441740036
0.0   -8.526103913784027
0.0   -7.668002784252167
0.0   -8.493190735578537
0.0   -8.43174734711647
0.0   -8.43380206823349
0.0   -8.410827279090881
0.0   -8.424448400735855
0.0   -8.149523973464966
0.0   -8.471261739730835
0.0   -8.484711855649948
0.0   -7.044633865356445
0.0   -8.0581596493721
0.0   -8.568498492240906
0.0   -8.181889921426773
0.0   -8.349825859069824
0.0   -8.555422484874725
0.0   -8.447611093521118
0.0   -8.465550273656845
1.0   24.243875980377197
1.0   29.14513874053955
1.0   27.905956268310547
1.0   27.117404460906982
1.0   -6.7206737995147705
1.0   30.03541898727417
1.0   21.452073335647583
1.0   34.05113220214844
1.0   29.2396559715271
1.0   0.017278432846069336
1.0   28.57652473449707
1.0   27.3751540184021
1.0   26.221229553222656
1.0   28.40429925918579
1.0   18.165318250656128
1.0   13.274647235870361
1.0   12.560905933380127
1.0   20.18790888786316
1.0   29.68174123764038
1.0   -7.586404234170914
1.0   -2.9570553302764893
1.0   -8.178320705890656
1.0   -7.607279419898987
0.0   -8.194188892841339
0.0   -8.59188437461853
0.0   -8.401053190231323
0.0   -7.208529144525528
0.0   -8.551831424236298
0.0   -8.526168525218964
0.0   -8.414377063512802
0.0   -8.499823838472366
0.0   -8.588474452495575
0.0   -7.915761947631836
0.0   -8.597643852233887
0.0   -8.494619488716125
0.0   -8.548725336790085
0.0   -8.625915855169296
0.0   -8.53883245587349
0.0   -7.682080507278442
0.0   -8.505804002285004
0.0   -8.444230526685715
0.0   -8.44658875465393
0.0   -8.424057066440582
0.0   -8.437759041786194
0.0   -8.162065744400024
0.0   -8.484113067388535
0.0   -8.497755348682404
0.0   -7.059600472450256
0.0   -8.071549117565155
0.0   -8.581533879041672
0.0   -8.194946348667145
0.0   -8.363022536039352
0.0   -8.568404406309128
0.0   -8.461048513650894
0.0   -8.478864341974258
1.0   23.941593170166016
1.0   28.871195316314697
1.0   27.682207107543945
1.0   26.866018295288086
1.0   -6.735809683799744
1.0   29.752431869506836
1.0   21.19985008239746
1.0   33.588345527648926
1.0   28.975263595581055
1.0   0.002513885498046875
1.0   28.2284255027771
1.0   27.179201126098633
1.0   25.990050792694092
1.0   28.029099941253662
1.0   17.964600086212158
1.0   13.076164722442627
1.0   12.375096321105957
1.0   19.933435440063477
1.0   29.31079936027527
1.0   -7.598538786172867
1.0   -2.98075795173645
1.0   -8.191324949264526
1.0   -7.619162768125534
0.0   -8.245574533939362
0.0   -8.643791675567627
0.0   -8.45246011018753
0.0   -7.26031368970871
0.0   -8.603333413600922
0.0   -8.578030109405518
0.0   -8.46616142988205
0.0   -8.551340758800507
0.0   -8.640557289123535
0.0   -7.967441380023956
0.0   -8.649595558643341
0.0   -8.54652515053749
0.0   -8.600545167922974
0.0   -8.678077608346939
0.0   -8.590345412492752
0.0   -7.734116733074188
0.0   -8.557159692049026
0.0   -8.4950590133667
0.0   -8.497990876436234
0.0   -8.475840657949448
0.0   -8.489643961191177
0.0   -8.212559282779694
0.0   -8.535439163446426
0.0   -8.549462646245956
0.0   -7.111456990242004
0.0   -8.123011291027069
0.0   -8.633525907993317
0.0   -8.246214509010315
0.0   -8.414705097675323
0.0   -8.62026458978653
0.0   -8.513269394636154
0.0   -8.530897349119186
1.0   23.5816011428833
1.0   28.53534746170044
1.0   27.39957904815674
1.0   26.558647632598877
1.0   -6.78734028339386
1.0   29.40757942199707
1.0   20.892961978912354
1.0   33.05034255981445
1.0   28.64990758895874
1.0   -0.05023336410522461
1.0   27.816683769226074
1.0   26.92854404449463
1.0   25.700494289398193
1.0   27.591143131256104
1.0   17.718113899230957
1.0   12.829759120941162
1.0   12.144609928131104
1.0   19.622448921203613
1.0   28.875293731689453
1.0   -7.647302657365799
1.0   -3.0414987802505493
1.0   -8.242189556360245
1.0   -7.66769003868103
0.0   -8.323238790035248
0.0   -8.722442746162415
0.0   -8.530602514743805
0.0   -7.337329983711243
0.0   -8.681470334529877
0.0   -8.656613826751709
0.0   -8.544440120458603
0.0   -8.629616558551788
0.0   -8.719439834356308
0.0   -8.04532539844513
0.0   -8.728314280509949
0.0   -8.625190138816833
0.0   -8.67905569076538
0.0   -8.756891995668411
0.0   -8.668598294258118
0.0   -7.812361031770706
0.0   -8.635313808918
0.0   -8.572550356388092
0.0   -8.576040893793106
0.0   -8.554135262966156
0.0   -8.568196833133698
0.0   -8.289181411266327
0.0   -8.613324016332626
0.0   -8.627845048904419
0.0   -7.189247488975525
0.0   -8.200773179531097
0.0   -8.712263375520706
0.0   -8.323714971542358
0.0   -8.492914706468582
0.0   -8.698940575122833
0.0   -8.592311203479767
0.0   -8.609508395195007
1.0   23.198580741882324
1.0   28.17474126815796
1.0   27.083781242370605
1.0   26.222898483276367
1.0   -6.86404550075531
1.0   29.034724235534668
1.0   20.556849479675293
1.0   32.48382377624512
1.0   28.298644065856934
1.0   -0.13397467136383057
1.0   27.378835201263428
1.0   26.64678144454956
1.0   25.38043785095215
1.0   27.12661600112915
1.0   17.444045066833496
1.0   12.555938243865967
1.0   11.888679504394531
1.0   19.281351566314697
1.0   28.409273147583008
1.0   -7.722397595643997
1.0   -3.1297860145568848
1.0   -8.319366812705994
1.0   -7.742568135261536
0.0   -8.433494687080383
0.0   -8.834654808044434
0.0   -8.641851842403412
0.0   -7.445514053106308
0.0   -8.792832463979721
0.0   -8.76865205168724
0.0   -8.655955135822296
0.0   -8.741317570209503
0.0   -8.831940293312073
0.0   -8.155667901039124
0.0   -8.840621531009674
0.0   -8.737344145774841
0.0   -8.791037559509277
0.0   -8.869193464517593
0.0   -8.780301690101624
0.0   -7.9227452874183655
0.0   -8.746875166893005
0.0   -8.683154463768005
0.0   -8.687405735254288
0.0   -8.665680468082428
0.0   -8.680022060871124
0.0   -8.398468881845474
0.0   -8.724463284015656
0.0   -8.739597916603088
0.0   -7.297740399837494
0.0   -8.31114587187767
0.0   -8.82462340593338
0.0   -8.43387508392334
0.0   -8.60428038239479
0.0   -8.81117558479309
0.0   -8.704803228378296
0.0   -8.721533954143524
1.0   22.78730535507202
1.0   27.775695323944092
1.0   26.72740411758423
1.0   25.849297523498535
1.0   -6.971743583679199
1.0   28.621578693389893
1.0   20.190921306610107
1.0   31.87932777404785
1.0   27.909350395202637
1.0   -0.2503547668457031
1.0   26.911712646484375
1.0   26.323997497558594
1.0   25.02334213256836
1.0   26.62631130218506
1.0   17.137617588043213
1.0   12.251340866088867
1.0   11.605268001556396
1.0   18.90813636779785
1.0   27.907187461853027
1.0   -7.829288959503174
1.0   -3.2503706216812134
1.0   -8.429200619459152
1.0   -7.849149465560913
0.0   -8.446971207857132
0.0   -8.84833699464798
0.0   -8.655431538820267
0.0   -7.458667635917664
0.0   -8.806412890553474
0.0   -8.782307028770447
0.0   -8.669537723064423
0.0   -8.754941880702972
0.0   -8.845668286085129
0.0   -8.169110417366028
0.0   -8.854324579238892
0.0   -8.751021057367325
0.0   -8.804680526256561
0.0   -8.882890939712524
0.0   -8.793939977884293
0.0   -7.936146438121796
0.0   -8.760508447885513
0.0   -8.696660041809082
0.0   -8.700987696647644
0.0   -8.679275780916214
0.0   -8.693656861782074
0.0   -8.411828994750977
0.0   -8.738024771213531
0.0   -8.753229171037674
0.0   -7.310941159725189
0.0   -8.324590027332306
0.0   -8.838314324617386
0.0   -8.447314977645874
0.0   -8.61784815788269
0.0   -8.824870109558105
0.0   -8.71851372718811
0.0   -8.735169529914856
1.0   22.745141983032227
1.0   27.734875679016113
1.0   26.690625190734863
1.0   25.811620712280273
1.0   -6.984776973724365
1.0   28.579206466674805
1.0   20.153234004974365
1.0   31.818114280700684
1.0   27.8693790435791
1.0   -0.2644996643066406
1.0   26.864322185516357
1.0   26.29015874862671
1.0   24.986433506011963
1.0   26.57538414001465
1.0   17.105636596679688
1.0   12.219056129455566
1.0   11.575586795806885
1.0   18.86921262741089
1.0   27.855856895446777
1.0   -7.842437773942947
1.0   -3.26485276222229
1.0   -8.44258064031601
1.0   -7.862196087837219
0.0   -8.463594555854797
0.0   -8.865249454975128
0.0   -8.672199189662933
0.0   -7.474708795547485
0.0   -8.823215574026108
0.0   -8.79919546842575
0.0   -8.686333745718002
0.0   -8.771778613328934
0.0   -8.86263245344162
0.0   -8.185638546943665
0.0   -8.871270060539246
0.0   -8.767912805080414
0.0   -8.821546614170074
0.0   -8.899840354919434
0.0   -8.810804814100266
0.0   -7.952555358409882
0.0   -8.777337312698364
0.0   -8.713346183300018
0.0   -8.717751771211624
0.0   -8.696074306964874
0.0   -8.710479527711868
0.0   -8.428323566913605
0.0   -8.754763081669807
0.0   -8.770066380500793
0.0   -7.327040195465088
0.0   -8.341177493333817
0.0   -8.855250000953674
0.0   -8.463912963867188
0.0   -8.634606510400772
0.0   -8.841798305511475
0.0   -8.735449433326721
0.0   -8.752018243074417
1.0   22.69922685623169
1.0   27.689258098602295
1.0   26.64869260787964
1.0   25.76873016357422
1.0   -7.0006855726242065
1.0   28.531734466552734
1.0   20.111553192138672
1.0   31.752351760864258
1.0   27.82402229309082
1.0   -0.28147709369659424
1.0   26.812671184539795
1.0   26.2516450881958
1.0   24.945014476776123
1.0   26.52040195465088
1.0   17.069766998291016
1.0   12.183657169342041
1.0   11.54310655593872
1.0   18.82689094543457
1.0   27.800164222717285
1.0   -7.858398824930191
1.0   -3.2822872400283813
1.0   -8.459066569805145
1.0   -7.878101795911789
0.0   -8.481494426727295
0.0   -8.883492976427078
0.0   -8.690288603305817
0.0   -7.492081165313721
0.0   -8.841329261660576
0.0   -8.817409634590149
0.0   -8.704445719718933
0.0   -8.789932787418365
0.0   -8.880920886993408
0.0   -8.203509211540222
0.0   -8.88954308629036
0.0   -8.786119997501373
0.0   -8.83974277973175
0.0   -8.918117702007294
0.0   -8.828983843326569
0.0   -7.97033217549324
0.0   -8.795510411262512
0.0   -8.731360495090485
0.0   -8.735865712165833
0.0   -8.714174062013626
0.0   -8.728632152080536
0.0   -8.446129262447357
0.0   -8.772838398814201
0.0   -8.788223177194595
0.0   -7.344557195901871
0.0   -8.359072268009186
0.0   -8.873505592346191
0.0   -8.481800079345703
0.0   -8.6526740193367
0.0   -8.860047936439514
0.0   -8.753706812858582
0.0   -8.770208418369293
1.0   22.653185844421387
1.0   27.644067764282227
1.0   26.607248306274414
1.0   25.72624969482422
1.0   -7.0179861187934875
1.0   28.48462724685669
1.0   20.069997787475586
1.0   31.687774658203125
1.0   27.779181003570557
1.0   -0.2998197078704834
1.0   26.761443614959717
1.0   26.213175773620605
1.0   24.90373468399048
1.0   26.466188430786133
1.0   17.033299922943115
1.0   12.148168563842773
1.0   11.510198593139648
1.0   18.7847957611084
1.0   27.74510622024536
1.0   -7.875789552927017
1.0   -3.300947904586792
1.0   -8.476894974708557
1.0   -7.895428508520126
0.0   -8.502151072025299
0.0   -8.904492974281311
0.0   -8.711084336042404
0.0   -7.512030065059662
0.0   -8.862191438674927
0.0   -8.838366210460663
0.0   -8.725293308496475
0.0   -8.810880035161972
0.0   -8.901964783668518
0.0   -8.224084824323654
0.0   -8.910580813884735
0.0   -8.807098537683487
0.0   -8.860672771930695
0.0   -8.939178317785263
0.0   -8.849934101104736
0.0   -7.990732967853546
0.0   -8.816429764032364
0.0   -8.75209492444992
0.0   -8.756751209497452
0.0   -8.73504251241684
0.0   -8.749553889036179
0.0   -8.46666705608368
0.0   -8.79363465309143
0.0   -8.809122204780579
0.0   -7.3645583391189575
0.0   -8.379676163196564
0.0   -8.894523680210114
0.0   -8.502421826124191
0.0   -8.673517674207687
0.0   -8.88104996085167
0.0   -8.774715662002563
0.0   -8.791159451007843
1.0   22.6065673828125
1.0   27.597373962402344
1.0   26.564026355743408
1.0   25.68196201324463
1.0   -7.0378029346466064
1.0   28.43641185760498
1.0   20.027513027191162
1.0   31.622847080230713
1.0   27.73314142227173
1.0   -0.3207894563674927
1.0   26.70942449569702
1.0   26.17281723022461
1.0   24.86135768890381
1.0   26.41130542755127
1.0   16.995963096618652
1.0   12.111418724060059
1.0   11.476310729980469
1.0   18.741650581359863
1.0   27.68902349472046
1.0   -7.895786166191101
1.0   -3.3224661350250244
1.0   -8.49744164943695
1.0   -7.9153575003147125
0.0   -8.52440893650055
0.0   -8.927193343639374
0.0   -8.733589887619019
0.0   -7.533508062362671
0.0   -8.88474790751934
0.0   -8.861023247241974
0.0   -8.747812926769257
0.0   -8.833478331565857
0.0   -8.924719870090485
0.0   -8.246252059936523
0.0   -8.933312684297562
0.0   -8.829765737056732
0.0   -8.883308112621307
0.0   -8.961928397417068
0.0   -8.872588872909546
0.0   -8.012704074382782
0.0   -8.839059352874756
0.0   -8.774515211582184
0.0   -8.77928102016449
0.0   -8.757558822631836
0.0   -8.772142171859741
0.0   -8.4888134598732
0.0   -8.8161241710186
0.0   -8.831717789173126
0.0   -7.386021137237549
0.0   -8.401890218257904
0.0   -8.917240232229233
0.0   -8.524659395217896
0.0   -8.69600760936737
0.0   -8.903751641511917
0.0   -8.797412157058716
0.0   -8.813779771327972
1.0   22.55491876602173
1.0   27.544044494628906
1.0   26.514223098754883
1.0   25.63195037841797
1.0   -7.059114694595337
1.0   28.381303310394287
1.0   19.980392456054688
1.0   31.55113458633423
1.0   27.680649280548096
1.0   -0.34377801418304443
1.0   26.65165662765503
1.0   26.126508712768555
1.0   24.813329696655273
1.0   26.350884914398193
1.0   16.95420789718628
1.0   12.07143497467041
1.0   11.439735412597656
1.0   18.694583415985107
1.0   27.627978324890137
1.0   -7.917329847812653
1.0   -3.3455837965011597
1.0   -8.519633442163467
1.0   -7.936861574649811
0.0   -8.54832661151886
0.0   -8.951523214578629
0.0   -8.75773274898529
0.0   -7.556561917066574
0.0   -8.908928602933884
0.0   -8.885313123464584
0.0   -8.771964430809021
0.0   -8.857730209827423
0.0   -8.949100971221924
0.0   -8.27008056640625
0.0   -8.957700997591019
0.0   -8.854069024324417
0.0   -8.90758502483368
0.0   -8.986304730176926
0.0   -8.896862745285034
0.0   -8.036280393600464
0.0   -8.863317608833313
0.0   -8.798572540283203
0.0   -8.803443729877472
0.0   -8.781732708215714
0.0   -8.796356201171875
0.0   -8.512589693069458
0.0   -8.840247705578804
0.0   -8.855963289737701
0.0   -7.409018367528915
0.0   -8.425738900899887
0.0   -8.941610455513
0.0   -8.548549175262451
0.0   -8.720129907131195
0.0   -8.928098320960999
0.0   -8.821771293878555
0.0   -8.838030993938446
1.0   22.507593154907227
1.0   27.49643898010254
1.0   26.469943046569824
1.0   25.58755397796631
1.0   -7.081843972206116
1.0   28.331734657287598
1.0   19.936884880065918
1.0   31.485756397247314
1.0   27.63325309753418
1.0   -0.36699342727661133
1.0   26.599166870117188
1.0   26.084752082824707
1.0   24.76964521408081
1.0   26.295551300048828
1.0   16.91555166244507
1.0   12.03337574005127
1.0   11.404495239257812
1.0   18.65015411376953
1.0   27.571621894836426
1.0   -7.940179288387299
1.0   -3.3693082332611084
1.0   -8.54338937997818
1.0   -7.9596962332725525
0.0   -8.572953224182129
0.0   -8.976633429527283
0.0   -8.782576739788055
0.0   -7.580416262149811
0.0   -8.933867067098618
0.0   -8.910381972789764
0.0   -8.796833157539368
0.0   -8.882742196321487
0.0   -8.974260568618774
0.0   -8.294705986976624
0.0   -8.982848852872849
0.0   -8.879123836755753
0.0   -8.93261468410492
0.0   -9.011452943086624
0.0   -8.921877473592758
0.0   -8.060646384954453
0.0   -8.888307094573975
0.0   -8.823334723711014
0.0   -8.828367471694946
0.0   -8.806653439998627
0.0   -8.821288526058197
0.0   -8.537056982517242
0.0   -8.865115582942963
0.0   -8.880945146083832
0.0   -7.432900995016098
0.0   -8.45035046339035
0.0   -8.966756045818329
0.0   -8.573145389556885
0.0   -8.7450070977211
0.0   -8.95321336388588
0.0   -8.846874922513962
0.0   -8.86304572224617
1.0   22.457953453063965
1.0   27.445824146270752
1.0   26.42301893234253
1.0   25.540705680847168
1.0   -7.105522871017456
1.0   28.279515266418457
1.0   19.891156673431396
1.0   31.417607307434082
1.0   27.58332347869873
1.0   -0.3913794755935669
1.0   26.543999195098877
1.0   26.040325164794922
1.0   24.723633766174316
1.0   26.237651348114014
1.0   16.874919414520264
1.0   11.993544578552246
1.0   11.36764144897461
1.0   18.604049682617188
1.0   27.51236343383789
1.0   -7.9640262722969055
1.0   -3.394352436065674
1.0   -8.567888528108597
1.0   -7.983475863933563
0.0   -8.598288893699646
0.0   -9.00245189666748
0.0   -8.808157801628113
0.0   -7.60478001832962
0.0   -8.959523543715477
0.0   -8.936141312122345
0.0   -8.822429090738297
0.0   -8.908446669578552
0.0   -9.000126898288727
0.0   -8.319940507411957
0.0   -9.008690625429153
0.0   -8.904894471168518
0.0   -8.958351641893387
0.0   -9.037332445383072
0.0   -8.947634935379028
0.0   -8.085573226213455
0.0   -8.914027631282806
0.0   -8.848823428153992
0.0   -8.854000836610794
0.0   -8.832264125347137
0.0   -8.846970736980438
0.0   -8.562262058258057
0.0   -8.890694946050644
0.0   -8.906646132469177
0.0   -7.457337021827698
0.0   -8.475616812705994
0.0   -8.992587685585022
0.0   -8.598447144031525
0.0   -8.770579278469086
0.0   -8.979036003351212
0.0   -8.872676491737366
0.0   -8.888754427433014
1.0   22.405611038208008
1.0   27.392041206359863
1.0   26.3724422454834
1.0   25.49056625366211
1.0   -7.129745841026306
1.0   28.223941802978516
1.0   19.842735767364502
1.0   31.345622062683105
1.0   27.53018856048584
1.0   -0.4169638156890869
1.0   26.48569917678833
1.0   25.992908477783203
1.0   24.674802780151367
1.0   26.17659091949463
1.0   16.831881523132324
1.0   11.952085018157959
1.0   11.329526424407959
1.0   18.5554780960083
1.0   27.45113468170166
1.0   -7.988517910242081
1.0   -3.4202150106430054
1.0   -8.593113750219345
1.0   -8.007934361696243
0.0   -8.624598026275635
0.0   -9.029242783784866
0.0   -8.834732174873352
0.0   -7.630051970481873
0.0   -8.986154317855835
0.0   -8.962915539741516
0.0   -8.849007964134216
0.0   -8.93517091870308
0.0   -9.026983857154846
0.0   -8.346087515354156
0.0   -9.035524174571037
0.0   -8.931663066148758
0.0   -8.985064446926117
0.0   -9.06419625878334
0.0   -8.97438058257103
0.0   -8.11144694685936
0.0   -8.940772950649261
0.0   -8.875320553779602
0.0   -8.880652844905853
0.0   -8.85887336730957
0.0   -8.873661428689957
0.0   -8.58846029639244
0.0   -8.917219579219818
0.0   -8.93330866098404
0.0   -7.482639133930206
0.0   -8.501882493495941
0.0   -9.019389942288399
0.0   -8.624727755784988
0.0   -8.797163665294647
0.0   -9.005847096443176
0.0   -8.899496883153915
0.0   -8.915461301803589
1.0   22.3532772064209
1.0   27.33845043182373
1.0   26.322285175323486
1.0   25.44096279144287
1.0   -7.154693007469177
1.0   28.168713569641113
1.0   19.794071197509766
1.0   31.274394989013672
1.0   27.477301597595215
1.0   -0.4433997869491577
1.0   26.427561283111572
1.0   25.94569683074951
1.0   24.62597417831421
1.0   26.116041660308838
1.0   16.78852939605713
1.0   11.910635948181152
1.0   11.290887355804443
1.0   18.507237434387207
1.0   27.389219284057617
1.0   -8.013899803161621
1.0   -3.4470434188842773
1.0   -8.61933696269989
1.0   -8.033281743526459
0.0   -8.651768028736115
0.0   -9.056897461414337
0.0   -8.862150460481644
0.0   -7.656171381473541
0.0   -9.013620600104332
0.0   -8.990520149469376
0.0   -8.87643650174141
0.0   -8.962717294692993
0.0   -9.054702401161194
0.0   -8.37318029999733
0.0   -9.063206166028976
0.0   -8.959273934364319
0.0   -9.012647479772568
0.0   -9.091921761631966
0.0   -9.001953214406967
0.0   -8.138239741325378
0.0   -8.968309998512268
0.0   -8.902631402015686
0.0   -8.908087521791458
0.0   -8.886323928833008
0.0   -8.90115076303482
0.0   -8.61546790599823
0.0   -8.944602191448212
0.0   -8.96085011959076
0.0   -7.508869230747223
0.0   -8.528998494148254
0.0   -9.04708731174469
0.0   -8.651853770017624
0.0   -8.824557602405548
0.0   -9.033509105443954
0.0   -8.927166640758514
0.0   -8.942991852760315
1.0   22.297597408294678
1.0   27.28116273880005
1.0   26.268646717071533
1.0   25.387403964996338
1.0   -7.180604696273804
1.0   28.10993480682373
1.0   19.742976665496826
1.0   31.198843479156494
1.0   27.42060089111328
1.0   -0.47084176540374756
1.0   26.365565299987793
1.0   25.89516258239746
1.0   24.574464797973633
1.0   26.051703453063965
1.0   16.742844581604004
1.0   11.866871356964111
1.0   11.250258445739746
1.0   18.45627212524414
1.0   27.323890686035156
1.0   -8.040173351764679
1.0   -3.4748297929763794
1.0   -8.64630189538002
1.0   -8.059475421905518
