0.0   3.1320228576660156
0.0   3.151906132698059
0.0   3.1784039735794067
0.0   3.2090742588043213
0.0   3.020560622215271
0.0   3.1931304335594177
0.0   3.047194480895996
0.0   3.284896671772003
0.0   3.0876299142837524
0.0   3.017743945121765
0.0   3.008585214614868
0.0   3.242344379425049
1.0   8.682981252670288
1.0   6.919148206710815
1.0   3.035832643508911
1.0   11.832731008529663
1.0   13.4696946144104
1.0   3.7331223487854004
1.0   6.531100511550903
1.0   3.253567337989807
1.0   5.904612898826599
1.0   4.000672399997711
1.0   7.3154057264328
1.0   3.676733911037445
1.0   5.428359866142273
1.0   2.9627380967140198
1.0   9.54257082939148
1.0   9.00615644454956
1.0   3.164159893989563
1.0   6.8605722188949585
1.0   6.272667288780212
1.0   13.223215103149414
0.0   -1.1864667534828186
0.0   -1.155495524406433
0.0   -1.1592025756835938
0.0   -1.177462100982666
0.0   -1.2623752355575562
0.0   -1.2195779085159302
0.0   -1.2510998249053955
0.0   -1.1434552669525146
0.0   -1.1590021848678589
0.0   -1.2588143348693848
0.0   -1.2684274911880493
0.0   -1.1786125898361206
1.0   8.795654535293579
1.0   7.316146969795227
1.0   -0.9746229648590088
1.0   13.37860518693924
1.0   14.371583864092827
1.0   -0.012324333190917969
1.0   4.442947626113892
1.0   -1.168424129486084
1.0   3.231682300567627
1.0   0.829796552658081
1.0   7.498584985733032
1.0   -0.20422708988189697
1.0   3.5448787212371826
1.0   -0.9110383987426758
1.0   10.321665793657303
1.0   10.64617145061493
1.0   -0.6167690753936768
1.0   6.108191013336182
1.0   5.530917644500732
1.0   16.89879024028778
0.0   -4.518216371536255
0.0   -4.4781352281570435
0.0   -4.513680458068848
0.0   -4.572675943374634
0.0   -4.560193240642548
0.0   -4.63937520980835
0.0   -4.561731815338135
0.0   -4.577215671539307
0.0   -4.420458793640137
0.0   -4.559514403343201
0.0   -4.5634050369262695
0.0   -4.615938425064087
1.0   9.87744951248169
1.0   8.505249261856079
1.0   -4.084986925125122
1.0   17.223515152931213
1.0   15.739749073982239
1.0   -2.8141878843307495
1.0   3.1760730743408203
1.0   -4.5995131731033325
1.0   1.4420585632324219
1.0   -1.466423511505127
1.0   8.085204362869263
1.0   -3.0919326543807983
1.0   2.418692111968994
1.0   -3.807198643684387
1.0   11.735453605651855
1.0   14.22596874833107
1.0   -3.440406560897827
1.0   6.497997522354126
1.0   5.738858461380005
1.0   22.71416974067688
0.0   -5.281494289636612
0.0   -5.238392233848572
0.0   -5.278434693813324
0.0   -5.342916011810303
0.0   -5.310785353183746
0.0   -5.417796492576599
0.0   -5.321078658103943
0.0   -5.373487144708633
0.0   -5.161984294652939
0.0   -5.312739580869675
0.0   -5.316656559705734
0.0   -5.373614579439163
1.0   11.979182958602905
1.0   9.94735872745514
1.0   -4.725930273532867
1.0   21.034997820854187
1.0   19.442363739013672
1.0   -2.9751663208007812
1.0   4.210631847381592
1.0   -5.392393738031387
1.0   2.0214362144470215
1.0   -1.386023759841919
1.0   10.580156803131104
1.0   -3.3189069032669067
1.0   3.9237582683563232
1.0   -4.188539624214172
1.0   14.134593844413757
1.0   17.47647202014923
1.0   -3.750537931919098
1.0   8.569448947906494
1.0   7.729509592056274
1.0   26.475229263305664
0.0   -5.272456765174866
0.0   -5.251769721508026
0.0   -5.238934755325317
0.0   -5.314751356840134
0.0   -5.4108471274375916
0.0   -5.362173974514008
0.0   -5.383894622325897
0.0   -5.396599620580673
0.0   -5.289614200592041
0.0   -5.347077280282974
0.0   -5.335322678089142
0.0   -5.265840947628021
1.0   12.677677392959595
1.0   9.448078155517578
1.0   -4.68807852268219
1.0   21.0332248210907
1.0   19.936620831489563
1.0   -2.6998374462127686
1.0   4.642312526702881
1.0   -5.392817258834839
1.0   2.354933500289917
1.0   -0.9977083206176758
1.0   11.574942588806152
1.0   -3.0025980472564697
1.0   4.832884311676025
1.0   -4.067439675331116
1.0   13.816569805145264
1.0   17.41921705007553
1.0   -3.5327728390693665
1.0   9.283437252044678
1.0   8.456011772155762
1.0   24.912616580724716
0.0   -5.4356324672698975
0.0   -5.415439069271088
0.0   -5.400337517261505
0.0   -5.464217662811279
0.0   -5.574163466691971
0.0   -5.496621191501617
0.0   -5.554540753364563
0.0   -5.574882447719574
0.0   -5.467792868614197
0.0   -5.510664761066437
0.0   -5.492652624845505
0.0   -5.396228790283203
1.0   12.982725620269775
1.0   9.298799514770508
1.0   -4.78406548500061
1.0   20.784553289413452
1.0   19.446794509887695
1.0   -2.717617988586426
1.0   4.623128890991211
1.0   -5.557765334844589
1.0   2.376737117767334
1.0   -0.9445691108703613
1.0   11.808011770248413
1.0   -2.988066077232361
1.0   5.157594680786133
1.0   -4.091039538383484
1.0   13.19519853591919
1.0   17.233356952667236
1.0   -3.5613279342651367
1.0   9.396978378295898
1.0   8.648447036743164
1.0   23.815651416778564
0.0   -5.616237312555313
0.0   -5.598837271332741
0.0   -5.575035780668259
0.0   -5.525910496711731
0.0   -5.702936440706253
0.0   -5.50707483291626
0.0   -5.703912168741226
0.0   -5.757925361394882
0.0   -5.561251908540726
0.0   -5.64177605509758
0.0   -5.653339087963104
0.0   -5.476123780012131
1.0   13.499996662139893
1.0   9.719697952270508
1.0   -4.773480653762817
1.0   21.224010467529297
1.0   19.25514507293701
1.0   -2.7009180784225464
1.0   4.686720371246338
1.0   -5.703544229269028
1.0   2.4721014499664307
1.0   -0.830883264541626
1.0   12.117095470428467
1.0   -2.956206202507019
1.0   5.455513954162598
1.0   -4.035340785980225
1.0   13.197431564331055
1.0   17.735929489135742
1.0   -3.5419814586639404
1.0   9.62311577796936
1.0   9.031259775161743
1.0   24.178562879562378
0.0   -5.318851321935654
0.0   -5.321213990449905
0.0   -5.3025429248809814
0.0   -5.138542711734772
0.0   -5.312289386987686
0.0   -5.105282306671143
0.0   -5.329525589942932
0.0   -5.3884091675281525
0.0   -5.194520950317383
0.0   -5.260187715291977
0.0   -5.307645499706268
0.0   -5.1086010336875916
1.0   13.700847625732422
1.0   9.915123462677002
1.0   -4.451472759246826
1.0   21.230104446411133
1.0   19.06360149383545
1.0   -2.4147589206695557
1.0   4.8972272872924805
1.0   -5.32895427942276
1.0   2.6677846908569336
1.0   -0.5709764957427979
1.0   12.23003625869751
1.0   -2.664524555206299
1.0   5.642306804656982
1.0   -3.7341372966766357
1.0   12.990656852722168
1.0   17.81052303314209
1.0   -3.281146287918091
1.0   9.67609453201294
1.0   9.280398845672607
1.0   24.202912092208862
0.0   -4.3604350090026855
0.0   -4.3661041259765625
0.0   -4.33458399772644
0.0   -4.161772906780243
0.0   -4.3509087562561035
0.0   -4.1127307415008545
0.0   -4.364105820655823
0.0   -4.385748505592346
0.0   -4.26745218038559
0.0   -4.30563747882843
0.0   -4.355114102363586
0.0   -4.118685245513916
1.0   14.586122989654541
1.0   10.686801433563232
1.0   -3.5681947469711304
1.0   22.020668745040894
1.0   20.049771785736084
1.0   -1.5312418937683105
1.0   5.748664379119873
1.0   -4.338525772094727
1.0   3.4950952529907227
1.0   0.2650296688079834
1.0   13.072900295257568
1.0   -1.747499704360962
1.0   6.440644979476929
1.0   -2.8847694396972656
1.0   13.592723369598389
1.0   18.55441641807556
1.0   -2.409987688064575
1.0   10.49223279953003
1.0   10.1878080368042
1.0   24.975045919418335
0.0   -3.5410295128822327
0.0   -3.545010566711426
0.0   -3.505091905593872
0.0   -3.3271464109420776
0.0   -3.526432156562805
0.0   -3.2672526836395264
0.0   -3.53707218170166
0.0   -3.533542513847351
0.0   -3.46773099899292
0.0   -3.483064889907837
0.0   -3.530717194080353
0.0   -3.2705137729644775
1.0   15.419241666793823
1.0   11.465542316436768
1.0   -2.805958390235901
1.0   22.97731250524521
1.0   21.378102779388428
1.0   -0.7043755054473877
1.0   6.594419002532959
1.0   -3.486255407333374
1.0   4.3221001625061035
1.0   1.0700836181640625
1.0   14.037641525268555
1.0   -0.9109287261962891
1.0   7.317680358886719
1.0   -2.1167162656784058
1.0   14.45250403881073
1.0   19.418793201446533
1.0   -1.6091657876968384
1.0   11.40157961845398
1.0   11.11288571357727
1.0   25.955907464027405
0.0   -3.4550739526748657
0.0   -3.458832621574402
0.0   -3.418377935886383
0.0   -3.2390159368515015
0.0   -3.4396958351135254
0.0   -3.178241014480591
0.0   -3.4503737688064575
0.0   -3.44374942779541
0.0   -3.3833950757980347
0.0   -3.3965550661087036
0.0   -3.443816065788269
0.0   -3.1811680793762207
1.0   15.708513259887695
1.0   11.727591514587402
1.0   -2.7252490520477295
1.0   23.42288827896118
1.0   21.808241844177246
1.0   -0.5876717567443848
1.0   6.797432899475098
1.0   -3.3967490196228027
1.0   4.491980791091919
1.0   1.1917564868927002
1.0   14.323421359062195
1.0   -0.7988262176513672
1.0   7.521808862686157
1.0   -2.0298192501068115
1.0   14.768711686134338
1.0   19.829023838043213
1.0   -1.5121088027954102
1.0   11.66852593421936
1.0   11.360042572021484
1.0   26.480844378471375
0.0   -3.356812596321106
0.0   -3.3601250648498535
0.0   -3.3195836544036865
0.0   -3.1387462615966797
0.0   -3.341479182243347
0.0   -3.076955795288086
0.0   -3.3519625663757324
0.0   -3.341782808303833
0.0   -3.286964535713196
0.0   -3.298385739326477
0.0   -3.345386266708374
0.0   -3.0793377161026
1.0   16.045940160751343
1.0   12.047912836074829
1.0   -2.6313477754592896
1.0   23.95935606956482
1.0   22.3139808177948
1.0   -0.45418882369995117
1.0   7.03210186958313
1.0   -3.295023500919342
1.0   4.6888275146484375
1.0   1.3307247161865234
1.0   14.659329414367676
1.0   -0.6705019474029541
1.0   7.761867046356201
1.0   -1.9303786754608154
1.0   15.16003692150116
1.0   20.32342505455017
1.0   -1.3996284008026123
1.0   11.988152503967285
1.0   11.651957154273987
1.0   27.13649147748947
0.0   -3.2821540236473083
0.0   -3.2851011157035828
0.0   -3.2442148327827454
0.0   -3.063110828399658
0.0   -3.2667187452316284
0.0   -3.0004427433013916
0.0   -3.276552975177765
0.0   -3.264556407928467
0.0   -3.2140867710113525
0.0   -3.223360538482666
0.0   -3.270354390144348
0.0   -3.00234055519104
1.0   16.35205602645874
1.0   12.349161863327026
1.0   -2.560141921043396
1.0   24.46769790351391
1.0   22.78073275089264
1.0   -0.3457307815551758
1.0   7.236885070800781
1.0   -3.218077600002289
1.0   4.85880446434021
1.0   1.4450011253356934
1.0   14.963726043701172
1.0   -0.5672800540924072
1.0   7.980099439620972
1.0   -1.853691816329956
1.0   15.53214904665947
1.0   20.792663395404816
1.0   -1.3091925382614136
1.0   12.280625939369202
1.0   11.915241718292236
1.0   27.775929749011993
0.0   -3.2893444299697876
0.0   -3.2916126251220703
0.0   -3.251144051551819
0.0   -3.070657253265381
0.0   -3.2728267908096313
0.0   -3.007700800895691
0.0   -3.2826417684555054
0.0   -3.2709601521492004
0.0   -3.2213953733444214
0.0   -3.2292840480804443
0.0   -3.276089668273926
0.0   -3.0092867612838745
1.0   16.533729553222656
1.0   12.532729864120483
1.0   -2.5680506229400635
1.0   24.814987748861313
1.0   23.083040416240692
1.0   -0.32421040534973145
1.0   7.336575746536255
1.0   -3.2248114943504333
1.0   4.930924654006958
1.0   1.47446608543396
1.0   15.142288088798523
1.0   -0.550783634185791
1.0   8.09319806098938
1.0   -1.853853464126587
1.0   15.774723589420319
1.0   21.11459919810295
1.0   -1.299628496170044
1.0   12.454416275024414
1.0   12.059312105178833
1.0   28.235538244247437
0.0   -3.3446274995803833
0.0   -3.3461145162582397
0.0   -3.3064398765563965
0.0   -3.126815915107727
0.0   -3.326727509498596
0.0   -3.06412410736084
0.0   -3.336685538291931
0.0   -3.3262287378311157
0.0   -3.275359272956848
0.0   -3.282970607280731
0.0   -3.3296971321105957
0.0   -3.065567970275879
1.0   16.595186710357666
1.0   12.586647629737854
1.0   -2.6231842041015625
1.0   24.966908633708954
1.0   23.203073754906654
1.0   -0.359649658203125
1.0   7.349303245544434
1.0   -3.2804943323135376
1.0   4.927709341049194
1.0   1.4466044902801514
1.0   15.200141429901123
1.0   -0.5899603366851807
1.0   8.115530252456665
1.0   -1.9021573066711426
1.0   15.861922830343246
1.0   21.255288422107697
1.0   -1.3429715633392334
1.0   12.511571168899536
1.0   12.092315554618835
1.0   28.437183558940887
0.0   -3.3554234504699707
0.0   -3.3564471006393433
0.0   -3.3171350955963135
0.0   -3.1378653049468994
0.0   -3.3367175459861755
0.0   -3.0751744508743286
0.0   -3.346656858921051
0.0   -3.3363890051841736
0.0   -3.285646975040436
0.0   -3.292812466621399
0.0   -3.339386224746704
0.0   -3.0760594606399536
1.0   16.73324728012085
1.0   12.727317810058594
1.0   -2.6340384483337402
1.0   25.23408219218254
1.0   23.431937962770462
1.0   -0.3470649719238281
1.0   7.421924591064453
1.0   -3.2908828258514404
1.0   4.979442596435547
1.0   1.4657468795776367
1.0   15.334286093711853
1.0   -0.5819492340087891
1.0   8.199197053909302
1.0   -1.9067461490631104
1.0   16.047253787517548
1.0   21.504560381174088
1.0   -1.3401836156845093
1.0   12.643557786941528
1.0   12.199189186096191
1.0   28.79469993710518
0.0   -3.406501591205597
0.0   -3.4069300293922424
0.0   -3.368394374847412
0.0   -3.1898744106292725
0.0   -3.386816143989563
0.0   -3.1274962425231934
0.0   -3.3968493342399597
0.0   -3.3875536918640137
0.0   -3.3356157541275024
0.0   -3.342718243598938
0.0   -3.3892383575439453
0.0   -3.12779700756073
1.0   16.773014545440674
1.0   12.76242470741272
1.0   -2.684683680534363
1.0   25.341250479221344
1.0   23.509054452180862
1.0   -0.3823421001434326
1.0   7.422761917114258
1.0   -3.3419957160949707
1.0   4.9690330028533936
1.0   1.4369609355926514
1.0   15.369253754615784
1.0   -0.6208186149597168
1.0   8.208451509475708
1.0   -1.9514682292938232
1.0   16.10432642698288
1.0   21.605714231729507
1.0   -1.3811838626861572
1.0   12.677571654319763
1.0   12.214879751205444
1.0   28.94254034757614
0.0   -3.4124640226364136
0.0   -3.412456512451172
0.0   -3.374126672744751
0.0   -3.196003794670105
0.0   -3.3921289443969727
0.0   -3.133419394493103
0.0   -3.4021425247192383
0.0   -3.392460346221924
0.0   -3.3412567377090454
0.0   -3.347953677177429
0.0   -3.3943413496017456
0.0   -3.1333823204040527
1.0   16.886580228805542
1.0   12.87931489944458
1.0   -2.6904858350753784
1.0   25.556330800056458
1.0   23.68648824095726
1.0   -0.3699169158935547
1.0   7.481964111328125
1.0   -3.346932530403137
1.0   5.012810945510864
1.0   1.4546895027160645
1.0   15.476637959480286
1.0   -0.6121408939361572
1.0   8.27776551246643
1.0   -1.951967477798462
1.0   16.252533443272114
1.0   21.807578951120377
1.0   -1.3752985000610352
1.0   12.783085942268372
1.0   12.301900863647461
1.0   29.232173070311546
0.0   -3.4209699630737305
0.0   -3.420520782470703
0.0   -3.382059097290039
0.0   -3.2044215202331543
0.0   -3.400028705596924
0.0   -3.141857385635376
0.0   -3.4099708199501038
0.0   -3.3999252319335938
0.0   -3.3495243191719055
0.0   -3.355817198753357
0.0   -3.402063012123108
0.0   -3.141632080078125
1.0   16.94413709640503
1.0   12.928574442863464
1.0   -2.7000246047973633
1.0   25.65718847513199
1.0   23.76100328564644
1.0   -0.36748361587524414
1.0   7.509990215301514
1.0   -3.354459524154663
1.0   5.0327746868133545
1.0   1.4604299068450928
1.0   15.528948426246643
1.0   -0.611992597579956
1.0   8.312142610549927
1.0   -1.957992434501648
1.0   16.31084055453539
1.0   21.905951619148254
1.0   -1.3769161701202393
1.0   12.832793116569519
1.0   12.340205550193787
1.0   29.35780644416809
0.0   -3.4600993394851685
0.0   -3.4591751098632812
0.0   -3.420836567878723
0.0   -3.2437714338302612
0.0   -3.438405752182007
0.0   -3.181666135787964
0.0   -3.448342442512512
0.0   -3.438572883605957
0.0   -3.387937545776367
0.0   -3.394099712371826
0.0   -3.4403074383735657
0.0   -3.181248903274536
1.0   16.925955295562744
1.0   12.896074295043945
1.0   -2.7400189638137817
1.0   25.63553872704506
1.0   23.72100430727005
1.0   -0.40137529373168945
1.0   7.483715772628784
1.0   -3.393246293067932
1.0   5.004222869873047
1.0   1.4294743537902832
1.0   15.50706398487091
1.0   -0.6473798751831055
1.0   8.28916597366333
1.0   -1.9953196048736572
1.0   16.271114110946655
1.0   21.891457259655
1.0   -1.4121688604354858
1.0   12.808669686317444
1.0   12.309611916542053
1.0   29.322303414344788
0.0   -3.466804027557373
0.0   -3.4658230543136597
0.0   -3.427518367767334
0.0   -3.2505346536636353
0.0   -3.4449944496154785
0.0   -3.1884877681732178
0.0   -3.4549354314804077
0.0   -3.445261001586914
0.0   -3.394501566886902
0.0   -3.4006807804107666
0.0   -3.4469003081321716
0.0   -3.1880669593811035
1.0   16.918248653411865
1.0   12.886201024055481
1.0   -2.746695399284363
1.0   25.623948141932487
1.0   23.708377823233604
1.0   -0.40785717964172363
1.0   7.476797342300415
1.0   -3.399942636489868
1.0   4.997594356536865
1.0   1.4233877658843994
1.0   15.498983383178711
1.0   -0.653911828994751
1.0   8.282373666763306
1.0   -2.001708745956421
1.0   16.259769409894943
1.0   21.88127174973488
1.0   -1.418623447418213
1.0   12.800909399986267
1.0   12.30132007598877
1.0   29.306342586874962
0.0   -3.471291184425354
0.0   -3.470271050930023
0.0   -3.431977868080139
0.0   -3.255068302154541
0.0   -3.449414014816284
0.0   -3.193073272705078
0.0   -3.4593620896339417
0.0   -3.449735999107361
0.0   -3.39894700050354
0.0   -3.4051055908203125
0.0   -3.451312780380249
0.0   -3.1926575899124146
1.0   16.909230947494507
1.0   12.875065207481384
1.0   -2.751530647277832
1.0   25.608340471982956
1.0   23.691246509552002
1.0   -0.4128282070159912
1.0   7.469628095626831
1.0   -3.4044408798217773
1.0   4.991156339645386
1.0   1.4183902740478516
1.0   15.489161252975464
1.0   -0.6589398384094238
1.0   8.27524709701538
1.0   -2.0064828395843506
1.0   16.24475547671318
1.0   21.86721619963646
1.0   -1.4234862327575684
1.0   12.790849566459656
1.0   12.291638612747192
1.0   29.283824399113655
0.0   -3.478898763656616
0.0   -3.4778252243995667
0.0   -3.4395899772644043
0.0   -3.262797236442566
0.0   -3.4569183588027954
0.0   -3.2008824348449707
0.0   -3.4668644666671753
0.0   -3.4573891162872314
0.0   -3.4064454436302185
0.0   -3.4125741720199585
0.0   -3.458816647529602
0.0   -3.2004756927490234
1.0   16.895385026931763
1.0   12.858391880989075
1.0   -2.759374499320984
1.0   25.585335284471512
1.0   23.668149515986443
1.0   -0.4211862087249756
1.0   7.458630323410034
1.0   -3.4121179580688477
1.0   4.98119592666626
1.0   1.4102585315704346
1.0   15.47461223602295
1.0   -0.6672642230987549
1.0   8.263988256454468
1.0   -2.014165997505188
1.0   16.223619252443314
1.0   21.846543312072754
1.0   -1.4315153360366821
1.0   12.776532053947449
1.0   12.27763032913208
1.0   29.2525385171175
0.0   -3.488805413246155
0.0   -3.487626552581787
0.0   -3.449461579322815
0.0   -3.2728023529052734
0.0   -3.4667131900787354
0.0   -3.2109663486480713
0.0   -3.4766563177108765
0.0   -3.4673162698745728
0.0   -3.416180729866028
0.0   -3.4223837852478027
0.0   -3.468621790409088
0.0   -3.2105534076690674
1.0   16.8758761882782
1.0   12.836260080337524
1.0   -2.76940655708313
1.0   25.553838163614273
1.0   23.636342465877533
1.0   -0.43219923973083496
1.0   7.443641662597656
1.0   -3.4220749139785767
1.0   4.967751741409302
1.0   1.3992719650268555
1.0   15.454388856887817
1.0   -0.6781930923461914
1.0   8.24863862991333
1.0   -2.024247407913208
1.0   16.196290522813797
1.0   21.817785531282425
1.0   -1.4421026706695557
1.0   12.756426811218262
1.0   12.258466720581055
1.0   29.21013706922531
0.0   -3.494303345680237
0.0   -3.493093490600586
0.0   -3.4549819231033325
0.0   -3.278382182121277
0.0   -3.472116470336914
0.0   -3.2166097164154053
0.0   -3.482056975364685
0.0   -3.472830891609192
0.0   -3.421548843383789
0.0   -3.427762508392334
0.0   -3.4740172028541565
0.0   -3.2162084579467773
1.0   16.865304470062256
1.0   12.823681592941284
1.0   -2.7750091552734375
1.0   25.535266041755676
1.0   23.617199420928955
1.0   -0.43818235397338867
1.0   7.435465574264526
1.0   -3.4275968074798584
1.0   4.960278749465942
1.0   1.3933792114257812
1.0   15.44336724281311
1.0   -0.6840815544128418
1.0   8.240293025970459
1.0   -2.0297508239746094
1.0   16.180304884910583
1.0   21.80160754919052
1.0   -1.4477934837341309
1.0   12.745515704154968
1.0   12.24799633026123
1.0   29.185318246483803
0.0   -3.4943431615829468
0.0   -3.493100166320801
0.0   -3.4549635648727417
0.0   -3.2784128189086914
0.0   -3.472147583961487
0.0   -3.216642737388611
0.0   -3.4820834398269653
0.0   -3.472780227661133
0.0   -3.421635389328003
0.0   -3.4278210401535034
0.0   -3.474041998386383
0.0   -3.2162210941314697
1.0   16.863170862197876
1.0   12.819921612739563
1.0   -2.775378465652466
1.0   25.528806895017624
1.0   23.610270619392395
1.0   -0.43845057487487793
1.0   7.434013366699219
1.0   -3.4275779724121094
1.0   4.959153652191162
1.0   1.392892599105835
1.0   15.440538883209229
1.0   -0.684420108795166
1.0   8.238829612731934
1.0   -2.030216097831726
1.0   16.17407724261284
1.0   21.79622483253479
1.0   -1.4482395648956299
1.0   12.742478609085083
1.0   12.245272040367126
1.0   29.175307482481003
0.0   -3.491316497325897
0.0   -3.4900717735290527
0.0   -3.4518853425979614
0.0   -3.2753374576568604
0.0   -3.4691206216812134
0.0   -3.2135523557662964
0.0   -3.4790430068969727
0.0   -3.4696404933929443
0.0   -3.418675661087036
0.0   -3.424802780151367
0.0   -3.4710142612457275
0.0   -3.2131025791168213
1.0   16.867913722991943
1.0   12.823399901390076
1.0   -2.7725989818573
1.0   25.533300638198853
1.0   23.614136159420013
1.0   -0.4351189136505127
1.0   7.438246011734009
1.0   -3.424429774284363
1.0   4.963128089904785
1.0   1.396348237991333
1.0   15.445349097251892
1.0   -0.6811041831970215
1.0   8.243013858795166
1.0   -2.027381658554077
1.0   16.176617473363876
1.0   21.800862312316895
1.0   -1.445177435874939
1.0   12.746431350708008
1.0   12.249307036399841
1.0   29.17922979593277
0.0   -3.4838048219680786
0.0   -3.4825518131256104
0.0   -3.4443024396896362
0.0   -3.2677276134490967
0.0   -3.4616129398345947
0.0   -3.205888867378235
0.0   -3.4714913368225098
0.0   -3.4619104862213135
0.0   -3.411346912384033
0.0   -3.417297124862671
0.0   -3.463523507118225
0.0   -3.205407500267029
1.0   16.877076387405396
1.0   12.832118391990662
1.0   -2.7656219005584717
1.0   25.54352703690529
1.0   23.62338888645172
1.0   -0.42764878273010254
1.0   7.446178197860718
1.0   -3.41669762134552
1.0   4.970541954040527
1.0   1.4033992290496826
1.0   15.453951120376587
1.0   -0.6735424995422363
1.0   8.250874519348145
1.0   -2.020525097846985
1.0   16.184561878442764
1.0   21.810958325862885
1.0   -1.4380669593811035
1.0   12.754525899887085
1.0   12.257750749588013
1.0   29.19094443321228
0.0   -3.4804458618164062
0.0   -3.479160726070404
0.0   -3.440861701965332
0.0   -3.264263391494751
0.0   -3.4582347869873047
0.0   -3.202410936355591
0.0   -3.4680848121643066
0.0   -3.458340644836426
0.0   -3.4080505967140198
0.0   -3.41394305229187
0.0   -3.460160970687866
0.0   -3.2019060850143433
1.0   16.880021572113037
1.0   12.833809852600098
1.0   -2.762641668319702
1.0   25.54414263367653
1.0   23.6240251660347
1.0   -0.4242689609527588
1.0   7.449039697647095
1.0   -3.413153052330017
1.0   4.973400592803955
1.0   1.406611680984497
1.0   15.456380724906921
1.0   -0.6701278686523438
1.0   8.253758907318115
1.0   -2.0176074504852295
1.0   16.18461585044861
1.0   21.812418460845947
1.0   -1.4349761009216309
1.0   12.756414651870728
1.0   12.26023256778717
1.0   29.190291702747345
0.0   -3.479643702507019
0.0   -3.4783447980880737
0.0   -3.440030813217163
0.0   -3.2634483575820923
0.0   -3.4573988914489746
0.0   -3.2016069889068604
0.0   -3.4672372341156006
0.0   -3.4574695825576782
0.0   -3.407257616519928
0.0   -3.413133144378662
0.0   -3.4593340158462524
0.0   -3.2011196613311768
1.0   16.87603259086609
1.0   12.828458428382874
1.0   -2.7621549367904663
1.0   25.534507989883423
1.0   23.615090906620026
1.0   -0.42414069175720215
1.0   7.447150707244873
1.0   -3.412297248840332
1.0   4.972008466720581
1.0   1.4065885543823242
1.0   15.452320456504822
1.0   -0.6698665618896484
1.0   8.251555442810059
1.0   -2.017199158668518
1.0   16.17633953690529
1.0   21.803529381752014
1.0   -1.4347777366638184
1.0   12.75206732749939
1.0   12.256614327430725
1.0   29.1754060536623
