0.0   0.7487150430679321
0.0   0.7159266173839569
0.0   0.7311675846576691
0.0   0.7172444313764572
0.0   0.776900976896286
0.0   0.7366917133331299
0.0   0.9167125821113586
0.0   0.8169142752885818
0.0   0.6452882587909698
0.0   0.7600084245204926
0.0   0.823664128780365
0.0   0.8264422714710236
0.0   0.7096826434135437
0.0   0.6494057178497314
0.0   0.8153930902481079
0.0   0.848167210817337
0.0   0.8271474838256836
0.0   0.7303412854671478
0.0   0.7244926542043686
0.0   0.8035934716463089
0.0   0.8476223051548004
1.0   9.512692928314209
1.0   7.747143983840942
1.0   8.674067974090576
1.0   11.553402423858643
1.0   3.7457492351531982
1.0   1.342227816581726
1.0   15.94258165359497
1.0   11.629824161529541
1.0   11.650005578994751
1.0   14.459449768066406
1.0   12.720623970031738
1.0   6.569523096084595
1.0   14.305914878845215
1.0   11.871903419494629
1.0   7.068603992462158
1.0   15.980369567871094
1.0   4.477160215377808
1.0   9.885989904403687
1.0   5.3700093030929565
1.0   1.074171543121338
1.0   5.145857214927673
1.0   2.879912257194519
1.0   11.67308497428894
1.0   4.652545094490051
1.0   4.471582412719727
1.0   0.7284060418605804
1.0   9.576127052307129
1.0   15.3303542137146
1.0   5.42301344871521
1.0   13.115453004837036
1.0   13.570382595062256
1.0   7.6695876121521
1.0   14.810982704162598
1.0   10.919575214385986
1.0   5.552096724510193
1.0   14.302937507629395
1.0   5.1650190353393555
1.0   12.447373032569885
1.0   14.187045812606812
1.0   1.179427444934845
1.0   1.059767246246338
1.0   11.139440059661865
1.0   11.686574697494507
1.0   0.7127382606267929
1.0   0.986082911491394
1.0   12.32301378250122
1.0   11.807809114456177
0.0   -3.355172574520111
0.0   -3.508420705795288
0.0   -3.4753491282463074
0.0   -3.5284469723701477
0.0   -3.5033000111579895
0.0   -3.5568896532058716
0.0   -3.145825505256653
0.0   -3.3259899616241455
0.0   -3.5298938751220703
0.0   -3.4176818132400513
0.0   -3.4625412225723267
0.0   -3.3187118768692017
0.0   -3.5633750557899475
0.0   -3.4962233304977417
0.0   -3.3874886631965637
0.0   -3.406646728515625
0.0   -3.444823145866394
0.0   -3.5471691489219666
0.0   -3.55193829536438
0.0   -3.424739956855774
0.0   -3.2591053247451782
1.0   22.082322120666504
1.0   11.965956330299377
1.0   16.845890522003174
1.0   23.121628522872925
1.0   4.6290223598480225
1.0   -1.930816650390625
1.0   30.471700191497803
1.0   22.465157628059387
1.0   23.16656994819641
1.0   29.983999729156494
1.0   29.26527690887451
1.0   12.756311684846878
1.0   31.59988021850586
1.0   24.624700784683228
1.0   14.056490302085876
1.0   32.172157287597656
1.0   6.201069116592407
1.0   19.01171851158142
1.0   7.60546875
1.0   -2.6689756512641907
1.0   6.692720890045166
1.0   1.282982349395752
1.0   20.514851093292236
1.0   3.8434293270111084
1.0   3.4560272693634033
1.0   -3.3454794883728027
1.0   15.462613105773926
1.0   26.57804298400879
1.0   8.446890354156494
1.0   21.914082169532776
1.0   24.209730744361877
1.0   15.151078224182129
1.0   25.423527419567108
1.0   19.27693819999695
1.0   7.762478590011597
1.0   24.449503898620605
1.0   5.4201624393463135
1.0   20.109706461429596
1.0   25.16784918308258
1.0   -2.775419235229492
1.0   -2.8416385650634766
1.0   19.88161265850067
1.0   20.8908668756485
1.0   -3.3629202246665955
1.0   -3.106061339378357
1.0   24.221795797348022
1.0   21.168626308441162
0.0   -4.669086575508118
0.0   -4.858151435852051
0.0   -4.798368811607361
0.0   -4.886711120605469
0.0   -4.867210209369659
0.0   -4.921516299247742
0.0   -4.4492669105529785
0.0   -4.649177074432373
0.0   -4.855006814002991
0.0   -4.765772342681885
0.0   -4.8756396770477295
0.0   -4.647191643714905
0.0   -4.927795648574829
0.0   -4.816978216171265
0.0   -4.7411545515060425
0.0   -4.767649233341217
0.0   -4.84328681230545
0.0   -4.9449228048324585
0.0   -4.9377670884132385
0.0   -4.80683159828186
0.0   -4.576104998588562
1.0   29.77686595916748
1.0   15.911440372467041
1.0   22.668123483657837
1.0   30.595496654510498
1.0   6.807901620864868
1.0   -2.6494470834732056
1.0   39.333115577697754
1.0   29.571024894714355
1.0   30.680245399475098
1.0   39.52077770233154
1.0   38.959001541137695
1.0   17.37092924118042
1.0   41.42879104614258
1.0   32.515563011169434
1.0   19.242587327957153
1.0   41.623538970947266
1.0   8.357850074768066
1.0   25.020650625228882
1.0   10.13076138496399
1.0   -3.7261598110198975
1.0   9.204606056213379
1.0   1.5658106803894043
1.0   26.882837772369385
1.0   4.5492918491363525
1.0   4.119751453399658
1.0   -4.660718560218811
1.0   20.410922080278397
1.0   34.37681722640991
1.0   11.75474500656128
1.0   28.489193201065063
1.0   31.351768255233765
1.0   20.59726047515869
1.0   32.741416215896606
1.0   25.309661626815796
1.0   10.384670972824097
1.0   31.37408423423767
1.0   6.804920673370361
1.0   25.91170847415924
1.0   32.88135242462158
1.0   -4.0046772956848145
1.0   -4.0357149839401245
1.0   25.73737621307373
1.0   26.961220502853394
1.0   -4.654146432876587
1.0   -4.420280814170837
1.0   31.47050952911377
1.0   27.016476154327393
0.0   -5.673139810562134
0.0   -5.871778845787048
0.0   -5.800144374370575
0.0   -5.932384371757507
0.0   -5.884732127189636
0.0   -5.949703693389893
0.0   -5.416664481163025
0.0   -5.627092003822327
0.0   -5.8575966358184814
0.0   -5.778806984424591
0.0   -5.905261516571045
0.0   -5.63671350479126
0.0   -5.965734779834747
0.0   -5.829445540904999
0.0   -5.746447503566742
0.0   -5.77573835849762
0.0   -5.882898449897766
0.0   -5.9715288281440735
0.0   -5.967617750167847
0.0   -5.834712564945221
0.0   -5.553359746932983
1.0   31.550734519958496
1.0   17.213160276412964
1.0   24.305416107177734
1.0   32.546438694000244
1.0   7.424762010574341
1.0   -3.269885301589966
1.0   41.731656074523926
1.0   31.361032009124756
1.0   32.7724711894989
1.0   42.00010681152344
1.0   41.2072057723999
1.0   18.527530074119568
1.0   43.46030282974243
1.0   34.658438205718994
1.0   20.80114209651947
1.0   43.51375389099121
1.0   8.849045991897583
1.0   26.468504428863525
1.0   11.004191875457764
1.0   -4.602097749710083
1.0   10.062893867492676
1.0   1.451411247253418
1.0   29.035218715667725
1.0   4.637455940246582
1.0   4.223816394805908
1.0   -5.64789891242981
1.0   22.123111069202423
1.0   37.11516976356506
1.0   12.84710681438446
1.0   30.80561113357544
1.0   33.752036571502686
1.0   22.151445031166077
1.0   35.29210615158081
1.0   27.24236559867859
1.0   11.263888835906982
1.0   33.76492619514465
1.0   7.148179531097412
1.0   28.043575763702393
1.0   35.598695278167725
1.0   -5.003913879394531
1.0   -4.949325263500214
1.0   27.288590669631958
1.0   28.715515613555908
1.0   -5.6426674127578735
1.0   -5.419592022895813
1.0   32.94973611831665
1.0   28.40861701965332
0.0   -7.601798057556152
0.0   -7.831822216510773
0.0   -7.739519894123077
0.0   -7.889018893241882
0.0   -7.862792253494263
0.0   -7.942267119884491
0.0   -7.305380761623383
0.0   -7.540344804525375
0.0   -7.79770165681839
0.0   -7.71938619017601
0.0   -7.894430160522461
0.0   -7.576665878295898
0.0   -7.941049098968506
0.0   -7.765961468219757
0.0   -7.689747333526611
0.0   -7.736684203147888
0.0   -7.875934541225433
0.0   -7.963586986064911
0.0   -7.9591701328754425
0.0   -7.804891645908356
0.0   -7.460524260997772
1.0   30.495219707489014
1.0   16.337162017822266
1.0   23.470393180847168
1.0   31.64668717980385
1.0   6.390822410583496
1.0   -4.830137252807617
1.0   41.10588574409485
1.0   30.49867457151413
1.0   31.900571525096893
1.0   41.05250954627991
1.0   40.156668186187744
1.0   17.440841674804688
1.0   42.34959888458252
1.0   33.952566385269165
1.0   20.15420126914978
1.0   42.14306092262268
1.0   7.715305805206299
1.0   25.732911229133606
1.0   10.21305227279663
1.0   -6.292378544807434
1.0   9.328182697296143
1.0   0.15395236015319824
1.0   28.59028434753418
1.0   3.4498400688171387
1.0   2.9844393730163574
1.0   -7.5488680601119995
1.0   21.451068878173828
1.0   36.83744823932648
1.0   11.924948692321777
1.0   30.331724166870117
1.0   33.40179741382599
1.0   21.38673186302185
1.0   34.96426701545715
1.0   26.675684452056885
1.0   10.483674049377441
1.0   33.44737148284912
1.0   5.990243434906006
1.0   27.485126972198486
1.0   35.21212828159332
1.0   -6.8772634863853455
1.0   -6.751517057418823
1.0   26.38137948513031
1.0   28.076776146888733
1.0   -7.542008101940155
1.0   -7.333145558834076
1.0   31.823878288269043
1.0   27.580981850624084
0.0   -8.388181298971176
0.0   -8.631605505943298
0.0   -8.525520980358124
0.0   -8.694385915994644
0.0   -8.672604411840439
0.0   -8.75980643928051
0.0   -8.088058218359947
0.0   -8.332808673381805
0.0   -8.588144764304161
0.0   -8.51204526424408
0.0   -8.694074600934982
0.0   -8.368191242218018
0.0   -8.751524716615677
0.0   -8.562134936451912
0.0   -8.482622683048248
0.0   -8.540640205144882
0.0   -8.687265038490295
0.0   -8.774219155311584
0.0   -8.76980459690094
0.0   -8.600283682346344
0.0   -8.23822632431984
1.0   31.4830981194973
1.0   17.037781715393066
1.0   24.41055917739868
1.0   32.86740827560425
1.0   6.720623016357422
1.0   -5.278444409370422
1.0   42.70967161655426
1.0   31.657631754875183
1.0   33.1123086810112
1.0   42.5278285741806
1.0   41.50997042655945
1.0   17.97777509689331
1.0   43.78772985935211
1.0   35.311685621738434
1.0   21.121652603149414
1.0   43.286898612976074
1.0   8.096420764923096
1.0   26.905946493148804
1.0   10.82852840423584
1.0   -6.854993164539337
1.0   9.946606636047363
1.0   0.08171439170837402
1.0   29.93373131752014
1.0   3.49202823638916
1.0   2.963975429534912
1.0   -8.322178781032562
1.0   22.47546672821045
1.0   38.50560140609741
1.0   12.51942253112793
1.0   31.777320861816406
1.0   35.02941060066223
1.0   22.428766012191772
1.0   36.52593803405762
1.0   27.941508769989014
1.0   11.09736680984497
1.0   35.028507471084595
1.0   6.17936372756958
1.0   28.721091747283936
1.0   36.90510606765747
1.0   -7.527301251888275
1.0   -7.380340576171875
1.0   27.3954598903656
1.0   29.279146194458008
1.0   -8.312334924936295
1.0   -8.062897026538849
1.0   32.904258251190186
1.0   28.620113849639893
0.0   -8.638177543878555
0.0   -8.86401253938675
0.0   -8.812461122870445
0.0   -8.935148537158966
0.0   -8.96186050772667
0.0   -9.070201769471169
0.0   -8.299881175160408
0.0   -8.527808427810669
0.0   -8.879104375839233
0.0   -8.780699610710144
0.0   -8.967410266399384
0.0   -8.66711662709713
0.0   -9.008660167455673
0.0   -8.82900170981884
0.0   -8.7585489153862
0.0   -8.714581906795502
0.0   -8.951932668685913
0.0   -8.976566046476364
0.0   -9.005159586668015
0.0   -8.887447863817215
0.0   -8.448132947087288
1.0   31.04854702949524
1.0   17.352535247802734
1.0   24.64542865753174
1.0   32.73534560203552
1.0   6.855037212371826
1.0   -5.391090273857117
1.0   42.6454393863678
1.0   31.554778337478638
1.0   33.05092167854309
1.0   42.13868570327759
1.0   40.80582904815674
1.0   17.985483169555664
1.0   43.08527874946594
1.0   35.29069662094116
1.0   21.374882698059082
1.0   42.39928638935089
1.0   8.314801692962646
1.0   26.828131914138794
1.0   11.198320388793945
1.0   -6.975144147872925
1.0   10.295662879943848
1.0   0.22414731979370117
1.0   30.25438356399536
1.0   3.6477556228637695
1.0   3.1494784355163574
1.0   -8.534591406583786
1.0   23.02436637878418
1.0   39.05341124534607
1.0   12.772382736206055
1.0   32.41336679458618
1.0   35.44624423980713
1.0   22.526002883911133
1.0   36.9940767288208
1.0   28.33108139038086
1.0   11.455510139465332
1.0   35.46813416481018
1.0   6.439655780792236
1.0   29.274693489074707
1.0   37.2958025932312
1.0   -7.726058512926102
1.0   -7.529989004135132
1.0   27.322726011276245
1.0   29.370487213134766
1.0   -8.54099577665329
1.0   -8.272538244724274
1.0   32.44304704666138
1.0   28.486220359802246
0.0   -7.812269508838654
0.0   -7.909030556678772
0.0   -7.890349328517914
0.0   -7.96276792883873
0.0   -8.0036541223526
0.0   -8.091005027294159
0.0   -7.449331521987915
0.0   -7.5952394008636475
0.0   -7.92899489402771
0.0   -7.82972052693367
0.0   -8.006773561239243
0.0   -7.7434302270412445
0.0   -8.036466598510742
0.0   -7.8702652752399445
0.0   -7.795600652694702
0.0   -7.758928954601288
0.0   -8.05099031329155
0.0   -8.006662964820862
0.0   -8.039666891098022
0.0   -7.946506440639496
0.0   -7.507850766181946
1.0   32.41724109649658
1.0   19.003984451293945
1.0   26.376150846481323
1.0   34.43478202819824
1.0   8.12673044204712
1.0   -4.440822243690491
1.0   44.65605974197388
1.0   33.14117908477783
1.0   34.72504234313965
1.0   44.001195192337036
1.0   42.40385866165161
1.0   19.404621601104736
1.0   44.70471525192261
1.0   37.13562607765198
1.0   23.06852126121521
1.0   43.840434074401855
1.0   9.692949295043945
1.0   28.355791091918945
1.0   12.658702850341797
1.0   -6.0402748584747314
1.0   11.759737968444824
1.0   1.350759506225586
1.0   32.14740562438965
1.0   4.845480918884277
1.0   4.397820472717285
1.0   -7.618138790130615
1.0   24.963147163391113
1.0   41.41038489341736
1.0   14.270305633544922
1.0   34.70073223114014
1.0   37.529396295547485
1.0   24.154571056365967
1.0   39.2039361000061
1.0   30.291373252868652
1.0   12.892711162567139
1.0   37.59116005897522
1.0   7.896132946014404
1.0   31.427252292633057
1.0   39.60688066482544
1.0   -6.821771919727325
1.0   -6.610942184925079
1.0   28.854483604431152
1.0   31.01522445678711
1.0   -7.597331553697586
1.0   -7.3272561728954315
1.0   33.8530216217041
1.0   29.95040464401245
0.0   -6.683780193328857
0.0   -6.772838205099106
0.0   -6.755672931671143
0.0   -6.810529589653015
0.0   -6.852605164051056
0.0   -6.934444963932037
0.0   -6.361819952726364
0.0   -6.47676420211792
0.0   -6.795342981815338
0.0   -6.694898009300232
0.0   -6.854692041873932
0.0   -6.6251155734062195
0.0   -6.885857373476028
0.0   -6.733023643493652
0.0   -6.6600125432014465
0.0   -6.624166250228882
0.0   -6.899356722831726
0.0   -6.858529090881348
0.0   -6.898467481136322
0.0   -6.799758017063141
0.0   -6.400728166103363
1.0   34.40968155860901
1.0   21.213510990142822
1.0   28.68642520904541
1.0   36.74926233291626
1.0   9.889190196990967
1.0   -3.2179367542266846
1.0   47.364551067352295
1.0   35.31249380111694
1.0   37.08274030685425
1.0   46.707841873168945
1.0   44.80450928211212
1.0   21.372005939483643
1.0   47.0453599691391
1.0   39.44415473937988
1.0   25.243155002593994
1.0   46.244253635406494
1.0   11.565527439117432
1.0   30.405647039413452
1.0   14.58420467376709
1.0   -4.862867712974548
1.0   13.692333221435547
1.0   2.815089702606201
1.0   34.62988615036011
1.0   6.386438846588135
1.0   5.957868576049805
1.0   -6.509474843740463
1.0   27.49390459060669
1.0   44.34961462020874
1.0   16.32571506500244
1.0   37.61877751350403
1.0   40.18763303756714
1.0   26.348723649978638
1.0   42.006646156311035
1.0   32.801056146621704
1.0   14.820944786071777
1.0   40.21529817581177
1.0   9.678453922271729
1.0   34.17507839202881
1.0   42.536032915115356
1.0   -5.702433705329895
1.0   -5.471181750297546
1.0   30.944084644317627
1.0   33.217856645584106
1.0   -6.488568037748337
1.0   -6.1864805817604065
1.0   35.89538216590881
1.0   31.888007164001465
0.0   -5.365991652011871
0.0   -5.434361100196838
0.0   -5.420577883720398
0.0   -5.4516565799713135
0.0   -5.495885968208313
0.0   -5.57052880525589
0.0   -5.080849766731262
0.0   -5.166237235069275
0.0   -5.463073015213013
0.0   -5.365054726600647
0.0   -5.5035622119903564
0.0   -5.304661870002747
0.0   -5.530560612678528
0.0   -5.404523849487305
0.0   -5.330433547496796
0.0   -5.280831754207611
0.0   -5.543171226978302
0.0   -5.497154593467712
0.0   -5.537601709365845
0.0   -5.450364947319031
0.0   -5.09211391210556
1.0   36.18549048900604
1.0   23.613842248916626
1.0   30.921236038208008
1.0   38.83582592010498
1.0   11.880391836166382
1.0   -1.7776648998260498
1.0   49.86891531944275
1.0   37.39912390708923
1.0   39.309975385665894
1.0   49.150402665138245
1.0   46.87941312789917
1.0   23.271125435829163
1.0   49.025184631347656
1.0   41.56482207775116
1.0   27.4457528591156
1.0   48.332093954086304
1.0   13.643166542053223
1.0   32.41278338432312
1.0   16.738023281097412
1.0   -3.48600697517395
1.0   15.857798099517822
1.0   4.507338523864746
1.0   37.028481245040894
1.0   8.128989696502686
1.0   7.728775978088379
1.0   -5.2110737562179565
1.0   30.185757160186768
1.0   47.1076797246933
1.0   18.563318014144897
1.0   40.47641944885254
1.0   42.765381813049316
1.0   28.498305320739746
1.0   44.71874761581421
1.0   35.318833351135254
1.0   16.94734835624695
1.0   42.71273350715637
1.0   11.65292501449585
1.0   36.940210461616516
1.0   45.36953401565552
1.0   -4.354885697364807
1.0   -4.121550679206848
1.0   33.00575113296509
1.0   35.389211773872375
1.0   -5.1852030754089355
1.0   -4.8485777378082275
1.0   37.842392325401306
1.0   33.784300327301025
0.0   -5.231842339038849
0.0   -5.297613501548767
0.0   -5.28478878736496
0.0   -5.313714623451233
0.0   -5.359149277210236
0.0   -5.432379603385925
0.0   -4.94834703207016
0.0   -5.032505393028259
0.0   -5.328177094459534
0.0   -5.229166746139526
0.0   -5.365673184394836
0.0   -5.168901681900024
0.0   -5.391595721244812
0.0   -5.270391523838043
0.0   -5.195192098617554
0.0   -5.14383339881897
0.0   -5.406363844871521
0.0   -5.358042359352112
0.0   -5.3994221687316895
0.0   -5.313574910163879
0.0   -4.95978045463562
1.0   36.44588017463684
1.0   23.857257604599
1.0   31.17702341079712
1.0   39.11203467845917
1.0   12.084746360778809
1.0   -1.6346237659454346
1.0   50.18512725830078
1.0   37.66576659679413
1.0   39.59212052822113
1.0   49.47762680053711
1.0   47.19048190116882
1.0   23.489947617053986
1.0   49.33521819114685
1.0   41.848209261894226
1.0   27.695119261741638
1.0   48.63754153251648
1.0   13.857111930847168
1.0   32.6639518737793
1.0   16.95314598083496
1.0   -3.3450417518615723
1.0   16.07439613342285
1.0   4.678080081939697
1.0   37.30618596076965
1.0   8.303972244262695
1.0   7.905807971954346
1.0   -5.079172968864441
1.0   30.457377195358276
1.0   47.42189073562622
1.0   18.795761823654175
1.0   40.783105969429016
1.0   43.0689834356308
1.0   28.752835392951965
1.0   45.02267622947693
1.0   35.597737550735474
1.0   17.16052532196045
1.0   43.0086225271225
1.0   11.852412223815918
1.0   37.22500801086426
1.0   45.696595311164856
1.0   -4.217654585838318
1.0   -3.9844900369644165
1.0   33.2613000869751
1.0   35.65626418590546
1.0   -5.0516398549079895
1.0   -4.712961196899414
1.0   38.11369562149048
1.0   34.026867508888245
0.0   -5.069096863269806
0.0   -5.133922219276428
0.0   -5.1203988790512085
0.0   -5.148579895496368
0.0   -5.1954425573349
0.0   -5.267123460769653
0.0   -4.789113402366638
0.0   -4.870229721069336
0.0   -5.1661569476127625
0.0   -5.0665284395217896
0.0   -5.199601054191589
0.0   -5.006552278995514
0.0   -5.225158929824829
0.0   -5.109241247177124
0.0   -5.032205164432526
0.0   -4.98040497303009
0.0   -5.241731286048889
0.0   -5.190009534358978
0.0   -5.232536673545837
0.0   -5.149208664894104
0.0   -4.799363374710083
1.0   36.7938831448555
1.0   24.14585852622986
1.0   31.494742453098297
1.0   39.46770912408829
1.0   12.323928356170654
1.0   -1.4647858142852783
1.0   50.59022468328476
1.0   38.006598114967346
1.0   39.95442485809326
1.0   49.904012978076935
1.0   47.60865372419357
1.0   23.75951224565506
1.0   49.75694680213928
1.0   42.21584850549698
1.0   28.00173509120941
1.0   49.053170561790466
1.0   14.107844114303589
1.0   32.9828006029129
1.0   17.204042196273804
1.0   -3.1765146255493164
1.0   16.327311992645264
1.0   4.87673807144165
1.0   37.64963233470917
1.0   8.508903503417969
1.0   8.110986232757568
1.0   -4.919798970222473
1.0   30.777385473251343
1.0   47.80975365638733
1.0   19.07163095474243
1.0   41.154407262802124
1.0   43.44507098197937
1.0   29.071653008461
1.0   45.39632213115692
1.0   35.93627405166626
1.0   17.410337686538696
1.0   43.37461960315704
1.0   12.087800025939941
1.0   37.56088185310364
1.0   46.10198771953583
1.0   -4.053771197795868
1.0   -3.8221930861473083
1.0   33.58572995662689
1.0   35.99303889274597
1.0   -4.891367077827454
1.0   -4.547150015830994
1.0   38.47035264968872
1.0   34.338252902030945
0.0   -4.928986132144928
0.0   -4.991500616073608
0.0   -4.978245735168457
0.0   -5.004135966300964
0.0   -5.054722905158997
0.0   -5.124269068241119
0.0   -4.650755524635315
0.0   -4.729567468166351
0.0   -5.025433778762817
0.0   -4.927149653434753
0.0   -5.0542848110198975
0.0   -4.8670302629470825
0.0   -5.082680702209473
0.0   -4.968443930149078
0.0   -4.890009582042694
0.0   -4.838398516178131
0.0   -5.09738552570343
0.0   -5.044525384902954
0.0   -5.0866557359695435
0.0   -5.006582617759705
0.0   -4.660566508769989
1.0   37.143744587898254
1.0   24.39728009700775
1.0   31.794369399547577
1.0   39.818906247615814
1.0   12.529410362243652
1.0   -1.317469835281372
1.0   50.97999516129494
1.0   38.334311962127686
1.0   40.30200636386871
1.0   50.321443259716034
1.0   48.03033924102783
1.0   24.009713292121887
1.0   50.18528825044632
1.0   42.58246594667435
1.0   28.28652262687683
1.0   49.47007331252098
1.0   14.32687783241272
1.0   33.285099148750305
1.0   17.418067693710327
1.0   -3.029778242111206
1.0   16.542507648468018
1.0   5.0467963218688965
1.0   37.970184564590454
1.0   8.684646129608154
1.0   8.287429332733154
1.0   -4.780513405799866
1.0   31.05400002002716
1.0   48.16326940059662
1.0   19.313734531402588
1.0   41.484190583229065
1.0   43.79550588130951
1.0   29.37148952484131
1.0   45.744356989860535
1.0   36.248029589653015
1.0   17.62321448326111
1.0   43.719637989997864
1.0   12.288972854614258
1.0   37.860782623291016
1.0   46.482497811317444
1.0   -3.9129494428634644
1.0   -3.6827327013015747
1.0   33.89325565099716
1.0   36.307114005088806
1.0   -4.753435850143433
1.0   -4.404819011688232
1.0   38.822252333164215
1.0   34.63928163051605
0.0   -4.758416593074799
0.0   -4.8158440589904785
0.0   -4.804839372634888
0.0   -4.827792406082153
0.0   -4.882155060768127
0.0   -4.949941158294678
0.0   -4.480590224266052
0.0   -4.559904336929321
0.0   -4.854203581809998
0.0   -4.754588186740875
0.0   -4.873996615409851
0.0   -4.694796979427338
0.0   -4.905600190162659
0.0   -4.794048070907593
0.0   -4.715847373008728
0.0   -4.663498044013977
0.0   -4.917519569396973
0.0   -4.865400791168213
0.0   -4.909396290779114
0.0   -4.831390738487244
0.0   -4.491206884384155
1.0   37.54689992964268
1.0   24.680071592330933
1.0   32.132930770516396
1.0   40.21824350208044
1.0   12.76091456413269
1.0   -1.1428160667419434
1.0   51.42596937716007
1.0   38.70638185739517
1.0   40.698268443346024
1.0   50.800144135951996
1.0   48.5163731276989
1.0   24.294489338994026
1.0   50.67971912026405
1.0   43.00047197192907
1.0   28.6019606590271
1.0   49.95165488123894
1.0   14.574600458145142
1.0   33.632328748703
1.0   17.660335540771484
1.0   -2.8542778491973877
1.0   16.782736778259277
1.0   5.244456768035889
1.0   38.332821011543274
1.0   8.890134334564209
1.0   8.49352502822876
1.0   -4.608735084533691
1.0   31.36166739463806
1.0   48.561328172683716
1.0   19.58696484565735
1.0   41.85110729932785
1.0   44.192426919937134
1.0   29.714000582695007
1.0   46.135460287332535
1.0   36.59973359107971
1.0   17.860494375228882
1.0   44.11002850532532
1.0   12.519773006439209
1.0   38.194892168045044
1.0   46.91244775056839
1.0   -3.7426241040229797
1.0   -3.514244794845581
1.0   34.23800253868103
1.0   36.66171419620514
1.0   -4.584625959396362
1.0   -4.230909466743469
1.0   39.22677439451218
1.0   34.97863411903381
0.0   -4.556853413581848
0.0   -4.615175724029541
0.0   -4.602464556694031
0.0   -4.624358117580414
0.0   -4.680668354034424
0.0   -4.7481772899627686
0.0   -4.286514937877655
0.0   -4.364477276802063
0.0   -4.654790282249451
0.0   -4.556432902812958
0.0   -4.6645166873931885
0.0   -4.4958643317222595
0.0   -4.701529383659363
0.0   -4.593399941921234
0.0   -4.51521360874176
0.0   -4.46139132976532
0.0   -4.710370302200317
0.0   -4.656152844429016
0.0   -4.703355669975281
0.0   -4.630209386348724
0.0   -4.295473217964172
1.0   37.99115777015686
1.0   24.99222481250763
1.0   32.50160390138626
1.0   40.6565061211586
1.0   13.019758462905884
1.0   -0.9372172355651855
1.0   51.91403242945671
1.0   39.113393142819405
1.0   41.13698421418667
1.0   51.32721123099327
1.0   49.06009742617607
1.0   24.609121538698673
1.0   51.22252827882767
1.0   43.45327463746071
1.0   28.946062475442886
1.0   50.481152415275574
1.0   14.84343433380127
1.0   34.01699948310852
1.0   17.92733383178711
1.0   -2.6536046266555786
1.0   17.04889440536499
1.0   5.467750549316406
1.0   38.731181502342224
1.0   9.118045806884766
1.0   8.723758697509766
1.0   -4.411945223808289
1.0   31.695929288864136
1.0   49.00163593888283
1.0   19.8899405002594
1.0   42.24835562705994
1.0   44.62784215807915
1.0   30.09155809879303
1.0   46.554349064826965
1.0   36.9862357378006
1.0   18.123201847076416
1.0   44.537650644779205
1.0   12.777212142944336
1.0   38.5606107711792
1.0   47.38422805070877
1.0   -3.549249589443207
1.0   -3.3194427490234375
1.0   34.61872577667236
1.0   37.05678004026413
1.0   -4.387476325035095
1.0   -4.030011475086212
1.0   39.674909457564354
1.0   35.35202610492706
0.0   -4.331904709339142
0.0   -4.3895357847213745
0.0   -4.375562787055969
0.0   -4.394591212272644
0.0   -4.452958822250366
0.0   -4.5218870639801025
0.0   -4.068732380867004
0.0   -4.1428152322769165
0.0   -4.431636929512024
0.0   -4.3325716853141785
0.0   -4.430206656455994
0.0   -4.270894348621368
0.0   -4.474540710449219
0.0   -4.369557797908783
0.0   -4.288804054260254
0.0   -4.232691943645477
0.0   -4.4777315855026245
0.0   -4.421576738357544
0.0   -4.468936443328857
0.0   -4.401908457279205
0.0   -4.076474905014038
1.0   38.459893226623535
1.0   25.330958127975464
1.0   32.89261037111282
1.0   41.1273877620697
1.0   13.303775310516357
1.0   -0.7074944972991943
1.0   52.43533265590668
1.0   39.550824999809265
1.0   41.608369410037994
1.0   51.891500413417816
1.0   49.64759135246277
1.0   24.948549181222916
1.0   51.807655692100525
1.0   43.93373346328735
1.0   29.3143829703331
1.0   51.04551672935486
1.0   15.136508464813232
1.0   34.432586669921875
1.0   18.217923641204834
1.0   -2.429847836494446
1.0   17.339897871017456
1.0   5.7143168449401855
1.0   39.15998959541321
1.0   9.36825180053711
1.0   8.980421543121338
1.0   -4.191981196403503
1.0   32.05673426389694
1.0   49.474241733551025
1.0   20.21726655960083
1.0   42.67380392551422
1.0   45.09621000289917
1.0   30.500312626361847
1.0   47.00236102938652
1.0   37.4025422334671
1.0   18.40995752811432
1.0   44.99747610092163
1.0   13.057748317718506
1.0   38.95382916927338
1.0   47.89195716381073
1.0   -3.3336634635925293
1.0   -3.1005208492279053
1.0   35.02794426679611
1.0   37.48517107963562
1.0   -4.16542911529541
1.0   -3.8035044074058533
1.0   40.15518534183502
1.0   35.756464183330536
0.0   -4.0801443457603455
0.0   -4.135555267333984
0.0   -4.121074914932251
0.0   -4.134470582008362
0.0   -4.195925533771515
0.0   -4.264940619468689
0.0   -3.8239794969558716
0.0   -3.892805814743042
0.0   -4.178340554237366
0.0   -4.079591989517212
0.0   -4.16994035243988
0.0   -4.019420802593231
0.0   -4.218139588832855
0.0   -4.11912214756012
0.0   -4.034478604793549
0.0   -3.9782596826553345
0.0   -4.217369079589844
0.0   -4.160690069198608
0.0   -4.208357572555542
0.0   -4.1457765102386475
0.0   -3.831960439682007
1.0   38.93599891662598
1.0   25.682647705078125
1.0   33.2908753156662
1.0   41.608811140060425
1.0   13.606784343719482
1.0   -0.4546334743499756
1.0   52.95632290840149
1.0   39.99228072166443
1.0   42.08588659763336
1.0   52.46357846260071
1.0   50.244261384010315
1.0   25.29406762123108
1.0   52.398088574409485
1.0   44.42023801803589
1.0   29.69638991355896
1.0   51.62414038181305
1.0   15.447818756103516
1.0   34.86143344640732
1.0   18.526208877563477
1.0   -2.1799579858779907
1.0   17.647397994995117
1.0   5.979753494262695
1.0   39.60327732563019
1.0   9.637267589569092
1.0   9.258808612823486
1.0   -3.94716215133667
1.0   32.43668141961098
1.0   49.96006000041962
1.0   20.556119799613953
1.0   43.10891628265381
1.0   45.578449845314026
1.0   30.923045694828033
1.0   47.46500164270401
1.0   37.83290296792984
1.0   18.71397030353546
1.0   45.47117519378662
1.0   13.360435962677002
1.0   39.361878395080566
1.0   48.408463418483734
1.0   -3.088664412498474
1.0   -2.8582712411880493
1.0   35.444431126117706
1.0   37.92576688528061
1.0   -3.917717695236206
1.0   -3.550866961479187
1.0   40.63575327396393
1.0   36.17273384332657
0.0   -3.8076025247573853
0.0   -3.860914170742035
0.0   -3.844823956489563
0.0   -3.8538665771484375
0.0   -3.9180281162261963
0.0   -3.984765887260437
0.0   -3.5556785464286804
0.0   -3.6227797865867615
0.0   -3.904839336872101
0.0   -3.807260513305664
0.0   -3.8885998725891113
0.0   -3.7492170333862305
0.0   -3.9379908442497253
0.0   -3.844541609287262
0.0   -3.7591934204101562
0.0   -3.702893376350403
0.0   -3.934894859790802
0.0   -3.878952205181122
0.0   -3.927111506462097
0.0   -3.867631494998932
0.0   -3.5656391382217407
1.0   39.4144868850708
1.0   26.048275858163834
1.0   33.69674730300903
1.0   42.08973169326782
1.0   13.92905592918396
1.0   -0.18310117721557617
1.0   53.48465049266815
1.0   40.439292550086975
1.0   42.5621954202652
1.0   53.03946828842163
1.0   50.84070944786072
1.0   25.65145254135132
1.0   52.986717224121094
1.0   44.903440952301025
1.0   30.08993524312973
1.0   52.20813226699829
1.0   15.77504312992096
1.0   35.29967340826988
1.0   18.852179408073425
1.0   -1.9096029996871948
1.0   17.970412015914917
1.0   6.263487100601196
1.0   40.05479937791824
1.0   9.924402236938477
1.0   9.556727886199951
1.0   -3.680597245693207
1.0   32.83249673247337
1.0   50.45454430580139
1.0   20.91006350517273
1.0   43.5560257434845
1.0   46.06791591644287
1.0   31.348350286483765
1.0   47.942005038261414
1.0   38.27440667152405
1.0   19.03685700893402
1.0   45.95406246185303
1.0   13.683465719223022
1.0   39.78497588634491
1.0   48.92759919166565
1.0   -2.8211601972579956
1.0   -2.593543767929077
1.0   35.87257218360901
1.0   38.365797996520996
1.0   -3.651007115840912
1.0   -3.2775728702545166
1.0   41.11630296707153
1.0   36.60124683380127
0.0   -3.518402934074402
0.0   -3.5686533451080322
0.0   -3.5511284470558167
0.0   -3.5564496517181396
0.0   -3.6210153102874756
0.0   -3.6873730421066284
0.0   -3.270286440849304
0.0   -3.33538281917572
0.0   -3.6143434047698975
0.0   -3.5167981386184692
0.0   -3.589575409889221
0.0   -3.461263120174408
0.0   -3.6403145790100098
0.0   -3.5520217418670654
0.0   -3.467213809490204
0.0   -3.4092516899108887
0.0   -3.635026514530182
0.0   -3.579209089279175
0.0   -3.626958131790161
0.0   -3.570781111717224
0.0   -3.2817766666412354
1.0   39.904407024383545
1.0   26.431384801864624
1.0   34.117451548576355
1.0   42.569748640060425
1.0   14.265867590904236
1.0   0.10367155075073242
1.0   54.02465796470642
1.0   40.901196360588074
1.0   43.0483433008194
1.0   53.622626543045044
1.0   51.44835615158081
1.0   26.022653341293335
1.0   53.58950734138489
1.0   45.3954873085022
1.0   30.497382521629333
1.0   52.79362630844116
1.0   16.119803190231323
1.0   35.75419104099274
1.0   19.19652795791626
1.0   -1.6205517053604126
1.0   18.310067176818848
1.0   6.563283920288086
1.0   40.52173203229904
1.0   10.22766399383545
1.0   9.8711519241333
1.0   -3.3971668481826782
1.0   33.24214577674866
1.0   50.965675354003906
1.0   21.280438661575317
1.0   44.02268373966217
1.0   46.57097101211548
1.0   31.78554379940033
1.0   48.433984994888306
1.0   38.73070013523102
1.0   19.37710189819336
1.0   46.450117230415344
1.0   14.024985790252686
1.0   40.226402759552
1.0   49.468658685684204
1.0   -2.534995913505554
1.0   -2.309641122817993
1.0   36.31642270088196
1.0   38.8166960477829
1.0   -3.3654763102531433
1.0   -2.9874358773231506
1.0   41.60685217380524
1.0   37.04395949840546
0.0   -3.212536036968231
0.0   -3.257385492324829
0.0   -3.238060712814331
0.0   -3.2410956621170044
0.0   -3.304755210876465
0.0   -3.3700549602508545
0.0   -2.9678489565849304
0.0   -3.031052350997925
0.0   -3.307435989379883
0.0   -3.2074227929115295
0.0   -3.2728917598724365
0.0   -3.1552926301956177
0.0   -3.325636386871338
0.0   -3.2442557215690613
0.0   -3.1559906601905823
0.0   -3.0983004570007324
0.0   -3.317121744155884
0.0   -3.262576162815094
0.0   -3.310688018798828
0.0   -3.2559491395950317
0.0   -2.9773454070091248
1.0   40.34760808944702
1.0   26.805745661258698
1.0   34.51415944099426
1.0   43.01022291183472
1.0   14.60291337966919
1.0   0.4023711681365967
1.0   54.51613426208496
1.0   41.325774908065796
1.0   43.49650692939758
1.0   54.15594816207886
1.0   51.995423316955566
1.0   26.372534036636353
1.0   54.138776540756226
1.0   45.84509205818176
1.0   30.88468849658966
1.0   53.3155632019043
1.0   16.461259365081787
1.0   36.17979967594147
1.0   19.539400815963745
1.0   -1.3180673122406006
1.0   18.649802207946777
1.0   6.871579170227051
1.0   40.95921969413757
1.0   10.53722882270813
1.0   10.193515539169312
1.0   -3.0955130457878113
1.0   33.64158135652542
1.0   51.44434213638306
1.0   21.644914150238037
1.0   44.46082293987274
1.0   47.036993861198425
1.0   32.2005900144577
1.0   48.892558097839355
1.0   39.16632533073425
1.0   19.71516263484955
1.0   46.907110929489136
1.0   14.372695207595825
1.0   40.6448655128479
1.0   49.980039954185486
1.0   -2.233812093734741
1.0   -2.0111217498779297
1.0   36.730841875076294
1.0   39.233548283576965
1.0   -3.0641338229179382
1.0   -2.6788156032562256
1.0   42.062458753585815
1.0   37.45881366729736
0.0   -3.1805434226989746
0.0   -3.2247431874275208
0.0   -3.2052431106567383
0.0   -3.2080963850021362
0.0   -3.2716381549835205
0.0   -3.336694598197937
0.0   -2.9361079931259155
0.0   -2.999029576778412
0.0   -3.2753032445907593
0.0   -3.1748998165130615
0.0   -3.2396541833877563
0.0   -3.1232656240463257
0.0   -3.292648673057556
0.0   -3.212069034576416
0.0   -3.1232975721359253
0.0   -3.0655585527420044
0.0   -3.283803343772888
0.0   -3.229412794113159
0.0   -3.277617573738098
0.0   -3.222959280014038
0.0   -2.9454686641693115
1.0   40.39111113548279
1.0   26.843850553035736
1.0   34.55384290218353
1.0   43.05343961715698
1.0   14.637322187423706
1.0   0.4334383010864258
1.0   54.56489610671997
1.0   41.36799693107605
1.0   43.540785789489746
1.0   54.20908212661743
1.0   52.04892039299011
1.0   26.407162189483643
1.0   54.19275522232056
1.0   45.889272689819336
1.0   30.923365235328674
1.0   53.36761283874512
1.0   16.496126651763916
1.0   36.22221326828003
1.0   19.574289321899414
1.0   -1.2866226434707642
1.0   18.68453276157379
1.0   6.903370380401611
1.0   41.002816796302795
1.0   10.569106578826904
1.0   10.226828575134277
1.0   -3.0638372898101807
1.0   33.68209910392761
1.0   51.49217748641968
1.0   21.681800544261932
1.0   44.50438368320465
1.0   47.082672238349915
1.0   32.241984248161316
1.0   48.938719749450684
1.0   39.2102016210556
1.0   19.749467611312866
1.0   46.95260286331177
1.0   14.408340692520142
1.0   40.68706226348877
1.0   50.03147768974304
1.0   -2.202308177947998
1.0   -1.9797650575637817
1.0   36.7724883556366
1.0   39.275097727775574
1.0   -3.0324568152427673
1.0   -2.646480441093445
1.0   42.1075553894043
1.0   37.50010645389557
0.0   -3.1549397706985474
0.0   -3.1986632347106934
0.0   -3.1790095567703247
0.0   -3.1816295385360718
0.0   -3.245125889778137
0.0   -3.309993028640747
0.0   -2.9107694029808044
0.0   -2.9734485149383545
0.0   -3.249622106552124
0.0   -3.1488959789276123
0.0   -3.2131141424179077
0.0   -3.097644329071045
0.0   -3.266267418861389
0.0   -3.186269223690033
0.0   -3.097168445587158
0.0   -3.039427876472473
0.0   -3.2572221159934998
0.0   -3.202901005744934
0.0   -3.25116503238678
0.0   -3.1965861320495605
0.0   -2.9199966192245483
1.0   40.42023420333862
1.0   26.87269699573517
1.0   34.5818567276001
1.0   43.08293008804321
1.0   14.663971841335297
1.0   0.45832180976867676
1.0   54.59777116775513
1.0   41.39691185951233
1.0   43.57093572616577
1.0   54.24463176727295
1.0   52.08407020568848
1.0   26.43182682991028
1.0   54.22809171676636
1.0   45.91919255256653
1.0   30.95138955116272
1.0   53.401248931884766
1.0   16.522755026817322
1.0   36.25200414657593
1.0   19.60115349292755
1.0   -1.2614786624908447
1.0   18.711487591266632
1.0   6.928542613983154
1.0   41.033957839012146
1.0   10.594212055206299
1.0   10.253034114837646
1.0   -3.03835666179657
1.0   33.712106823921204
1.0   51.525774240493774
1.0   21.709789097309113
1.0   44.53583204746246
1.0   47.11485290527344
1.0   32.27187156677246
1.0   48.97131395339966
1.0   39.241769552230835
1.0   19.775952339172363
1.0   46.9849454164505
1.0   14.43628978729248
1.0   40.71792554855347
1.0   50.068264961242676
1.0   -2.1771326065063477
1.0   -1.9547510147094727
1.0   36.80171525478363
1.0   39.30423200130463
1.0   -3.0070053339004517
1.0   -2.620617628097534
1.0   42.13844347000122
1.0   37.528619050979614
0.0   -3.12768018245697
0.0   -3.170873999595642
0.0   -3.151049852371216
0.0   -3.1534011363983154
0.0   -3.216907262802124
0.0   -3.281571626663208
0.0   -2.883781313896179
0.0   -2.9461949467658997
0.0   -3.2223235368728638
0.0   -3.121211349964142
0.0   -3.1848212480545044
0.0   -3.0703823566436768
0.0   -3.238145112991333
0.0   -3.158792495727539
0.0   -3.06934654712677
0.0   -3.0115981698036194
0.0   -3.2289286851882935
0.0   -3.1746286153793335
0.0   -3.2229798436164856
0.0   -3.168519675731659
0.0   -2.892842411994934
1.0   40.45255899429321
1.0   26.9044828414917
1.0   34.61285924911499
1.0   43.1157169342041
1.0   14.693243503570557
1.0   0.48513078689575195
1.0   54.63359832763672
1.0   41.429034948349
1.0   43.60439920425415
1.0   54.28360652923584
1.0   52.1225004196167
1.0   26.45912194252014
1.0   54.26677966117859
1.0   45.952089071273804
1.0   30.98224401473999
1.0   53.43822693824768
1.0   16.5520521402359
1.0   36.28429663181305
1.0   19.630751252174377
1.0   -1.2345819473266602
1.0   18.741140961647034
1.0   6.955876111984253
1.0   41.068302035331726
1.0   10.621376991271973
1.0   10.28136682510376
1.0   -3.0112446546554565
1.0   33.7451565861702
1.0   51.56290006637573
1.0   21.74042773246765
1.0   44.570093631744385
1.0   47.150376319885254
1.0   32.30475080013275
1.0   49.007288455963135
1.0   39.27650499343872
1.0   19.805320024490356
1.0   47.02026605606079
1.0   14.46653962135315
1.0   40.75165843963623
1.0   50.10861682891846
1.0   -2.1502822637557983
1.0   -1.9280016422271729
1.0   36.8335143327713
1.0   39.33613479137421
1.0   -2.97984778881073
1.0   -2.5930203199386597
1.0   42.17231464385986
1.0   37.55975067615509
0.0   -3.1000640392303467
0.0   -3.1428122520446777
0.0   -3.1227575540542603
0.0   -3.124842405319214
0.0   -3.188331961631775
0.0   -3.2528321146965027
0.0   -2.856513559818268
0.0   -2.918663740158081
0.0   -3.194761633872986
0.0   -3.09320467710495
0.0   -3.156251072883606
0.0   -3.0428249835968018
0.0   -3.2097678184509277
0.0   -3.1310590505599976
0.0   -3.041226625442505
0.0   -2.983477830886841
0.0   -3.2003382444381714
0.0   -3.1461194157600403
0.0   -3.1945152282714844
0.0   -3.1401304602622986
0.0   -2.865449547767639
1.0   40.4809455871582
1.0   26.936112999916077
1.0   34.64220070838928
1.0   43.14571690559387
1.0   14.722611367702484
1.0   0.5123634338378906
1.0   54.66675162315369
1.0   41.4586318731308
1.0   43.635356187820435
1.0   54.31832957267761
1.0   52.15588712692261
1.0   26.485045194625854
1.0   54.30014443397522
1.0   45.98175668716431
1.0   31.011541485786438
1.0   53.470337867736816
1.0   16.581411600112915
1.0   36.31422805786133
1.0   19.660879611968994
1.0   -1.207382082939148
1.0   18.771239519119263
1.0   6.983743906021118
1.0   41.101122975349426
1.0   10.649096012115479
1.0   10.31016755104065
1.0   -2.9838662147521973
1.0   33.77834242582321
1.0   51.59805154800415
1.0   21.770779192447662
1.0   44.603697299957275
1.0   47.184149384498596
1.0   32.33618772029877
1.0   49.042019844055176
1.0   39.310134410858154
1.0   19.835175156593323
1.0   47.05391716957092
1.0   14.497446537017822
1.0   40.78501570224762
1.0   50.14773941040039
1.0   -2.123202323913574
1.0   -1.900923252105713
1.0   36.86390030384064
1.0   39.36660838127136
1.0   -2.9524393677711487
1.0   -2.5650826692581177
1.0   42.203808307647705
1.0   37.589216470718384
0.0   -3.0705384016036987
0.0   -3.112912654876709
0.0   -3.092610001564026
0.0   -3.0943342447280884
0.0   -3.157924234867096
0.0   -3.222271203994751
0.0   -2.827426850795746
0.0   -2.8893063068389893
0.0   -3.1652698516845703
0.0   -3.0633891820907593
0.0   -3.125859022140503
0.0   -3.0134923458099365
0.0   -3.1795055866241455
0.0   -3.1014703512191772
0.0   -3.0112416744232178
0.0   -2.9535441398620605
0.0   -3.1698718070983887
0.0   -3.115739345550537
0.0   -3.164227604866028
0.0   -3.109924077987671
0.0   -2.836219906806946
1.0   40.50449204444885
1.0   26.96594500541687
1.0   34.66793131828308
1.0   43.17067861557007
1.0   14.75109851360321
1.0   0.5405476093292236
1.0   54.693851947784424
1.0   41.48361039161682
1.0   43.66118931770325
1.0   54.346659660339355
1.0   52.182584047317505
1.0   26.50800383090973
1.0   54.326539516448975
1.0   46.00613331794739
1.0   31.037496089935303
1.0   53.4967155456543
1.0   16.609437704086304
1.0   36.34032475948334
1.0   19.689371168613434
1.0   -1.178827166557312
1.0   18.79999053478241
1.0   7.01183009147644
1.0   41.13005447387695
1.0   10.676666975021362
1.0   10.33914852142334
1.0   -2.9546737670898438
1.0   33.80871361494064
1.0   51.62823534011841
1.0   21.799564838409424
1.0   44.63296735286713
1.0   47.21324670314789
1.0   32.36412739753723
1.0   49.07232999801636
1.0   39.339959383010864
1.0   19.863587021827698
1.0   47.08318376541138
1.0   14.527859926223755
1.0   40.814794301986694
1.0   50.182271003723145
1.0   -2.094392240047455
1.0   -1.8724080324172974
1.0   36.89023399353027
1.0   39.39248859882355
1.0   -2.9231640100479126
1.0   -2.535483717918396
1.0   42.229801177978516
1.0   37.614469051361084
0.0   -3.042821228504181
0.0   -3.0849565267562866
0.0   -3.0643551349639893
0.0   -3.0657695531845093
0.0   -3.1294012665748596
0.0   -3.1935962438583374
0.0   -2.800226926803589
0.0   -2.86182701587677
0.0   -3.1374295949935913
0.0   -3.035416007041931
0.0   -3.0974594354629517
0.0   -2.9860061407089233
0.0   -3.1511752605438232
0.0   -3.0737849473953247
0.0   -2.983169674873352
0.0   -2.925573170185089
0.0   -3.141372323036194
0.0   -3.087339460849762
0.0   -3.1358726024627686
0.0   -3.081632673740387
0.0   -2.808891236782074
1.0   40.52049112319946
1.0   26.99209725856781
1.0   34.68804740905762
1.0   43.18867802619934
1.0   14.776790618896484
1.0   0.5668230056762695
1.0   54.713587284088135
1.0   41.50208926200867
1.0   43.68035078048706
1.0   54.366286277770996
1.0   52.19938945770264
1.0   26.526100873947144
1.0   54.343027114868164
1.0   46.02325892448425
1.0   31.058549404144287
1.0   53.513370752334595
1.0   16.634352445602417
1.0   36.36031770706177
1.0   19.71499365568161
1.0   -1.1521681547164917
1.0   18.826048493385315
1.0   7.037740707397461
1.0   41.15353715419769
1.0   10.702144861221313
1.0   10.366095304489136
1.0   -2.927304983139038
1.0   33.83490562438965
1.0   51.65211868286133
1.0   21.824606955051422
1.0   44.65716028213501
1.0   47.23703670501709
1.0   32.38658654689789
1.0   49.096944093704224
1.0   39.36401951313019
1.0   19.88918435573578
1.0   47.1066460609436
1.0   14.555986404418945
1.0   40.83980846405029
1.0   50.21014165878296
1.0   -2.0675522685050964
1.0   -1.8456820249557495
1.0   36.911258578300476
1.0   39.41287350654602
1.0   -2.8957918286323547
1.0   -2.5077561140060425
1.0   42.24865102767944
1.0   37.63389539718628
0.0   -3.014324188232422
0.0   -3.0561758875846863
0.0   -3.035284161567688
0.0   -3.0363632440567017
0.0   -3.1000534296035767
0.0   -3.164104700088501
0.0   -2.772211194038391
0.0   -2.833594262599945
0.0   -3.108821749687195
0.0   -3.00661039352417
0.0   -3.0681568384170532
0.0   -2.95772385597229
0.0   -3.1219828128814697
0.0   -3.0453479290008545
0.0   -2.954257607460022
0.0   -2.8967052698135376
0.0   -3.112009048461914
0.0   -3.058010518550873
0.0   -3.106619954109192
0.0   -3.0524911880493164
0.0   -2.780752658843994
1.0   40.53671979904175
1.0   27.018094152212143
1.0   34.70813703536987
1.0   43.20647430419922
1.0   14.802783727645874
1.0   0.5937812328338623
1.0   54.733068227767944
1.0   41.520458459854126
1.0   43.69945192337036
1.0   54.38558793067932
1.0   52.21654415130615
1.0   26.544349670410156
1.0   54.35975885391235
1.0   46.04020619392395
1.0   31.07956898212433
1.0   53.5306510925293
1.0   16.659825801849365
1.0   36.380383253097534
1.0   19.740982949733734
1.0   -1.124863624572754
1.0   18.852318108081818
1.0   7.064118146896362
1.0   41.17669713497162
1.0   10.72791337966919
1.0   10.393305540084839
1.0   -2.8991791009902954
1.0   33.86096793413162
1.0   51.67556166648865
1.0   21.8496595621109
1.0   44.680524468421936
1.0   47.26019871234894
1.0   32.409196615219116
1.0   49.12104368209839
1.0   39.38778579235077
1.0   19.915098667144775
1.0   47.12972140312195
1.0   14.58429765701294
1.0   40.864224910736084
1.0   50.23775362968445
1.0   -2.039914906024933
1.0   -1.8183860778808594
1.0   36.93219804763794
1.0   39.433188796043396
1.0   -2.867603361606598
1.0   -2.4792474508285522
1.0   42.2677206993103
1.0   37.65354013442993
0.0   -2.9837818145751953
0.0   -3.025313973426819
0.0   -3.004149913787842
0.0   -3.004885196685791
0.0   -3.0686557292938232
0.0   -3.132535696029663
0.0   -2.7421876192092896
0.0   -2.8032474517822266
0.0   -3.0781635642051697
0.0   -2.975810706615448
0.0   -3.0368300080299377
0.0   -2.9274779558181763
0.0   -3.0907094478607178
0.0   -3.0148627758026123
0.0   -2.923282742500305
0.0   -2.86576771736145
0.0   -3.0805526971817017
0.0   -3.026634931564331
0.0   -3.0753653049468994
0.0   -3.0213024616241455
0.0   -2.7506219148635864
1.0   40.5591344833374
1.0   27.047575384378433
1.0   34.733314514160156
1.0   43.230607986450195
1.0   14.831197142601013
1.0   0.622704267501831
1.0   54.76039171218872
1.0   41.544973850250244
1.0   43.724778175354004
1.0   54.41305947303772
1.0   52.2420175075531
1.0   26.566620349884033
1.0   54.38514280319214
1.0   46.0637583732605
1.0   31.105324506759644
1.0   53.55614233016968
1.0   16.68832218647003
1.0   36.40631055831909
1.0   19.770127296447754
1.0   -1.0955219268798828
1.0   18.881634771823883
1.0   7.092764139175415
1.0   41.205625891685486
1.0   10.756194353103638
1.0   10.423194408416748
1.0   -2.869042992591858
1.0   33.89197313785553
1.0   51.705705881118774
1.0   21.877886593341827
1.0   44.70997965335846
1.0   47.28960204124451
1.0   32.43692588806152
1.0   49.15140390396118
1.0   39.41704547405243
1.0   19.94406419992447
1.0   47.15893578529358
1.0   14.615812063217163
1.0   40.894288420677185
1.0   50.2721586227417
1.0   -2.0104657411575317
1.0   -1.789071798324585
1.0   36.95899176597595
1.0   39.45955491065979
1.0   -2.837484121322632
1.0   -2.4487427473068237
1.0   42.29356360435486
1.0   37.67886245250702
0.0   -2.953375816345215
0.0   -2.994477391242981
0.0   -2.973177433013916
0.0   -2.9734556674957275
0.0   -3.0373165607452393
0.0   -3.1010206937789917
0.0   -2.7122361063957214
0.0   -2.7729769945144653
0.0   -3.0476117730140686
0.0   -2.9450660943984985
0.0   -3.005574584007263
0.0   -2.8971940875053406
0.0   -3.05952525138855
0.0   -2.9844533801078796
0.0   -2.892407178878784
0.0   -2.8348610401153564
0.0   -3.0491979122161865
0.0   -2.9952938556671143
0.0   -3.044053792953491
0.0   -2.990196406841278
0.0   -2.720536172389984
1.0   40.5856716632843
1.0   27.079379379749298
1.0   34.761417865753174
1.0   43.258408069610596
1.0   14.861426711082458
1.0   0.6521031856536865
1.0   54.79142904281616
1.0   41.57285785675049
1.0   43.75337791442871
1.0   54.445223808288574
1.0   52.27232527732849
1.0   26.590961456298828
1.0   54.415257930755615
1.0   46.09086728096008
1.0   31.133447766304016
1.0   53.585960388183594
1.0   16.718461632728577
1.0   36.43528091907501
1.0   19.800513207912445
1.0   -1.065926194190979
1.0   18.912489235401154
1.0   7.122219800949097
1.0   41.237354040145874
1.0   10.78536605834961
1.0   10.45379114151001
1.0   -2.8389992117881775
1.0   33.924883127212524
1.0   51.738797187805176
1.0   21.90823918581009
1.0   44.742138385772705
1.0   47.32190716266632
1.0   32.46742880344391
1.0   49.18468475341797
1.0   39.44892632961273
1.0   19.974548995494843
1.0   47.19124150276184
1.0   14.648097515106201
1.0   40.926650524139404
1.0   50.30933094024658
1.0   -1.9808040857315063
1.0   -1.7596627473831177
1.0   36.98839092254639
1.0   39.48858988285065
1.0   -2.8074527382850647
1.0   -2.4182187914848328
1.0   42.32271909713745
1.0   37.7068647146225
0.0   -2.92072856426239
0.0   -2.961415410041809
0.0   -2.939936578273773
0.0   -2.939787745475769
0.0   -3.003625810146332
0.0   -3.0672709941864014
0.0   -2.6800718307495117
0.0   -2.740485429763794
0.0   -3.014709234237671
0.0   -2.912050485610962
0.0   -2.9720245003700256
0.0   -2.8646047115325928
0.0   -3.0260611176490784
0.0   -2.9517176747322083
0.0   -2.8592705130577087
0.0   -2.8017200231552124
0.0   -3.015559673309326
0.0   -2.961686372756958
0.0   -3.0104942321777344
0.0   -2.9568119049072266
0.0   -2.688257932662964
1.0   40.615363121032715
1.0   27.112201809883118
1.0   34.791337728500366
1.0   43.28899097442627
1.0   14.89271479845047
1.0   0.6831297874450684
1.0   54.824753284454346
1.0   41.60330629348755
1.0   43.78422427177429
1.0   54.48041820526123
1.0   52.306480407714844
1.0   26.6170095205307
1.0   54.449527740478516
1.0   46.12078928947449
1.0   31.16348934173584
1.0   53.61933779716492
1.0   16.749544501304626
1.0   36.466490745544434
1.0   19.832154989242554
1.0   -1.0344033241271973
1.0   18.944416761398315
1.0   7.153127908706665
1.0   41.27135980129242
1.0   10.816051721572876
1.0   10.48616909980774
1.0   -2.8067554235458374
1.0   33.95898771286011
1.0   51.77428650856018
1.0   21.939550578594208
1.0   44.775474309921265
1.0   47.35635423660278
1.0   32.5001859664917
1.0   49.21993446350098
1.0   39.48276162147522
1.0   20.006065905094147
1.0   47.22570085525513
1.0   14.68206524848938
1.0   40.96009182929993
1.0   50.34823393821716
1.0   -1.9491751790046692
1.0   -1.7282769680023193
1.0   37.02001881599426
1.0   39.519681096076965
1.0   -2.775190830230713
1.0   -2.3854883909225464
1.0   42.35511064529419
1.0   37.737624645233154
