0.0   4.954919457435608
0.0   4.93223762512207
0.0   4.911308765411377
0.0   4.970680594444275
0.0   4.920513987541199
0.0   4.925488650798798
0.0   4.951547741889954
0.0   4.8597604632377625
0.0   4.941094934940338
0.0   4.90373682975769
0.0   4.901639401912689
0.0   4.946279168128967
0.0   4.989371657371521
0.0   4.925449430942535
0.0   4.944022059440613
0.0   4.844186961650848
0.0   4.937342643737793
0.0   4.984301805496216
0.0   4.981821358203888
0.0   4.93936824798584
1.0   11.13955807685852
1.0   8.68311595916748
1.0   6.574171781539917
1.0   8.928281545639038
1.0   7.927674651145935
1.0   6.3502726554870605
1.0   7.012963771820068
1.0   8.846916913986206
1.0   7.659721374511719
1.0   8.84789228439331
1.0   9.482895612716675
1.0   11.433884620666504
1.0   10.992455005645752
1.0   8.386022090911865
1.0   5.688199520111084
1.0   10.277724742889404
1.0   6.3460774421691895
1.0   7.921157360076904
1.0   9.79140853881836
1.0   11.752797603607178
1.0   8.967854022979736
1.0   6.658237814903259
1.0   8.372506141662598
1.0   8.151940822601318
1.0   8.273665189743042
1.0   9.16127610206604
1.0   9.4309983253479
1.0   8.224045753479004
1.0   12.423240184783936
1.0   4.66286838054657
1.0   5.574219703674316
1.0   8.427990078926086
1.0   8.373891592025757
1.0   9.402373790740967
1.0   12.14775824546814
1.0   8.786203145980835
1.0   10.28368854522705
1.0   5.254766941070557
1.0   4.9259732365608215
1.0   4.876590371131897
1.0   11.660673379898071
1.0   10.729177951812744
1.0   6.0628029108047485
1.0   11.317741394042969
1.0   9.417299509048462
1.0   12.816680192947388
1.0   10.491208910942078
1.0   4.471902847290039
1.0   4.862550377845764
1.0   8.329529881477356
1.0   8.466678261756897
1.0   4.490104556083679
1.0   4.898656606674194
0.0   -0.4204334020614624
0.0   -0.45378029346466064
0.0   -0.45114970207214355
0.0   -0.4040501117706299
0.0   -0.4426126480102539
0.0   -0.46743619441986084
0.0   -0.42411136627197266
0.0   -0.5022166967391968
0.0   -0.41249144077301025
0.0   -0.4625234603881836
0.0   -0.4572639465332031
0.0   -0.4363664388656616
0.0   -0.40154361724853516
0.0   -0.45380210876464844
0.0   -0.4378401041030884
0.0   -0.502008318901062
0.0   -0.43811774253845215
0.0   -0.4015786647796631
0.0   -0.4052056074142456
0.0   -0.44917964935302734
1.0   28.323606967926025
1.0   23.62700080871582
1.0   19.094340324401855
1.0   22.762221813201904
1.0   18.22220289707184
1.0   20.1161150932312
1.0   19.648772954940796
1.0   25.717106819152832
1.0   19.132749795913696
1.0   27.231486320495605
1.0   24.225258350372314
1.0   27.67246675491333
1.0   31.21105194091797
1.0   25.582322597503662
1.0   19.06827402114868
1.0   30.453777313232422
1.0   7.62010931968689
1.0   18.515400409698486
1.0   24.320494651794434
1.0   28.602699756622314
1.0   21.23780643939972
1.0   12.73338758945465
1.0   20.24781346321106
1.0   16.586790546774864
1.0   16.249146819114685
1.0   19.88480943441391
1.0   27.10708236694336
1.0   18.42795240879059
1.0   29.9864022731781
1.0   1.9152863025665283
1.0   6.744421482086182
1.0   18.97275161743164
1.0   20.191718459129333
1.0   24.639954328536987
1.0   27.399182319641113
1.0   16.577374756336212
1.0   23.36270785331726
1.0   1.0564818382263184
1.0   -0.37198495864868164
1.0   0.36882567405700684
1.0   25.33979558944702
1.0   21.235058307647705
1.0   9.939894914627075
1.0   24.787662982940674
1.0   17.71073442697525
1.0   25.811229705810547
1.0   17.012798696756363
1.0   1.401048183441162
1.0   -0.3880136013031006
1.0   13.88793933391571
1.0   15.39365142583847
1.0   1.3745102882385254
1.0   -0.3369067907333374
0.0   -3.252089500427246
0.0   -3.29063618183136
0.0   -3.279222249984741
0.0   -3.234591484069824
0.0   -3.2638399600982666
0.0   -3.309678077697754
0.0   -3.2568269968032837
0.0   -3.323333978652954
0.0   -3.2256059646606445
0.0   -3.2905027866363525
0.0   -3.2714478969573975
0.0   -3.2739646434783936
0.0   -3.2437151670455933
0.0   -3.2930846214294434
0.0   -3.275196075439453
0.0   -3.3073127269744873
0.0   -3.272775650024414
0.0   -3.2379441261291504
0.0   -3.2408506870269775
0.0   -3.289323091506958
1.0   33.5434627532959
1.0   28.477311611175537
1.0   23.38257074356079
1.0   28.347001433372498
1.0   22.52115336060524
1.0   24.886335134506226
1.0   23.74332332611084
1.0   31.01559829711914
1.0   23.835983514785767
1.0   33.550538063049316
1.0   29.795777797698975
1.0   33.039347410202026
1.0   37.267080307006836
1.0   31.36476182937622
1.0   23.116786003112793
1.0   36.40188646316528
1.0   8.228453159332275
1.0   23.13419172167778
1.0   30.20339059829712
1.0   34.40946435928345
1.0   26.00899225473404
1.0   15.563428401947021
1.0   25.18312358856201
1.0   20.44002056121826
1.0   19.526881486177444
1.0   24.402137756347656
1.0   33.527647972106934
1.0   22.847625851631165
1.0   36.218905448913574
1.0   0.7403531074523926
1.0   7.245911598205566
1.0   23.41256484389305
1.0   25.017936646938324
1.0   29.883924961090088
1.0   33.41253995895386
1.0   20.127596735954285
1.0   28.755480527877808
1.0   -1.2908604145050049
1.0   -3.1546934843063354
1.0   -1.869274616241455
1.0   30.506431579589844
1.0   25.75635254383087
1.0   11.628280997276306
1.0   29.619301319122314
1.0   21.219309508800507
1.0   30.953572273254395
1.0   20.054416865110397
1.0   0.11826324462890625
1.0   -3.1415176391601562
1.0   16.691104412078857
1.0   18.275647342205048
1.0   0.2111492156982422
1.0   -3.0883904695510864
0.0   -4.649506330490112
0.0   -4.6858683824539185
0.0   -4.671300768852234
0.0   -4.6313982009887695
0.0   -4.653941512107849
0.0   -4.710152864456177
0.0   -4.653167128562927
0.0   -4.709036111831665
0.0   -4.613694429397583
0.0   -4.681099772453308
0.0   -4.659686088562012
0.0   -4.676193833351135
0.0   -4.650984287261963
0.0   -4.692740559577942
0.0   -4.674787878990173
0.0   -4.683127403259277
0.0   -4.6660075187683105
0.0   -4.639907240867615
0.0   -4.643125772476196
0.0   -4.69028115272522
1.0   35.85711324214935
1.0   30.78599452972412
1.0   25.55183696746826
1.0   31.82037127017975
1.0   25.482222855091095
1.0   27.542240381240845
1.0   25.886820018291473
1.0   33.67099356651306
1.0   27.007627576589584
1.0   36.94476318359375
1.0   33.18508356809616
1.0   35.981379210948944
1.0   39.889551639556885
1.0   34.34799647331238
1.0   24.979522347450256
1.0   38.69934368133545
1.0   9.363139629364014
1.0   26.267908215522766
1.0   33.93509614467621
1.0   37.531372770667076
1.0   28.967285692691803
1.0   17.766287803649902
1.0   28.619067430496216
1.0   23.24051070213318
1.0   21.638704419136047
1.0   27.352941036224365
1.0   37.4668385386467
1.0   25.80656361579895
1.0   39.658853858709335
1.0   0.6132450103759766
1.0   8.246728420257568
1.0   26.634875774383545
1.0   28.220082104206085
1.0   32.86650323867798
1.0   37.12123543024063
1.0   22.62922191619873
1.0   32.16528034210205
1.0   -2.344386339187622
1.0   -4.521764397621155
1.0   -2.7816641330718994
1.0   33.49473309516907
1.0   28.715531289577484
1.0   12.926020383834839
1.0   32.510816395282745
1.0   23.682079792022705
1.0   34.196427166461945
1.0   22.261132180690765
1.0   0.2804102897644043
1.0   -4.492372989654541
1.0   18.797432899475098
1.0   20.27418804168701
1.0   0.05235028266906738
1.0   -4.43039858341217
0.0   -4.379822731018066
0.0   -4.407456994056702
0.0   -4.399137020111084
0.0   -4.36309027671814
0.0   -4.373146176338196
0.0   -4.438604712486267
0.0   -4.381028652191162
0.0   -4.424788236618042
0.0   -4.3353095054626465
0.0   -4.402662754058838
0.0   -4.382042646408081
0.0   -4.407020568847656
0.0   -4.3896849155426025
0.0   -4.4223960638046265
0.0   -4.410942554473877
0.0   -4.400652647018433
0.0   -4.389668345451355
0.0   -4.376655220985413
0.0   -4.374233245849609
0.0   -4.413715362548828
1.0   40.43234634399414
1.0   34.5328004360199
1.0   28.78259766101837
1.0   36.959827184677124
1.0   29.861541390419006
1.0   31.48673176765442
1.0   29.393773078918457
1.0   38.32646298408508
1.0   31.424878478050232
1.0   42.025818824768066
1.0   38.014172434806824
1.0   40.88932228088379
1.0   45.10110282897949
1.0   38.85536432266235
1.0   28.436464309692383
1.0   42.9352765083313
1.0   12.167338848114014
1.0   30.93341863155365
1.0   39.26625680923462
1.0   43.01862955093384
1.0   33.819832146167755
1.0   21.508784890174866
1.0   33.57515674829483
1.0   27.490651845932007
1.0   25.24758869409561
1.0   32.188225612044334
1.0   43.211416125297546
1.0   30.568586260080338
1.0   45.50785684585571
1.0   1.9194755554199219
1.0   10.797040462493896
1.0   31.363498464226723
1.0   32.991289258003235
1.0   38.040178418159485
1.0   42.73693299293518
1.0   26.705314844846725
1.0   35.682565212249756
1.0   -1.7645846605300903
1.0   -4.235500335693359
1.0   -2.073699712753296
1.0   37.5908887386322
1.0   31.677979469299316
1.0   15.404428958892822
1.0   36.44782495498657
1.0   27.298828721046448
1.0   38.46431350708008
1.0   24.854542553424835
1.0   1.8141460418701172
1.0   -4.19820511341095
1.0   21.68297827243805
1.0   22.568952798843384
1.0   1.3505241870880127
1.0   -4.13458251953125
0.0   -5.024260640144348
0.0   -5.042614936828613
0.0   -5.034952640533447
0.0   -5.004209280014038
0.0   -5.010348558425903
0.0   -5.083219766616821
0.0   -5.018118500709534
0.0   -5.053970575332642
0.0   -4.963185966014862
0.0   -5.03853976726532
0.0   -5.01914370059967
0.0   -5.049621522426605
0.0   -5.04200279712677
0.0   -5.0648088455200195
0.0   -5.057906866073608
0.0   -5.028176307678223
0.0   -5.027797222137451
0.0   -5.032615005970001
0.0   -5.026363849639893
0.0   -5.054086208343506
1.0   45.42692565917969
1.0   38.49543809890747
1.0   32.16688656806946
1.0   41.4902822971344
1.0   33.24212443828583
1.0   35.280845642089844
1.0   33.014835596084595
1.0   43.428415298461914
1.0   35.054946422576904
1.0   47.21574306488037
1.0   42.44821763038635
1.0   45.748164653778076
1.0   51.00323724746704
1.0   43.45539093017578
1.0   32.11163663864136
1.0   48.28247785568237
1.0   13.919573545455933
1.0   34.5675892829895
1.0   43.863996744155884
1.0   48.43218517303467
1.0   38.083964824676514
1.0   24.260149598121643
1.0   37.64926636219025
1.0   30.633110493421555
1.0   28.143761157989502
1.0   36.08591151237488
1.0   48.54475235939026
1.0   34.319589376449585
1.0   51.24489450454712
1.0   2.445284605026245
1.0   12.276709794998169
1.0   35.02231585979462
1.0   36.959994077682495
1.0   43.01819610595703
1.0   47.79013252258301
1.0   29.68438881635666
1.0   38.945070028305054
1.0   -1.9060447216033936
1.0   -4.858710289001465
1.0   -2.247438073158264
1.0   41.5755889415741
1.0   34.096802711486816
1.0   17.11853039264679
1.0   40.12188100814819
1.0   30.00802904367447
1.0   42.220856070518494
1.0   26.655742645263672
1.0   2.2865867614746094
1.0   -4.78310626745224
1.0   23.741674721240997
1.0   24.529414415359497
1.0   1.6287031173706055
1.0   -4.740801155567169
0.0   -5.5485230684280396
0.0   -5.5609190464019775
0.0   -5.551920115947723
0.0   -5.525150239467621
0.0   -5.529690742492676
0.0   -5.605693697929382
0.0   -5.53577721118927
0.0   -5.564408540725708
0.0   -5.46995210647583
0.0   -5.556771636009216
0.0   -5.537583529949188
0.0   -5.574045479297638
0.0   -5.57345712184906
0.0   -5.586542367935181
0.0   -5.583470940589905
0.0   -5.536221265792847
0.0   -5.549044966697693
0.0   -5.559966802597046
0.0   -5.554837286472321
0.0   -5.575536012649536
1.0   47.036731243133545
1.0   39.720571517944336
1.0   33.3581109046936
1.0   43.344149589538574
1.0   34.66328090429306
1.0   36.65173625946045
1.0   34.311503887176514
1.0   45.111109256744385
1.0   36.61903524398804
1.0   49.121654987335205
1.0   44.22694158554077
1.0   47.523788928985596
1.0   52.8311333656311
1.0   45.03511834144592
1.0   33.144957542419434
1.0   49.85842227935791
1.0   14.898228406906128
1.0   36.213911056518555
1.0   45.78813564777374
1.0   50.49279546737671
1.0   39.79553461074829
1.0   25.57829761505127
1.0   39.44090378284454
1.0   32.162989765405655
1.0   29.477608144283295
1.0   37.81464684009552
1.0   50.625802993774414
1.0   36.00517827272415
1.0   53.572927951812744
1.0   2.887749433517456
1.0   13.09351396560669
1.0   36.7050518989563
1.0   38.635878682136536
1.0   44.88335299491882
1.0   49.8563597202301
1.0   31.074358820915222
1.0   40.80964922904968
1.0   -1.8504106998443604
1.0   -5.3643776178359985
1.0   -2.399772524833679
1.0   43.23191809654236
1.0   35.77729821205139
1.0   17.94762098789215
1.0   41.78573548793793
1.0   31.3797804415226
1.0   43.97327363491058
1.0   27.786534011363983
1.0   2.6466152667999268
1.0   -5.1754539012908936
1.0   24.99135148525238
1.0   25.94698214530945
1.0   1.958545207977295
1.0   -5.225851893424988
0.0   -5.606343239545822
0.0   -5.602083802223206
0.0   -5.621116906404495
0.0   -5.570169389247894
0.0   -5.602357387542725
0.0   -5.649475276470184
0.0   -5.588187277317047
0.0   -5.579920768737793
0.0   -5.506314277648926
0.0   -5.612621396780014
0.0   -5.581291973590851
0.0   -5.629335165023804
0.0   -5.6398685574531555
0.0   -5.632223039865494
0.0   -5.622369766235352
0.0   -5.558359146118164
0.0   -5.615940243005753
0.0   -5.610723286867142
0.0   -5.621142506599426
0.0   -5.629808187484741
1.0   47.281463384628296
1.0   39.83944606781006
1.0   33.70857787132263
1.0   44.20382785797119
1.0   35.46923190355301
1.0   37.11356556415558
1.0   34.65778291225433
1.0   45.41892385482788
1.0   37.51766216754913
1.0   49.72575378417969
1.0   44.99007797241211
1.0   48.00421631336212
1.0   52.897879123687744
1.0   45.44558811187744
1.0   33.15305042266846
1.0   49.915547370910645
1.0   15.801984786987305
1.0   37.18704569339752
1.0   46.7766238451004
1.0   51.10528886318207
1.0   40.63422045111656
1.0   26.512640714645386
1.0   40.476754665374756
1.0   33.24684405326843
1.0   30.33010756969452
1.0   38.8348491191864
1.0   51.40856087207794
1.0   36.986309349536896
1.0   54.265690207481384
1.0   3.539426803588867
1.0   13.899883508682251
1.0   37.723148345947266
1.0   39.49516701698303
1.0   45.444382190704346
1.0   50.76417374610901
1.0   32.046696454286575
1.0   42.33749347925186
1.0   -1.3766136169433594
1.0   -5.403895407915115
1.0   -2.1105854511260986
1.0   44.04684615135193
1.0   37.38971412181854
1.0   18.641865134239197
1.0   42.721808314323425
1.0   32.43873590230942
1.0   45.09079301357269
1.0   28.91450047492981
1.0   3.273037910461426
1.0   -4.962801992893219
1.0   26.23512488603592
1.0   27.391958236694336
1.0   2.636298656463623
1.0   -5.16908586025238
0.0   -6.336370944976807
0.0   -6.331699371337891
0.0   -6.350935697555542
0.0   -6.296254813671112
0.0   -6.353986322879791
0.0   -6.373008191585541
0.0   -6.307058870792389
0.0   -6.304961681365967
0.0   -6.233993649482727
0.0   -6.339101821184158
0.0   -6.306936621665955
0.0   -6.37079930305481
0.0   -6.380045771598816
0.0   -6.353497862815857
0.0   -6.335343539714813
0.0   -6.257983684539795
0.0   -6.354507923126221
0.0   -6.343601226806641
0.0   -6.37302029132843
0.0   -6.365770220756531
1.0   47.39369684457779
1.0   39.92402122169733
1.0   33.99475660920143
1.0   44.47707810997963
1.0   35.508886098861694
1.0   37.365002661943436
1.0   34.82427243888378
1.0   45.714421302080154
1.0   37.73822021484375
1.0   50.1911618411541
1.0   45.334422409534454
1.0   48.20354121923447
1.0   53.049857676029205
1.0   45.7478503882885
1.0   33.144340336322784
1.0   50.28090640902519
1.0   15.616620540618896
1.0   37.364158153533936
1.0   47.083127558231354
1.0   51.422607243061066
1.0   40.83908349275589
1.0   26.50996446609497
1.0   40.77091336250305
1.0   33.348509788513184
1.0   30.46714448928833
1.0   39.04367542266846
1.0   51.761185348033905
1.0   37.139503836631775
1.0   54.612259328365326
1.0   3.1317124366760254
1.0   13.691511631011963
1.0   37.91169786453247
1.0   39.689626693725586
1.0   45.57341629266739
1.0   51.0462749004364
1.0   32.050761699676514
1.0   43.34403371810913
1.0   -1.9657118320465088
1.0   -6.102268099784851
1.0   -2.7171497344970703
1.0   44.424763560295105
1.0   38.37464860081673
1.0   18.565285801887512
1.0   43.25002282857895
1.0   32.68458437919617
1.0   45.666637778282166
1.0   29.238383650779724
1.0   2.8560571670532227
1.0   -5.642364323139191
1.0   26.606507778167725
1.0   28.17745316028595
1.0   2.1930973529815674
1.0   -5.854883432388306
0.0   -7.590009152889252
0.0   -7.582384347915649
0.0   -7.597330987453461
0.0   -7.543288707733154
0.0   -7.599517822265625
0.0   -7.619401156902313
0.0   -7.564586281776428
0.0   -7.549281358718872
0.0   -7.481607377529144
0.0   -7.588371515274048
0.0   -7.551896095275879
0.0   -7.625419855117798
0.0   -7.627980291843414
0.0   -7.606349050998688
0.0   -7.584060907363892
0.0   -7.492230713367462
0.0   -7.606315553188324
0.0   -7.5947540402412415
0.0   -7.631358802318573
0.0   -7.614988803863525
1.0   45.890777587890625
1.0   38.53202724456787
1.0   32.96366620063782
1.0   43.22277879714966
1.0   34.203240633010864
1.0   36.11650085449219
1.0   33.664310932159424
1.0   44.50733423233032
1.0   36.584453105926514
1.0   48.954575061798096
1.0   44.10096740722656
1.0   46.80352973937988
1.0   51.4166157245636
1.0   44.40520524978638
1.0   31.808141708374023
1.0   48.840829372406006
1.0   14.55513048171997
1.0   36.19997191429138
1.0   45.85017251968384
1.0   50.22203803062439
1.0   39.65009546279907
1.0   25.36585521697998
1.0   39.65631675720215
1.0   32.18048429489136
1.0   29.408447980880737
1.0   37.893799781799316
1.0   50.42030334472656
1.0   35.99350452423096
1.0   53.32018542289734
1.0   2.058722496032715
1.0   12.649949073791504
1.0   36.72217893600464
1.0   38.4842848777771
1.0   44.19363760948181
1.0   49.742818117141724
1.0   30.820345401763916
1.0   42.55839514732361
1.0   -3.175832748413086
1.0   -7.335519313812256
1.0   -3.909763813018799
1.0   43.184518814086914
1.0   37.68533134460449
1.0   17.47133469581604
1.0   42.24886131286621
1.0   31.65600824356079
1.0   44.71074461936951
1.0   28.22315549850464
1.0   1.7866253852844238
1.0   -6.8871084451675415
1.0   25.725483179092407
1.0   27.492870092391968
1.0   1.0497527122497559
1.0   -7.07620906829834
0.0   -7.595420658588409
0.0   -7.587504267692566
0.0   -7.602645754814148
0.0   -7.548774778842926
0.0   -7.604886949062347
0.0   -7.62472265958786
0.0   -7.570816099643707
0.0   -7.55501115322113
0.0   -7.4873799085617065
0.0   -7.59399276971817
0.0   -7.557323694229126
0.0   -7.630686402320862
0.0   -7.633121013641357
0.0   -7.611598491668701
0.0   -7.589212119579315
0.0   -7.497925579547882
0.0   -7.612013101577759
0.0   -7.6007755398750305
0.0   -7.637426018714905
0.0   -7.620379626750946
1.0   45.92703080177307
1.0   38.56147527694702
1.0   32.997549057006836
1.0   43.28397798538208
1.0   34.247042655944824
1.0   36.15839624404907
1.0   33.699267625808716
1.0   44.55711650848389
1.0   36.63655996322632
1.0   49.018492698669434
1.0   44.15986967086792
1.0   46.850879192352295
1.0   51.456429958343506
1.0   44.45434284210205
1.0   31.831615924835205
1.0   48.88091421127319
1.0   14.585681915283203
1.0   36.25538921356201
1.0   45.9176185131073
1.0   50.28375005722046
1.0   39.70761728286743
1.0   25.408337593078613
1.0   39.718913078308105
1.0   32.22755432128906
1.0   29.449318408966064
1.0   37.95296859741211
1.0   50.49172496795654
1.0   36.049500465393066
1.0   53.38817763328552
1.0   2.0708723068237305
1.0   12.675570487976074
1.0   36.7752468585968
1.0   38.54144883155823
1.0   44.24699831008911
1.0   49.806612491607666
1.0   30.86132287979126
1.0   42.632038593292236
1.0   -3.179206371307373
1.0   -7.341361224651337
1.0   -3.9119043350219727
1.0   43.23516321182251
1.0   37.75193428993225
1.0   17.492258548736572
1.0   42.30505990982056
1.0   31.7057044506073
1.0   44.77594447135925
1.0   28.25385046005249
1.0   1.7940278053283691
1.0   -6.893206477165222
1.0   25.769545078277588
1.0   27.544485092163086
1.0   1.0578713417053223
1.0   -7.081231594085693
0.0   -7.524892032146454
0.0   -7.516784310340881
0.0   -7.5324055552482605
0.0   -7.478322386741638
0.0   -7.534376084804535
0.0   -7.553978204727173
0.0   -7.50093138217926
0.0   -7.484970688819885
0.0   -7.417374432086945
0.0   -7.523821532726288
0.0   -7.486965239048004
0.0   -7.5599405169487
0.0   -7.562313437461853
0.0   -7.5410462617874146
0.0   -7.518485486507416
0.0   -7.428255498409271
0.0   -7.5414241552352905
0.0   -7.5305564403533936
0.0   -7.567162394523621
0.0   -7.549416542053223
1.0   46.06793975830078
1.0   38.68366241455078
1.0   33.10752511024475
1.0   43.45134496688843
1.0   34.390026330947876
1.0   36.293169021606445
1.0   33.821409463882446
1.0   44.69976234436035
1.0   36.78472852706909
1.0   49.18632173538208
1.0   44.31830406188965
1.0   47.004868030548096
1.0   51.6085901260376
1.0   44.60632061958313
1.0   31.94304323196411
1.0   49.01822233200073
1.0   14.699234008789062
1.0   36.408228397369385
1.0   46.08633470535278
1.0   50.44418668746948
1.0   39.865376472473145
1.0   25.54187297821045
1.0   39.88017511367798
1.0   32.372196674346924
1.0   29.573791980743408
1.0   38.10863757133484
1.0   50.67331027984619
1.0   36.20425510406494
1.0   53.563796520233154
1.0   2.1540045738220215
1.0   12.777047157287598
1.0   36.92722225189209
1.0   38.69696831703186
1.0   44.40623140335083
1.0   49.97991609573364
1.0   30.999340534210205
1.0   42.786582469940186
1.0   -3.110403537750244
1.0   -7.2720977663993835
1.0   -3.840757131576538
1.0   43.38583588600159
1.0   37.888822078704834
1.0   17.589232921600342
1.0   42.445913314819336
1.0   31.839449882507324
1.0   44.928844928741455
1.0   28.359222650527954
1.0   1.869938850402832
1.0   -6.824700713157654
1.0   25.889542818069458
1.0   27.661115169525146
1.0   1.1397206783294678
1.0   -7.011697888374329
0.0   -7.456021726131439
0.0   -7.448025703430176
0.0   -7.464105546474457
0.0   -7.409826099872589
0.0   -7.4657381772994995
0.0   -7.484810709953308
0.0   -7.432820677757263
0.0   -7.416805148124695
0.0   -7.349123656749725
0.0   -7.455391705036163
0.0   -7.418236613273621
0.0   -7.490708887577057
0.0   -7.493277370929718
0.0   -7.472336053848267
0.0   -7.449584722518921
0.0   -7.360215067863464
0.0   -7.472411394119263
0.0   -7.461728632450104
0.0   -7.498502850532532
0.0   -7.4801636934280396
1.0   46.05329465866089
1.0   38.669299364089966
1.0   33.09843349456787
1.0   43.50399112701416
1.0   34.44671630859375
1.0   36.3043909072876
1.0   33.82697248458862
1.0   44.698837757110596
1.0   36.83579206466675
1.0   49.200218200683594
1.0   44.35165858268738
1.0   47.02010202407837
1.0   51.57884407043457
1.0   44.60747003555298
1.0   31.930931568145752
1.0   48.97036290168762
1.0   14.778368473052979
1.0   36.47520995140076
1.0   46.14304184913635
1.0   50.467920541763306
1.0   39.91888451576233
1.0   25.614002227783203
1.0   39.94380712509155
1.0   32.445112228393555
1.0   29.623130083084106
1.0   38.175644874572754
1.0   50.715837478637695
1.0   36.27519249916077
1.0   53.59454345703125
1.0   2.2220239639282227
1.0   12.84730052947998
1.0   36.99536085128784
1.0   38.754605293273926
1.0   44.43860101699829
1.0   50.029982566833496
1.0   31.06491494178772
1.0   42.80921530723572
1.0   -3.0475780963897705
1.0   -7.204538583755493
1.0   -3.775491952896118
1.0   43.41139531135559
1.0   37.90542709827423
1.0   17.630430698394775
1.0   42.46462631225586
1.0   31.8957097530365
1.0   44.97081923484802
1.0   28.386122226715088
1.0   1.93011474609375
1.0   -6.758519411087036
1.0   25.938841104507446
1.0   27.68460249900818
1.0   1.2080395221710205
1.0   -6.944169282913208
0.0   -7.3405996561050415
0.0   -7.332647621631622
0.0   -7.349445700645447
0.0   -7.295116364955902
0.0   -7.350561022758484
0.0   -7.369050621986389
0.0   -7.3179174065589905
0.0   -7.302340984344482
0.0   -7.234349071979523
0.0   -7.34028422832489
0.0   -7.303069829940796
0.0   -7.374939441680908
0.0   -7.377654790878296
0.0   -7.357061505317688
0.0   -7.334201693534851
0.0   -7.246100306510925
0.0   -7.357076525688171
0.0   -7.346259415149689
0.0   -7.382848620414734
0.0   -7.364244103431702
1.0   46.09169578552246
1.0   38.700915575027466
1.0   33.12444829940796
1.0   43.61649179458618
1.0   34.56090497970581
1.0   36.363372802734375
1.0   33.877321004867554
1.0   44.74503993988037
1.0   36.94022178649902
1.0   49.265218019485474
1.0   44.436939001083374
1.0   47.09064078330994
1.0   51.60453462600708
1.0   44.65838885307312
1.0   31.963404893875122
1.0   48.96565508842468
1.0   14.908698081970215
1.0   36.59882354736328
1.0   46.25839972496033
1.0   50.543105602264404
1.0   40.02700614929199
1.0   25.74067735671997
1.0   40.06366539001465
1.0   32.575270652770996
1.0   29.720397472381592
1.0   38.30001759529114
1.0   50.81790018081665
1.0   36.4032187461853
1.0   53.68363690376282
1.0   2.3356146812438965
1.0   12.965057373046875
1.0   37.12097644805908
1.0   38.86655020713806
1.0   44.53056526184082
1.0   50.14230680465698
1.0   31.188647985458374
1.0   42.86979603767395
1.0   -2.9385881423950195
1.0   -7.0906513929367065
1.0   -3.66426682472229
1.0   43.49239540100098
1.0   37.95317006111145
1.0   17.716397285461426
1.0   42.52456283569336
1.0   32.00139570236206
1.0   45.06190013885498
1.0   28.4516019821167
1.0   2.034102201461792
1.0   -6.64592170715332
1.0   26.029895544052124
1.0   27.737772464752197
1.0   1.3227839469909668
1.0   -6.830414533615112
0.0   -7.241739809513092
0.0   -7.23385089635849
0.0   -7.250866651535034
0.0   -7.196329355239868
0.0   -7.251655995845795
0.0   -7.269696116447449
0.0   -7.219321072101593
0.0   -7.204062223434448
0.0   -7.135944366455078
0.0   -7.241555869579315
0.0   -7.204296290874481
0.0   -7.2757487297058105
0.0   -7.278299391269684
0.0   -7.258387565612793
0.0   -7.235102117061615
0.0   -7.148112714290619
0.0   -7.2579134702682495
0.0   -7.247310400009155
0.0   -7.283561885356903
0.0   -7.265016853809357
1.0   46.01257681846619
1.0   38.62599039077759
1.0   33.057422161102295
1.0   43.63213396072388
1.0   34.59578609466553
1.0   36.32180166244507
1.0   33.833866357803345
1.0   44.681437492370605
1.0   36.95946502685547
1.0   49.20765924453735
1.0   44.41828751564026
1.0   47.05025243759155
1.0   51.49458456039429
1.0   44.589083433151245
1.0   31.90049457550049
1.0   48.8224573135376
1.0   14.998312950134277
1.0   36.64454174041748
1.0   46.27666091918945
1.0   50.50953674316406
1.0   40.047486305236816
1.0   25.80722713470459
1.0   40.0974555015564
1.0   32.6368350982666
1.0   29.747263431549072
1.0   38.34539270401001
1.0   50.80541467666626
1.0   36.45378613471985
1.0   53.65616035461426
1.0   2.423203468322754
1.0   13.043864250183105
1.0   37.16815137863159
1.0   38.893760204315186
1.0   44.519463539123535
1.0   50.15161395072937
1.0   31.242963790893555
1.0   42.819536447525024
1.0   -2.8480875492095947
1.0   -6.993263602256775
1.0   -3.570995569229126
1.0   43.46974039077759
1.0   37.90052103996277
1.0   17.748079776763916
1.0   42.483567237854004
1.0   32.03544235229492
1.0   45.056750774383545
1.0   28.444355964660645
1.0   2.1143226623535156
1.0   -6.550242900848389
1.0   26.05422878265381
1.0   27.709253549575806
1.0   1.4128432273864746
1.0   -6.733263671398163
0.0   -7.122895956039429
0.0   -7.114924371242523
0.0   -7.13227915763855
0.0   -7.077455401420593
0.0   -7.13276481628418
0.0   -7.1502503752708435
0.0   -7.1004891991615295
0.0   -7.085644364356995
0.0   -7.017525672912598
0.0   -7.122563302516937
0.0   -7.085456132888794
0.0   -7.156419277191162
0.0   -7.158950209617615
0.0   -7.139615297317505
0.0   -7.116000235080719
0.0   -7.030187249183655
0.0   -7.138710021972656
0.0   -7.1280500292778015
0.0   -7.164121508598328
0.0   -7.145597457885742
1.0   46.00490188598633
1.0   38.61222791671753
1.0   33.037192821502686
1.0   43.70681285858154
1.0   34.67759132385254
1.0   36.33395338058472
1.0   33.841864585876465
1.0   44.68411326408386
1.0   37.025057792663574
1.0   49.217910289764404
1.0   44.45653247833252
1.0   47.076242446899414
1.0   51.469990968704224
1.0   44.58448386192322
1.0   31.894707202911377
1.0   48.75414323806763
1.0   15.115655899047852
1.0   36.73630475997925
1.0   46.35239934921265
1.0   50.54227304458618
1.0   40.12255597114563
1.0   25.910999298095703
1.0   40.181344509124756
1.0   32.740017890930176
1.0   29.81167960166931
1.0   38.439446449279785
1.0   50.85975694656372
1.0   36.54860544204712
1.0   53.702144622802734
1.0   2.530641555786133
1.0   13.148295402526855
1.0   37.26175022125244
1.0   38.97303795814514
1.0   44.57596397399902
1.0   50.22357797622681
1.0   31.33893609046936
1.0   42.80153822898865
1.0   -2.737914562225342
1.0   -6.876159906387329
1.0   -3.458116054534912
1.0   43.500922203063965
1.0   37.86838698387146
1.0   17.807482719421387
1.0   42.48601675033569
1.0   32.1032657623291
1.0   45.094074726104736
1.0   28.459172010421753
1.0   2.2130463123321533
1.0   -6.4349923729896545
1.0   26.101121425628662
1.0   27.69443702697754
1.0   1.5234360694885254
1.0   -6.616942882537842
0.0   -7.008764386177063
0.0   -7.000712096691132
0.0   -7.018010973930359
0.0   -6.963447749614716
0.0   -7.018654704093933
0.0   -7.035530865192413
0.0   -6.986342072486877
0.0   -6.97203516960144
0.0   -6.9038583636283875
0.0   -7.008271336555481
0.0   -6.971380352973938
0.0   -7.041888475418091
0.0   -7.044336438179016
0.0   -7.025705695152283
0.0   -7.001724004745483
0.0   -6.917078137397766
0.0   -7.024285852909088
0.0   -7.0136390924453735
0.0   -7.049475312232971
0.0   -7.030978560447693
1.0   46.070311307907104
1.0   38.66140389442444
1.0   33.06635642051697
1.0   43.83339977264404
1.0   34.79547095298767
1.0   36.396459341049194
1.0   33.8989462852478
1.0   44.75525212287903
1.0   37.126301765441895
1.0   49.29571223258972
1.0   44.54537034034729
1.0   47.166157245635986
1.0   51.53663492202759
1.0   44.64657258987427
1.0   31.947453498840332
1.0   48.76964855194092
1.0   15.243143558502197
1.0   36.864596366882324
1.0   46.479267835617065
1.0   50.64252853393555
1.0   40.24396371841431
1.0   26.038090467453003
1.0   40.305169105529785
1.0   32.86969995498657
1.0   29.90644884109497
1.0   38.570637226104736
1.0   50.978768825531006
1.0   36.680498361587524
1.0   53.81947207450867
1.0   2.639248847961426
1.0   13.259700298309326
1.0   37.390451431274414
1.0   39.096230268478394
1.0   44.695087909698486
1.0   50.35359287261963
1.0   31.46269655227661
1.0   42.80689883232117
1.0   -2.6299667358398438
1.0   -6.763533771038055
1.0   -3.3475918769836426
1.0   43.57959985733032
1.0   37.84496474266052
1.0   17.880855560302734
1.0   42.52769327163696
1.0   32.193076848983765
1.0   45.16912508010864
1.0   28.482118606567383
1.0   2.310955047607422
1.0   -6.324194431304932
1.0   26.15578317642212
1.0   27.682187795639038
1.0   1.6333327293395996
1.0   -6.505079030990601
0.0   -6.939648747444153
0.0   -6.931521415710449
0.0   -6.9487215876579285
0.0   -6.894437372684479
0.0   -6.94917106628418
0.0   -6.965957045555115
0.0   -6.917185425758362
0.0   -6.90342652797699
0.0   -6.835020542144775
0.0   -6.938923001289368
0.0   -6.902210116386414
0.0   -6.972523331642151
0.0   -6.974793553352356
0.0   -6.9569284319877625
0.0   -6.932563662528992
0.0   -6.8488088846206665
0.0   -6.954925775527954
0.0   -6.9443923234939575
0.0   -6.9799728989601135
0.0   -6.9615638256073
1.0   46.058374881744385
1.0   38.64346480369568
1.0   33.03745102882385
1.0   43.87564158439636
1.0   34.837891578674316
1.0   36.38884496688843
1.0   33.891818046569824
1.0   44.75450301170349
1.0   37.150832653045654
1.0   49.293083906173706
1.0   44.5554986000061
1.0   47.17505121231079
1.0   51.52199387550354
1.0   44.631120681762695
1.0   31.939743518829346
1.0   48.710660457611084
1.0   15.30988883972168
1.0   36.91480875015259
1.0   46.5207896232605
1.0   50.66345572471619
1.0   40.284053802490234
1.0   26.0957293510437
1.0   40.349260091781616
1.0   32.92369079589844
1.0   29.93500804901123
1.0   38.62420177459717
1.0   51.009538650512695
1.0   36.73464226722717
1.0   53.84893035888672
1.0   2.6991162300109863
1.0   13.31590223312378
1.0   37.44015693664551
1.0   39.14181876182556
1.0   44.73195123672485
1.0   50.39539623260498
1.0   31.510982513427734
1.0   42.73184633255005
1.0   -2.5672152042388916
1.0   -6.695476055145264
1.0   -3.282618999481201
1.0   43.57674980163574
1.0   37.743208169937134
1.0   17.898797750473022
1.0   42.49584436416626
1.0   32.210784912109375
1.0   45.16613173484802
1.0   28.43623399734497
1.0   2.360779285430908
1.0   -6.257847785949707
1.0   26.14419722557068
1.0   27.601361751556396
1.0   1.695329189300537
1.0   -6.437777459621429
0.0   -6.854304671287537
0.0   -6.846505522727966
0.0   -6.863603234291077
0.0   -6.809551000595093
0.0   -6.8636669516563416
0.0   -6.880464673042297
0.0   -6.831895351409912
0.0   -6.818647027015686
0.0   -6.750254511833191
0.0   -6.853638052940369
0.0   -6.817151486873627
0.0   -6.887275516986847
0.0   -6.889323532581329
0.0   -6.872354745864868
0.0   -6.847549557685852
0.0   -6.764789819717407
0.0   -6.8697487115859985
0.0   -6.859002113342285
0.0   -6.894468545913696
0.0   -6.876300930976868
1.0   46.19041633605957
1.0   38.75627827644348
1.0   33.11995553970337
1.0   44.02823615074158
1.0   34.96688365936279
1.0   36.502227783203125
1.0   33.9942421913147
1.0   44.88624596595764
1.0   37.26980209350586
1.0   49.43648028373718
1.0   44.68602538108826
1.0   47.3124475479126
1.0   51.67547607421875
1.0   44.76214337348938
1.0   32.04993009567261
1.0   48.82506465911865
1.0   15.415468692779541
1.0   37.04997992515564
1.0   46.67239046096802
1.0   50.80985474586487
1.0   40.422616481781006
1.0   26.214655876159668
1.0   40.489157915115356
1.0   33.04914474487305
1.0   30.036794662475586
1.0   38.76219654083252
1.0   51.173572063446045
1.0   36.87094044685364
1.0   54.01132678985596
1.0   2.7826123237609863
1.0   13.40986442565918
1.0   37.574039936065674
1.0   39.28303527832031
1.0   44.88823866844177
1.0   50.553306102752686
1.0   31.62986135482788
1.0   42.77722883224487
1.0   -2.4858763217926025
1.0   -6.611694574356079
1.0   -3.199970245361328
1.0   43.69127917289734
1.0   37.74584126472473
1.0   17.974343299865723
1.0   42.57830762863159
1.0   32.30444049835205
1.0   45.26814579963684
1.0   28.464212894439697
1.0   2.4340808391571045
1.0   -6.175588369369507
1.0   26.200379371643066
1.0   27.601609468460083
1.0   1.7809205055236816
1.0   -6.3548583984375
0.0   -6.768937587738037
0.0   -6.761467397212982
0.0   -6.778439998626709
0.0   -6.724702000617981
0.0   -6.778119504451752
0.0   -6.7948795557022095
0.0   -6.746604740619659
0.0   -6.733776748180389
0.0   -6.665484189987183
0.0   -6.768254041671753
0.0   -6.732093155384064
0.0   -6.802048921585083
0.0   -6.803834676742554
0.0   -6.787766695022583
0.0   -6.762499809265137
0.0   -6.680665016174316
0.0   -6.78436553478241
0.0   -6.773574888706207
0.0   -6.808719992637634
0.0   -6.791015923023224
1.0   46.41094970703125
1.0   38.9505341053009
1.0   33.2769501209259
1.0   44.23781752586365
1.0   35.13984251022339
1.0   36.68990707397461
1.0   34.16618537902832
1.0   45.096848487854004
1.0   37.441062927246094
1.0   49.667879819869995
1.0   44.88597011566162
1.0   47.526610374450684
1.0   51.93217444419861
1.0   44.98379468917847
1.0   32.23571467399597
1.0   49.05430269241333
1.0   15.533066749572754
1.0   37.22511863708496
1.0   46.87982654571533
1.0   51.02513408660889
1.0   40.612809896469116
1.0   26.36109447479248
1.0   40.677040576934814
1.0   33.20707058906555
1.0   30.181335926055908
1.0   38.93980264663696
1.0   51.409289836883545
1.0   37.04534935951233
1.0   54.24458932876587
1.0   2.873645782470703
1.0   13.51776123046875
1.0   37.747466802597046
1.0   39.47167444229126
1.0   45.10802459716797
1.0   50.769094705581665
1.0   31.78121328353882
1.0   42.91516590118408
1.0   -2.401623249053955
1.0   -6.527863681316376
1.0   -3.1153533458709717
1.0   43.88127565383911
1.0   37.836328983306885
1.0   18.084741592407227
1.0   42.737183570861816
1.0   32.4411678314209
1.0   45.434492349624634
1.0   28.548903942108154
1.0   2.5164027214050293
1.0   -6.092710018157959
1.0   26.30323100090027
1.0   27.672134399414062
1.0   1.8712730407714844
1.0   -6.271633625030518
0.0   -6.763220012187958
0.0   -6.755813121795654
0.0   -6.772732257843018
0.0   -6.719063103199005
0.0   -6.7723618149757385
0.0   -6.789154767990112
0.0   -6.740906476974487
0.0   -6.728100776672363
0.0   -6.659846246242523
0.0   -6.762537837028503
0.0   -6.7264233231544495
0.0   -6.7963539361953735
0.0   -6.79811555147171
0.0   -6.782134771347046
0.0   -6.7568235993385315
0.0   -6.67507529258728
0.0   -6.778628587722778
0.0   -6.767851233482361
0.0   -6.802970051765442
0.0   -6.785346329212189
1.0   46.43593120574951
1.0   38.973994731903076
1.0   33.295921325683594
1.0   44.262020111083984
1.0   35.15912222862244
1.0   36.71267604827881
1.0   34.186662673950195
1.0   45.121373653411865
1.0   37.46098303794861
1.0   49.69600868225098
1.0   44.909812211990356
1.0   47.55119299888611
1.0   51.96176624298096
1.0   45.01081967353821
1.0   32.25722599029541
1.0   49.08288550376892
1.0   15.544421195983887
1.0   37.24507665634155
1.0   46.903836727142334
1.0   51.04968810081482
1.0   40.63371992111206
1.0   26.376096963882446
1.0   40.69831919670105
1.0   33.22390174865723
1.0   30.19696283340454
1.0   38.959060192108154
1.0   51.437084674835205
1.0   37.06450033187866
1.0   54.27141070365906
1.0   2.8812766075134277
1.0   13.52830696105957
1.0   37.766788721084595
1.0   39.49267625808716
1.0   45.132431507110596
1.0   50.79323434829712
1.0   31.797467708587646
1.0   42.93396806716919
1.0   -2.395205020904541
1.0   -6.522281050682068
1.0   -3.1091232299804688
1.0   43.905094146728516
1.0   37.851613998413086
1.0   18.096394062042236
1.0   42.756629943847656
1.0   32.456589698791504
1.0   45.454086780548096
1.0   28.560769081115723
1.0   2.52295184135437
1.0   -6.087076902389526
1.0   26.315560817718506
1.0   27.68363666534424
1.0   1.8786790370941162
1.0   -6.266046106815338
0.0   -6.762924909591675
0.0   -6.755564749240875
0.0   -6.7724310755729675
0.0   -6.718807399272919
0.0   -6.772050738334656
0.0   -6.788852572441101
0.0   -6.74064028263092
0.0   -6.727845788002014
0.0   -6.659574270248413
0.0   -6.76223886013031
0.0   -6.726134836673737
0.0   -6.796086072921753
0.0   -6.797816276550293
0.0   -6.781922459602356
0.0   -6.756581544876099
0.0   -6.674836814403534
0.0   -6.778305649757385
0.0   -6.76756739616394
0.0   -6.802648544311523
0.0   -6.7850698828697205
1.0   46.443257570266724
1.0   38.98121500015259
1.0   33.30237054824829
1.0   44.2674720287323
1.0   35.16315960884094
1.0   36.71995186805725
1.0   34.1924774646759
1.0   45.12881588935852
1.0   37.46576714515686
1.0   49.705026626586914
1.0   44.91645336151123
1.0   47.55769872665405
1.0   51.971232891082764
1.0   45.01997184753418
1.0   32.26452398300171
1.0   49.09321737289429
1.0   15.545701503753662
1.0   37.24887657165527
1.0   46.90952014923096
1.0   51.05564308166504
1.0   40.63823080062866
1.0   26.378623485565186
1.0   40.703229904174805
1.0   33.22663402557373
1.0   30.200129508972168
1.0   38.96276617050171
1.0   51.444913387298584
1.0   37.068288803100586
1.0   54.277464389801025
1.0   2.881898880004883
1.0   13.5294771194458
1.0   37.770503520965576
1.0   39.497801542282104
1.0   45.13813352584839
1.0   50.79818606376648
1.0   31.79955816268921
1.0   42.93989372253418
1.0   -2.3950347900390625
1.0   -6.522101104259491
1.0   -3.1088459491729736
1.0   43.911705017089844
1.0   37.85471320152283
1.0   18.098631381988525
1.0   42.762227058410645
1.0   32.45964217185974
1.0   45.45904088020325
1.0   28.562078952789307
1.0   2.5236892700195312
1.0   -6.087030410766602
1.0   26.317654609680176
1.0   27.685036659240723
1.0   1.8790903091430664
1.0   -6.265883266925812
0.0   -6.763303339481354
0.0   -6.7560073137283325
0.0   -6.772830307483673
0.0   -6.719249725341797
0.0   -6.772404789924622
0.0   -6.78926420211792
0.0   -6.741049289703369
0.0   -6.728299498558044
0.0   -6.659984469413757
0.0   -6.762604832649231
0.0   -6.726533889770508
0.0   -6.796512067317963
0.0   -6.798202455043793
0.0   -6.782396554946899
0.0   -6.757024526596069
0.0   -6.6753005385398865
0.0   -6.77864283323288
0.0   -6.767945647239685
0.0   -6.803000569343567
0.0   -6.785491168498993
1.0   46.45512580871582
1.0   38.99302625656128
1.0   33.31352376937866
1.0   44.27612662315369
1.0   35.16985368728638
1.0   36.7318754196167
1.0   34.202434062957764
1.0   45.14039087295532
1.0   37.47412919998169
1.0   49.71904468536377
1.0   44.92742919921875
1.0   47.56851291656494
1.0   51.9859082698822
1.0   45.03454089164734
1.0   32.275582790374756
1.0   49.110533237457275
1.0   15.54716682434082
1.0   37.25489664077759
1.0   46.91780090332031
1.0   51.06508541107178
1.0   40.64504098892212
1.0   26.381806135177612
1.0   40.71113419532776
1.0   33.23130416870117
1.0   30.205790996551514
1.0   38.967609167099
1.0   51.45689868927002
1.0   37.07333707809448
1.0   54.28672814369202
1.0   2.8829827308654785
1.0   13.531643390655518
1.0   37.77647566795349
1.0   39.50536584854126
1.0   45.146536350250244
1.0   50.806320905685425
1.0   31.80325746536255
1.0   42.95262813568115
1.0   -2.3952627182006836
1.0   -6.522544980049133
1.0   -3.109039306640625
1.0   43.92225694656372
1.0   37.86327528953552
1.0   18.103184938430786
1.0   42.772804260253906
1.0   32.46545219421387
1.0   45.46824264526367
1.0   28.567262172698975
1.0   2.52443265914917
1.0   -6.08754301071167
1.0   26.323134899139404
1.0   27.69094705581665
1.0   1.8799123764038086
1.0   -6.266263425350189
0.0   -6.769009292125702
0.0   -6.761794626712799
0.0   -6.778517842292786
0.0   -6.725006997585297
0.0   -6.778050899505615
0.0   -6.794994652271271
0.0   -6.746759355068207
0.0   -6.734023332595825
0.0   -6.665703594684601
0.0   -6.768276810646057
0.0   -6.732230246067047
0.0   -6.802268862724304
0.0   -6.803926050662994
0.0   -6.788209140300751
0.0   -6.762789487838745
0.0   -6.68107545375824
0.0   -6.784300625324249
0.0   -6.773625671863556
0.0   -6.808654844760895
0.0   -6.791277527809143
1.0   46.458940505981445
1.0   38.998411655426025
1.0   33.318867444992065
1.0   44.27826714515686
1.0   35.17108678817749
1.0   36.73796510696411
1.0   34.20610284805298
1.0   45.145007610321045
1.0   37.47676062583923
1.0   49.7262749671936
1.0   44.93236017227173
1.0   47.57200264930725
1.0   51.99148511886597
1.0   45.04223656654358
1.0   32.28019905090332
1.0   49.12053871154785
1.0   15.543956279754639
1.0   37.25527286529541
1.0   46.920565128326416
1.0   51.067944049835205
1.0   40.645591735839844
1.0   26.379589557647705
1.0   40.71355223655701
1.0   33.23023724555969
1.0   30.205546379089355
1.0   38.96690082550049
1.0   51.462220668792725
1.0   37.0726375579834
1.0   54.28843545913696
1.0   2.8795852661132812
1.0   13.52944564819336
1.0   37.77732849121094
1.0   39.506325006484985
1.0   45.14763689041138
1.0   50.80744743347168
1.0   31.801676988601685
1.0   42.95903253555298
1.0   -2.400270700454712
1.0   -6.5282814502716064
1.0   -3.1140928268432617
1.0   43.92652082443237
1.0   37.867828369140625
1.0   18.102497100830078
1.0   42.77768278121948
1.0   32.4664192199707
1.0   45.472580432891846
1.0   28.568082332611084
1.0   2.5209264755249023
1.0   -6.0931620597839355
1.0   26.32362985610962
1.0   27.69309949874878
1.0   1.875833511352539
1.0   -6.271922707557678
0.0   -6.776864409446716
0.0   -6.769697785377502
0.0   -6.786334276199341
0.0   -6.7328826785087585
0.0   -6.785850763320923
0.0   -6.802859663963318
0.0   -6.75462019443512
0.0   -6.741841733455658
0.0   -6.673520505428314
0.0   -6.776086330413818
0.0   -6.740037739276886
0.0   -6.810155987739563
0.0   -6.811773836612701
0.0   -6.796137690544128
0.0   -6.77067095041275
0.0   -6.6889389753341675
0.0   -6.792089462280273
0.0   -6.781436860561371
0.0   -6.816462874412537
0.0   -6.799181938171387
1.0   46.450228214263916
1.0   38.99253273010254
1.0   33.31575345993042
1.0   44.267446994781494
1.0   35.16085433959961
1.0   36.733155488967896
1.0   34.200072288513184
1.0   45.13738965988159
1.0   37.46862316131592
1.0   49.72006154060364
1.0   44.924840450286865
1.0   47.562485456466675
1.0   51.98318386077881
1.0   45.03697752952576
1.0   32.27584099769592
1.0   49.11716651916504
1.0   15.534249305725098
1.0   37.24427318572998
1.0   46.90945816040039
1.0   51.05739092826843
1.0   40.63475751876831
1.0   26.368876457214355
1.0   40.7035653591156
1.0   33.21858620643616
1.0   30.197021961212158
1.0   38.95523643493652
1.0   51.452420711517334
1.0   37.06106758117676
1.0   54.275898933410645
1.0   2.871623992919922
1.0   13.520461082458496
1.0   37.76617097854614
1.0   39.495996713638306
1.0   45.13558864593506
1.0   50.794506549835205
1.0   31.79007649421692
1.0   42.95855355262756
1.0   -2.4082517623901367
1.0   -6.5361407995224
1.0   -3.122044324874878
1.0   43.92003273963928
1.0   37.866185665130615
1.0   18.095865726470947
1.0   42.77306628227234
1.0   32.459022521972656
1.0   45.46627879142761
1.0   28.563107013702393
1.0   2.5136780738830566
1.0   -6.101041078567505
1.0   26.318666458129883
1.0   27.690266132354736
1.0   1.867751121520996
1.0   -6.279739737510681
0.0   -6.787039756774902
0.0   -6.7799317836761475
0.0   -6.796478629112244
0.0   -6.743096828460693
0.0   -6.7959699630737305
0.0   -6.813070476055145
0.0   -6.76481419801712
0.0   -6.75206983089447
0.0   -6.683670163154602
0.0   -6.786213397979736
0.0   -6.750179350376129
0.0   -6.820382058620453
0.0   -6.821963131427765
0.0   -6.806394934654236
0.0   -6.780895471572876
0.0   -6.699105679988861
0.0   -6.802225708961487
0.0   -6.791599154472351
0.0   -6.826622724533081
0.0   -6.809423744678497
1.0   46.440072536468506
1.0   38.98591756820679
1.0   33.31167554855347
1.0   44.25572633743286
1.0   35.14984440803528
1.0   36.727702140808105
1.0   34.1927924156189
1.0   45.12866497039795
1.0   37.459566593170166
1.0   49.712985038757324
1.0   44.9164559841156
1.0   47.551695823669434
1.0   51.97328329086304
1.0   45.03119468688965
1.0   32.2701473236084
1.0   49.113481521606445
1.0   15.522725105285645
1.0   37.23249864578247
1.0   46.897501945495605
1.0   51.045756816864014
1.0   40.62236738204956
1.0   26.35642981529236
1.0   40.692681312561035
1.0   33.20559644699097
1.0   30.18675923347473
1.0   38.94188356399536
1.0   51.44222927093506
1.0   37.0479998588562
1.0   54.26156187057495
1.0   2.8618741035461426
1.0   13.510210990905762
1.0   37.75416922569275
1.0   39.48464369773865
1.0   45.12214183807373
1.0   50.78085899353027
1.0   31.776952743530273
1.0   42.95635938644409
1.0   -2.418339252471924
1.0   -6.5463056564331055
1.0   -3.13226318359375
1.0   43.91169738769531
1.0   37.862940549850464
1.0   18.087551593780518
1.0   42.76741051673889
1.0   32.450132846832275
1.0   45.458881855010986
1.0   28.556329488754272
1.0   2.5038537979125977
1.0   -6.111314058303833
1.0   26.31160879135132
1.0   27.685476303100586
1.0   1.8573894500732422
1.0   -6.289845407009125
0.0   -6.801024079322815
0.0   -6.793985545635223
0.0   -6.8104053139686584
0.0   -6.757095456123352
0.0   -6.809885263442993
0.0   -6.8270933628082275
0.0   -6.778806090354919
0.0   -6.766057789325714
0.0   -6.6976014375686646
0.0   -6.800155758857727
0.0   -6.76410984992981
0.0   -6.8344327211380005
0.0   -6.835983633995056
0.0   -6.820417702198029
0.0   -6.794933974742889
0.0   -6.713048458099365
0.0   -6.816147148609161
0.0   -6.805563151836395
0.0   -6.840586185455322
0.0   -6.823488533496857
1.0   46.41823124885559
1.0   38.96924877166748
1.0   33.29852867126465
1.0   44.23347520828247
1.0   35.130189418792725
1.0   36.71233367919922
1.0   34.17630624771118
1.0   45.10865592956543
1.0   37.441750049591064
1.0   49.69411015510559
1.0   44.8978157043457
1.0   47.52995538711548
1.0   51.94961333274841
1.0   45.01379871368408
1.0   32.254011154174805
1.0   49.096580266952515
1.0   15.505724906921387
1.0   37.21199321746826
1.0   46.87548494338989
1.0   51.02259349822998
1.0   40.60014343261719
1.0   26.33669662475586
1.0   40.6729941368103
1.0   33.18515872955322
1.0   30.1686589717865
1.0   38.9195671081543
1.0   51.42054748535156
1.0   37.02642345428467
1.0   54.235374450683594
1.0   2.847968101501465
1.0   13.494917869567871
1.0   37.73362421989441
1.0   39.463884353637695
1.0   45.097312450408936
1.0   50.75600743293762
1.0   31.756428718566895
1.0   42.94445848464966
1.0   -2.432490587234497
1.0   -6.560228526592255
1.0   -3.14622163772583
1.0   43.893919229507446
1.0   37.852638244628906
1.0   18.073049783706665
1.0   42.751869201660156
1.0   32.433180809020996
1.0   45.44165802001953
1.0   28.54345417022705
1.0   2.4906411170959473
1.0   -6.125190734863281
1.0   26.297672748565674
1.0   27.674253463745117
1.0   1.8430473804473877
1.0   -6.303669273853302
0.0   -6.815886557102203
0.0   -6.808928966522217
0.0   -6.825240910053253
0.0   -6.771991074085236
0.0   -6.824720859527588
0.0   -6.8420276045799255
0.0   -6.793678820133209
0.0   -6.780935764312744
0.0   -6.712408661842346
0.0   -6.814965903759003
0.0   -6.778936564922333
0.0   -6.849351465702057
0.0   -6.850862383842468
0.0   -6.835323452949524
0.0   -6.809859335422516
0.0   -6.727881133556366
0.0   -6.830974042415619
0.0   -6.820385992527008
0.0   -6.855401337146759
0.0   -6.838452219963074
1.0   46.395981788635254
1.0   38.95246243476868
1.0   33.28580975532532
1.0   44.210811614990234
1.0   35.11001253128052
1.0   36.69733262062073
1.0   34.1598744392395
1.0   45.088473320007324
1.0   37.42347049713135
1.0   49.67537832260132
1.0   44.878889083862305
1.0   47.50767469406128
1.0   51.92589354515076
1.0   44.99657726287842
1.0   32.23864221572876
1.0   49.080894947052
1.0   15.487699031829834
1.0   37.19096326828003
1.0   46.852537870407104
1.0   50.99876260757446
1.0   40.577314615249634
1.0   26.31620693206787
1.0   40.65210962295532
1.0   33.163652420043945
1.0   30.15010714530945
1.0   38.89635229110718
1.0   51.398038387298584
1.0   37.00379419326782
1.0   54.20820999145508
1.0   2.8335914611816406
1.0   13.478962898254395
1.0   37.712260723114014
1.0   39.44275164604187
1.0   45.071592807769775
1.0   50.73003578186035
1.0   31.73509979248047
1.0   42.93561410903931
1.0   -2.44722843170166
1.0   -6.575051426887512
1.0   -3.160914897918701
1.0   43.876840591430664
1.0   37.84495162963867
1.0   18.059138298034668
1.0   42.73760795593262
1.0   32.41701078414917
1.0   45.42527675628662
1.0   28.53204917907715
1.0   2.477766990661621
1.0   -6.139905214309692
1.0   26.2854266166687
1.0   27.665424346923828
1.0   1.8284006118774414
1.0   -6.318366527557373
0.0   -6.832864046096802
0.0   -6.825987100601196
0.0   -6.842196226119995
0.0   -6.789018094539642
0.0   -6.841672241687775
0.0   -6.859078586101532
0.0   -6.810686230659485
0.0   -6.797978699207306
0.0   -6.72935026884079
0.0   -6.831896781921387
0.0   -6.7958701848983765
0.0   -6.866407632827759
0.0   -6.867865443229675
0.0   -6.852343201637268
0.0   -6.826901972293854
0.0   -6.744795858860016
0.0   -6.8479191064834595
0.0   -6.8373642563819885
0.0   -6.872392892837524
0.0   -6.855524778366089
1.0   46.36637020111084
1.0   38.92927122116089
1.0   33.26826095581055
1.0   44.18152189254761
1.0   35.08439517021179
1.0   36.676268577575684
1.0   34.13788175582886
1.0   45.061484813690186
1.0   37.399375915527344
1.0   49.64938831329346
1.0   44.853630781173706
1.0   47.47850155830383
1.0   51.89358401298523
1.0   44.97232508659363
1.0   32.21747159957886
1.0   49.057008266448975
1.0   15.466211795806885
1.0   37.16444969177246
1.0   46.822726011276245
1.0   50.968212842941284
1.0   40.54851579666138
1.0   26.291035175323486
1.0   40.625601291656494
1.0   33.13691711425781
1.0   30.127037525177002
1.0   38.86758327484131
1.0   51.367748737335205
1.0   36.97585844993591
1.0   54.173770904541016
1.0   2.816640853881836
1.0   13.459528923034668
1.0   37.685147523880005
1.0   39.415513038635254
1.0   45.03901290893555
1.0   50.69758367538452
1.0   31.70877981185913
1.0   42.921130657196045
1.0   -2.464259624481201
1.0   -6.591969609260559
1.0   -3.1778934001922607
1.0   43.85319471359253
1.0   37.832741022109985
1.0   18.041286945343018
1.0   42.71773171424866
1.0   32.39615035057068
1.0   45.403579235076904
1.0   28.5167498588562
1.0   2.462202787399292
1.0   -6.1568474769592285
1.0   26.269237279891968
1.0   27.652616262435913
1.0   1.8112411499023438
1.0   -6.335134744644165
0.0   -6.84758186340332
0.0   -6.840768873691559
0.0   -6.856805324554443
0.0   -6.803746461868286
0.0   -6.856268465518951
0.0   -6.873798072338104
0.0   -6.825420498847961
0.0   -6.812641263008118
0.0   -6.744013249874115
0.0   -6.84655225276947
0.0   -6.810525178909302
0.0   -6.881190657615662
0.0   -6.8826053738594055
0.0   -6.867078125476837
0.0   -6.841675817966461
0.0   -6.759445071220398
0.0   -6.862550914287567
0.0   -6.852056920528412
0.0   -6.887060225009918
0.0   -6.87032151222229
1.0   46.34837079048157
1.0   38.91634559631348
1.0   33.25954723358154
1.0   44.1623420715332
1.0   35.0668683052063
1.0   36.66522288322449
1.0   34.1245276927948
1.0   45.04544758796692
1.0   37.38411617279053
1.0   49.6355504989624
1.0   44.83888912200928
1.0   47.46049976348877
1.0   51.87488555908203
1.0   44.959774017333984
1.0   32.20502758026123
1.0   49.04657554626465
1.0   15.449620723724365
1.0   37.14640140533447
1.0   46.80374240875244
1.0   50.948185443878174
1.0   40.52860927581787
1.0   26.272408962249756
1.0   40.60857081413269
1.0   33.11817955970764
1.0   30.110997438430786
1.0   38.847230434417725
1.0   51.349918603897095
1.0   36.95625066757202
1.0   54.15086126327515
1.0   2.8026771545410156
1.0   13.444835186004639
1.0   37.66685485839844
1.0   39.39732623100281
1.0   45.016801834106445
1.0   50.67577648162842
1.0   31.689319610595703
1.0   42.91597390174866
1.0   -2.478736400604248
1.0   -6.606627404689789
1.0   -3.192443609237671
1.0   43.83964157104492
1.0   37.829017639160156
1.0   18.028438568115234
1.0   42.707643032073975
1.0   32.38236951828003
1.0   45.391053676605225
1.0   28.50810956954956
1.0   2.448784828186035
1.0   -6.1715251207351685
1.0   26.258827209472656
1.0   27.646620273590088
1.0   1.7968955039978027
1.0   -6.349623918533325
