0.0   1.2534513473510742
0.0   1.2372531294822693
0.0   1.2365947365760803
0.0   1.2663123607635498
0.0   1.2575594186782837
0.0   1.2878098487854004
0.0   1.2797499299049377
0.0   1.211449682712555
0.0   1.2762357592582703
0.0   1.2815844416618347
0.0   1.2632577419281006
0.0   1.216430902481079
0.0   1.2700814604759216
0.0   1.2320053577423096
0.0   1.2444007396697998
0.0   1.2659891247749329
0.0   1.2672774195671082
0.0   1.2717512845993042
0.0   1.2085955142974854
1.0   2.514878749847412
1.0   5.338926076889038
1.0   2.5041909217834473
1.0   5.123915195465088
1.0   1.5138155221939087
1.0   2.1938092708587646
1.0   5.054386496543884
1.0   5.494561195373535
1.0   4.595426797866821
1.0   3.9704761505126953
1.0   3.1739875078201294
1.0   7.772754430770874
1.0   3.417353391647339
1.0   3.3679487705230713
1.0   7.0546183586120605
1.0   5.883350849151611
1.0   4.669749021530151
1.0   4.351727485656738
1.0   4.3699387311935425
1.0   1.273660659790039
1.0   3.3420448303222656
1.0   5.044142246246338
1.0   4.863190531730652
1.0   3.9930996894836426
1.0   4.434064149856567
1.0   2.9312901496887207
1.0   2.4379085302352905
1.0   2.869083523750305
1.0   2.586116075515747
1.0   3.846426248550415
1.0   3.6001577377319336
1.0   2.349578380584717
1.0   1.255584955215454
1.0   3.998932361602783
1.0   4.057552933692932
1.0   3.7884920835494995
1.0   2.244531273841858
1.0   3.0613580346107483
1.0   4.14487624168396
1.0   4.015666127204895
1.0   2.2442010641098022
1.0   4.716000080108643
1.0   2.908053398132324
1.0   2.4950361251831055
1.0   5.520891427993774
1.0   3.1377735137939453
1.0   3.62561297416687
1.0   2.4361135959625244
1.0   3.262408137321472
1.0   2.289894938468933
0.0   -2.729960083961487
0.0   -2.7408640384674072
0.0   -2.7265907526016235
0.0   -2.734038233757019
0.0   -2.7078943252563477
0.0   -2.720059037208557
0.0   -2.704747200012207
0.0   -2.737370729446411
0.0   -2.7269638776779175
0.0   -2.6834112405776978
0.0   -2.7346097230911255
0.0   -2.7338238954544067
0.0   -2.7045146226882935
0.0   -2.7311789989471436
0.0   -2.7123758792877197
0.0   -2.7020623683929443
0.0   -2.733867049217224
0.0   -2.696158766746521
0.0   -2.737766742706299
1.0   7.301024377346039
1.0   19.288996934890747
1.0   16.89188003540039
1.0   22.787465810775757
1.0   8.216175019741058
1.0   12.115284085273743
1.0   11.934085428714752
1.0   19.00659489631653
1.0   13.705812931060791
1.0   8.96688586473465
1.0   8.46946433186531
1.0   21.035752773284912
1.0   17.070726990699768
1.0   16.941612720489502
1.0   18.724766969680786
1.0   18.71356201171875
1.0   17.067485094070435
1.0   16.93167805671692
1.0   9.85573035478592
1.0   -2.6982920169830322
1.0   4.78287410736084
1.0   14.033727288246155
1.0   13.157009065151215
1.0   11.604423761367798
1.0   12.491850316524506
1.0   6.916316866874695
1.0   11.286136195063591
1.0   8.402182579040527
1.0   6.221837043762207
1.0   11.190878868103027
1.0   11.70438301563263
1.0   0.5602240562438965
1.0   -2.7007408142089844
1.0   10.699768781661987
1.0   11.434419974684715
1.0   8.152907729148865
1.0   8.49888950586319
1.0   2.23665189743042
1.0   16.112703680992126
1.0   9.158363580703735
1.0   5.689904749393463
1.0   8.293614387512207
1.0   3.23207950592041
1.0   3.7029318809509277
1.0   13.888691842556
1.0   14.500950455665588
1.0   5.479619026184082
1.0   2.264970541000366
1.0   8.99324181675911
1.0   5.580305814743042
0.0   -4.023235082626343
0.0   -4.030803203582764
0.0   -4.013214349746704
0.0   -4.036647200584412
0.0   -3.998986601829529
0.0   -4.023540377616882
0.0   -3.997838258743286
0.0   -4.022990345954895
0.0   -4.027391195297241
0.0   -3.9709248542785645
0.0   -4.0313780307769775
0.0   -4.023966670036316
0.0   -3.9914791584014893
0.0   -4.023069739341736
0.0   -4.003550291061401
0.0   -3.991715431213379
0.0   -4.031393647193909
0.0   -3.9840357303619385
0.0   -4.028566598892212
1.0   11.703929424285889
1.0   26.33549976348877
1.0   21.863126397132874
1.0   29.971690364181995
1.0   12.424572467803955
1.0   17.521576166152954
1.0   16.056471213698387
1.0   24.556877732276917
1.0   17.92446768283844
1.0   12.743398189544678
1.0   11.219408512115479
1.0   27.381327092647552
1.0   22.297356963157654
1.0   21.133094042539597
1.0   24.6254420876503
1.0   24.302600622177124
1.0   22.1302330493927
1.0   21.790753543376923
1.0   13.604762315750122
1.0   -3.9898422956466675
1.0   6.3779778480529785
1.0   18.844543993473053
1.0   17.474512964487076
1.0   17.254693508148193
1.0   17.911672353744507
1.0   11.41527509689331
1.0   17.32909083366394
1.0   11.875967502593994
1.0   9.644774436950684
1.0   16.51645016670227
1.0   16.792874693870544
1.0   0.4918632507324219
1.0   -3.9998228549957275
1.0   15.045651733875275
1.0   16.423956274986267
1.0   11.216925144195557
1.0   11.370301961898804
1.0   3.0835115909576416
1.0   21.859636038541794
1.0   12.76442575454712
1.0   9.539085984230042
1.0   11.40523910522461
1.0   4.489708423614502
1.0   5.262669324874878
1.0   18.362185418605804
1.0   19.35217833518982
1.0   7.550505638122559
1.0   3.3929128646850586
1.0   13.110145211219788
1.0   8.028045892715454
0.0   -5.174721002578735
0.0   -5.179746508598328
0.0   -5.156757712364197
0.0   -5.192776918411255
0.0   -5.142889738082886
0.0   -5.184623122215271
0.0   -5.142204999923706
0.0   -5.165366768836975
0.0   -5.183174014091492
0.0   -5.10990571975708
0.0   -5.186835050582886
0.0   -5.165301084518433
0.0   -5.132840275764465
0.0   -5.168983697891235
0.0   -5.143715977668762
0.0   -5.133049845695496
0.0   -5.18464982509613
0.0   -5.12507688999176
0.0   -5.171433925628662
1.0   16.78817057609558
1.0   34.68990111351013
1.0   28.508566856384277
1.0   39.373913049697876
1.0   18.375176191329956
1.0   24.757485926151276
1.0   20.296640396118164
1.0   30.787331104278564
1.0   22.40678882598877
1.0   16.779012113809586
1.0   15.625893861055374
1.0   34.0990571975708
1.0   30.735287070274353
1.0   27.9181706905365
1.0   30.554316878318787
1.0   30.375489473342896
1.0   27.727015614509583
1.0   27.76647639274597
1.0   17.216055154800415
1.0   -5.1406590938568115
1.0   7.938109874725342
1.0   23.596380710601807
1.0   21.93251284956932
1.0   24.167320996522903
1.0   24.262072026729584
1.0   16.7694910466671
1.0   24.818161964416504
1.0   16.36778688430786
1.0   13.69405722618103
1.0   22.50191330909729
1.0   23.09322339296341
1.0   0.7173047065734863
1.0   -5.156580567359924
1.0   19.472727864980698
1.0   21.308289527893066
1.0   14.76587438583374
1.0   15.640328586101532
1.0   4.1471476554870605
1.0   28.425524055957794
1.0   16.384929955005646
1.0   13.281986951828003
1.0   14.434502124786377
1.0   5.866052150726318
1.0   6.798440456390381
1.0   23.363382935523987
1.0   25.285399198532104
1.0   9.72937297821045
1.0   4.630490779876709
1.0   17.166699051856995
1.0   10.683074951171875
0.0   -6.027690172195435
0.0   -6.0323779582977295
0.0   -6.0097421407699585
0.0   -6.046645641326904
0.0   -5.997250914573669
0.0   -6.037091851234436
0.0   -5.996640205383301
0.0   -6.018732309341431
0.0   -6.036670684814453
0.0   -5.96312141418457
0.0   -6.039407849311829
0.0   -6.02065372467041
0.0   -5.985185146331787
0.0   -6.02544903755188
0.0   -5.997291088104248
0.0   -5.986101150512695
0.0   -6.037318825721741
0.0   -5.977667570114136
0.0   -6.025754451751709
1.0   22.10834562778473
1.0   44.03477191925049
1.0   36.77139854431152
1.0   50.41632413864136
1.0   25.00338053703308
1.0   32.9411780834198
1.0   24.734824299812317
1.0   37.9960823059082
1.0   27.4293212890625
1.0   21.012295722961426
1.0   20.709192276000977
1.0   41.49873161315918
1.0   41.06123733520508
1.0   36.57278251647949
1.0   36.943742990493774
1.0   37.31759262084961
1.0   34.285029888153076
1.0   34.81474781036377
1.0   20.877414882183075
1.0   -5.991701364517212
1.0   9.687496662139893
1.0   28.661139726638794
1.0   26.742509126663208
1.0   31.397643566131592
1.0   31.025166511535645
1.0   22.30350112915039
1.0   32.7976131439209
1.0   21.373685121536255
1.0   18.04284179210663
1.0   28.742196083068848
1.0   29.86005735397339
1.0   1.2069151401519775
1.0   -6.008724689483643
1.0   24.14651370048523
1.0   26.34320330619812
1.0   18.69493305683136
1.0   20.799275875091553
1.0   5.320560932159424
1.0   36.0435585975647
1.0   20.08400672674179
1.0   17.072621196508408
1.0   17.505205512046814
1.0   7.455065727233887
1.0   8.545870304107666
1.0   28.863603591918945
1.0   32.180824279785156
1.0   12.01867151260376
1.0   6.092954635620117
1.0   21.43636429309845
1.0   13.718536972999573
0.0   -6.731801986694336
0.0   -6.735447883605957
0.0   -6.7093507051467896
0.0   -6.75314199924469
0.0   -6.696618676185608
0.0   -6.744522213935852
0.0   -6.69811487197876
0.0   -6.715821862220764
0.0   -6.743647813796997
0.0   -6.661329507827759
0.0   -6.744148850440979
0.0   -6.719442367553711
0.0   -6.68357789516449
0.0   -6.726064205169678
0.0   -6.695282816886902
0.0   -6.685600996017456
0.0   -6.7415385246276855
0.0   -6.676456451416016
0.0   -6.725234270095825
1.0   25.120737195014954
1.0   49.484670639038086
1.0   41.572073459625244
1.0   56.903905391693115
1.0   28.6310133934021
1.0   37.50792455673218
1.0   27.42160177230835
1.0   42.63094139099121
1.0   30.583351612091064
1.0   23.33284020423889
1.0   23.51070213317871
1.0   46.18234968185425
1.0   46.7112135887146
1.0   41.19169759750366
1.0   41.08716297149658
1.0   41.70971202850342
1.0   38.379963636398315
1.0   39.023841857910156
1.0   23.207396268844604
1.0   -6.6916093826293945
1.0   10.724921703338623
1.0   31.90917694568634
1.0   29.78487777709961
1.0   35.44842457771301
1.0   34.745537519454956
1.0   25.375707864761353
1.0   37.2721791267395
1.0   24.11112904548645
1.0   20.410561561584473
1.0   32.3841792345047
1.0   33.595234870910645
1.0   1.3897738456726074
1.0   -6.709842205047607
1.0   26.88750672340393
1.0   29.309927463531494
1.0   20.858133673667908
1.0   23.387020111083984
1.0   5.913578271865845
1.0   40.33363723754883
1.0   22.271704226732254
1.0   19.37215283513069
1.0   19.34489107131958
1.0   8.336384773254395
1.0   9.4997878074646
1.0   32.06945562362671
1.0   36.17144584655762
1.0   13.33413290977478
1.0   6.919421195983887
1.0   23.934502959251404
1.0   15.394267082214355
0.0   -7.533912658691406
0.0   -7.536209344863892
0.0   -7.504198670387268
0.0   -7.5593836307525635
0.0   -7.494527697563171
0.0   -7.554658770561218
0.0   -7.495121121406555
0.0   -7.507633447647095
0.0   -7.549478769302368
0.0   -7.456035375595093
0.0   -7.552368760108948
0.0   -7.512229919433594
0.0   -7.482305526733398
0.0   -7.52197265625
0.0   -7.489820957183838
0.0   -7.481743574142456
0.0   -7.550030469894409
0.0   -7.473254680633545
0.0   -7.516391396522522
1.0   26.590382933616638
1.0   51.94408559799194
1.0   43.288429737091064
1.0   59.51252508163452
1.0   30.085243701934814
1.0   39.35925817489624
1.0   28.688517689704895
1.0   44.53568696975708
1.0   31.987716674804688
1.0   24.394681006669998
1.0   24.532418966293335
1.0   48.41193962097168
1.0   48.70591068267822
1.0   42.51185941696167
1.0   43.052363872528076
1.0   43.58222317695618
1.0   40.135905265808105
1.0   40.668909788131714
1.0   24.43852996826172
1.0   -7.49610161781311
1.0   11.076776504516602
1.0   33.509251058101654
1.0   31.20691841840744
1.0   37.33114194869995
1.0   36.50310003757477
1.0   26.89383363723755
1.0   39.357807636260986
1.0   25.22055149078369
1.0   21.5016508102417
1.0   34.231242179870605
1.0   35.26860952377319
1.0   1.2716045379638672
1.0   -7.511252999305725
1.0   28.266295969486237
1.0   30.901365518569946
1.0   21.772549271583557
1.0   24.225659608840942
1.0   6.115022659301758
1.0   42.146631717681885
1.0   23.32875269651413
1.0   20.588462829589844
1.0   20.31986427307129
1.0   8.693554878234863
1.0   9.792136669158936
1.0   33.49669623374939
1.0   37.778226375579834
1.0   13.954108238220215
1.0   7.262375354766846
1.0   25.211481541395187
1.0   16.05189561843872
0.0   -8.334732174873352
0.0   -8.33514654636383
0.0   -8.299868941307068
0.0   -8.365719318389893
0.0   -8.29457151889801
0.0   -8.361426830291748
0.0   -8.29633355140686
0.0   -8.302024483680725
0.0   -8.356581091880798
0.0   -8.255716800689697
0.0   -8.356529235839844
0.0   -8.306197047233582
0.0   -8.283106207847595
0.0   -8.317865371704102
0.0   -8.288883566856384
0.0   -8.282839298248291
0.0   -8.354091763496399
0.0   -8.273830890655518
0.0   -8.309982419013977
1.0   28.88515156507492
1.0   56.2873477935791
1.0   47.4667911529541
1.0   64.80890274047852
1.0   32.72556674480438
1.0   42.846067667007446
1.0   30.937294363975525
1.0   48.5802845954895
1.0   34.85266947746277
1.0   26.249313712120056
1.0   26.773553609848022
1.0   52.46321249008179
1.0   53.21514892578125
1.0   46.407169342041016
1.0   46.66700458526611
1.0   47.42095899581909
1.0   43.8565092086792
1.0   44.39070510864258
1.0   26.36100721359253
1.0   -8.29533338546753
1.0   11.821357250213623
1.0   36.32580757141113
1.0   33.83854269981384
1.0   40.233558177948
1.0   39.26711416244507
1.0   29.130853056907654
1.0   42.60224533081055
1.0   27.2005877494812
1.0   23.185396671295166
1.0   36.87035059928894
1.0   37.93167328834534
1.0   1.294062614440918
1.0   -8.313251852989197
1.0   30.5122709274292
1.0   33.326641887426376
1.0   23.434385180473328
1.0   26.397568464279175
1.0   6.480504989624023
1.0   45.93844938278198
1.0   25.083722829818726
1.0   22.432089924812317
1.0   21.736746788024902
1.0   9.29872465133667
1.0   10.446322441101074
1.0   36.15502119064331
1.0   41.273019790649414
1.0   14.940162658691406
1.0   7.831912994384766
1.0   27.28972816467285
1.0   17.383859634399414
0.0   -8.227903366088867
0.0   -8.229070901870728
0.0   -8.194941997528076
0.0   -8.257972955703735
0.0   -8.18632173538208
0.0   -8.25305724143982
0.0   -8.188817739486694
0.0   -8.195594072341919
0.0   -8.248297333717346
0.0   -8.14824092388153
0.0   -8.247917652130127
0.0   -8.20184338092804
0.0   -8.176127552986145
0.0   -8.214110970497131
0.0   -8.180487394332886
0.0   -8.176000595092773
0.0   -8.246026039123535
0.0   -8.167015433311462
0.0   -8.205090522766113
1.0   31.73467457294464
1.0   60.71754789352417
1.0   51.242899894714355
1.0   69.65751266479492
1.0   35.64928197860718
1.0   46.501078605651855
1.0   33.649627447128296
1.0   52.52957820892334
1.0   37.90533137321472
1.0   28.758574962615967
1.0   29.25294017791748
1.0   56.58900833129883
1.0   57.50678730010986
1.0   49.993950843811035
1.0   50.41909980773926
1.0   51.188026428222656
1.0   47.59406757354736
1.0   48.019182205200195
1.0   28.948398292064667
1.0   -8.186928987503052
1.0   13.325605869293213
1.0   39.478527545928955
1.0   36.81077826023102
1.0   43.53458642959595
1.0   42.397549629211426
1.0   31.92002248764038
1.0   46.0889630317688
1.0   29.48323392868042
1.0   25.448344230651855
1.0   39.91150462627411
1.0   40.992624282836914
1.0   2.0449671745300293
1.0   -8.205851197242737
1.0   33.350640296936035
1.0   36.39268660545349
1.0   25.555764198303223
1.0   28.58997344970703
1.0   7.46155309677124
1.0   49.88938045501709
1.0   27.520811289548874
1.0   24.902227073907852
1.0   23.819525599479675
1.0   10.628901958465576
1.0   11.88665771484375
1.0   39.100106716156006
1.0   44.66738557815552
1.0   16.62910294532776
1.0   9.115118980407715
1.0   30.0096173286438
1.0   19.284761905670166
0.0   -8.046080946922302
0.0   -8.047719359397888
0.0   -8.013953566551208
0.0   -8.0756516456604
0.0   -8.002147793769836
0.0   -8.069424152374268
0.0   -8.004951357841492
0.0   -8.01479196548462
0.0   -8.064837336540222
0.0   -7.9643874168396
0.0   -8.064285516738892
0.0   -8.022063732147217
0.0   -7.9920079708099365
0.0   -8.033477067947388
0.0   -7.996450781822205
0.0   -7.992285251617432
0.0   -8.062510013580322
0.0   -7.983381986618042
0.0   -8.024572134017944
1.0   34.349246978759766
1.0   65.06863832473755
1.0   55.115445137023926
1.0   74.54834842681885
1.0   38.61541676521301
1.0   50.14915895462036
1.0   36.109867811203
1.0   56.23760986328125
1.0   40.68395233154297
1.0   31.028846740722656
1.0   31.667194366455078
1.0   60.38742160797119
1.0   61.936217308044434
1.0   53.75490188598633
1.0   53.80616235733032
1.0   54.744614601135254
1.0   51.06263065338135
1.0   51.47952079772949
1.0   31.269081328064203
1.0   -8.003816366195679
1.0   14.715333938598633
1.0   42.307963848114014
1.0   39.52522158622742
1.0   46.72018527984619
1.0   45.40884828567505
1.0   34.41590166091919
1.0   49.45808219909668
1.0   31.747863054275513
1.0   27.510960578918457
1.0   42.820945620536804
1.0   44.024049282073975
1.0   2.7319679260253906
1.0   -8.023079514503479
1.0   35.95353317260742
1.0   39.148781538009644
1.0   27.516621589660645
1.0   30.77390718460083
1.0   8.321216583251953
1.0   53.63283443450928
1.0   29.71837329864502
1.0   27.171295166015625
1.0   25.66992974281311
1.0   11.825318336486816
1.0   13.24767017364502
1.0   41.89211177825928
1.0   47.99206733703613
1.0   18.147977352142334
1.0   10.278316497802734
1.0   32.50038826465607
1.0   21.05407977104187
0.0   -8.057889938354492
0.0   -8.059579610824585
0.0   -8.025683164596558
0.0   -8.087468028068542
0.0   -8.013768196105957
0.0   -8.081319570541382
0.0   -8.01659607887268
0.0   -8.026564836502075
0.0   -8.07658576965332
0.0   -7.975857734680176
0.0   -8.07609736919403
0.0   -8.034233331680298
0.0   -8.003581762313843
0.0   -8.045617580413818
0.0   -8.007983565330505
0.0   -8.003878831863403
0.0   -8.074323296546936
0.0   -7.994985580444336
0.0   -8.036565780639648
1.0   34.4915452003479
1.0   65.3158826828003
1.0   55.322110176086426
1.0   74.8315200805664
1.0   38.792285680770874
1.0   50.36870288848877
1.0   36.22463369369507
1.0   56.431939125061035
1.0   40.81148719787598
1.0   31.13822364807129
1.0   31.792617082595825
1.0   60.581690311431885
1.0   62.19825553894043
1.0   53.94933223724365
1.0   53.97367477416992
1.0   54.924015045166016
1.0   51.2403039932251
1.0   51.65334606170654
1.0   31.385174971073866
1.0   -8.015552043914795
1.0   14.776148319244385
1.0   42.44295644760132
1.0   39.657960653305054
1.0   46.902384757995605
1.0   45.5815544128418
1.0   34.542417764663696
1.0   49.64602088928223
1.0   31.870174884796143
1.0   27.611616134643555
1.0   42.98845553398132
1.0   44.197672843933105
1.0   2.7504258155822754
1.0   -8.034966945648193
1.0   36.089499711990356
1.0   39.293081283569336
1.0   27.611838936805725
1.0   30.884774208068848
1.0   8.349988460540771
1.0   53.83655881881714
1.0   29.828657746315002
1.0   27.29233717918396
1.0   25.756361603736877
1.0   11.874245166778564
1.0   13.310206413269043
1.0   42.037803649902344
1.0   48.171000480651855
1.0   18.218256950378418
1.0   10.32796049118042
1.0   32.625906229019165
1.0   21.141971826553345
0.0   -8.104582786560059
0.0   -8.10622751712799
0.0   -8.072047710418701
0.0   -8.134284019470215
0.0   -8.06020450592041
0.0   -8.12828540802002
0.0   -8.063120126724243
0.0   -8.072840452194214
0.0   -8.12340533733368
0.0   -8.02212119102478
0.0   -8.122892498970032
0.0   -8.080616474151611
0.0   -8.04999029636383
0.0   -8.092071771621704
0.0   -8.054266691207886
0.0   -8.050284147262573
0.0   -8.121052861213684
0.0   -8.041374921798706
0.0   -8.0829176902771
1.0   34.54948306083679
1.0   65.42687892913818
1.0   55.39483690261841
1.0   74.954514503479
1.0   38.87752723693848
1.0   50.474815368652344
1.0   36.248855113983154
1.0   56.4918475151062
1.0   40.83106565475464
1.0   31.163928985595703
1.0   31.830689907073975
1.0   60.64242219924927
1.0   62.3157844543457
1.0   54.00036811828613
1.0   54.01730823516846
1.0   54.97242975234985
1.0   51.28781080245972
1.0   51.69921875
1.0   31.419623643159866
1.0   -8.061660766601562
1.0   14.77627182006836
1.0   42.47875165939331
1.0   39.69301080703735
1.0   46.98275375366211
1.0   45.656002044677734
1.0   34.584322929382324
1.0   49.72569751739502
1.0   31.914194107055664
1.0   27.63677477836609
1.0   43.06688380241394
1.0   44.27731776237488
1.0   2.7322072982788086
1.0   -8.081350207328796
1.0   36.13523554801941
1.0   39.3458776473999
1.0   27.633195400238037
1.0   30.912596702575684
1.0   8.34037733078003
1.0   53.91133499145508
1.0   29.861335277557373
1.0   27.33732122182846
1.0   25.777822375297546
1.0   11.8737154006958
1.0   13.314369201660156
1.0   42.08749961853027
1.0   48.23368549346924
1.0   18.231847286224365
1.0   10.33083963394165
1.0   32.66648483276367
1.0   21.157288551330566
0.0   -8.173445105552673
0.0   -8.175039291381836
0.0   -8.14049768447876
0.0   -8.203446507453918
0.0   -8.128875970840454
0.0   -8.196954369544983
0.0   -8.131930708885193
0.0   -8.141253232955933
0.0   -8.192434191703796
0.0   -8.090608716011047
0.0   -8.191205501556396
0.0   -8.14902925491333
0.0   -8.118423819541931
0.0   -8.160538911819458
0.0   -8.122747898101807
0.0   -8.118919253349304
0.0   -8.189525485038757
0.0   -8.10998249053955
0.0   -8.151242733001709
1.0   34.533398151397705
1.0   65.40895223617554
1.0   55.33427333831787
1.0   74.92884826660156
1.0   38.87180948257446
1.0   50.47283458709717
1.0   36.19457149505615
1.0   56.42724132537842
1.0   40.760467529296875
1.0   31.115248680114746
1.0   31.79218602180481
1.0   60.5835223197937
1.0   62.29209804534912
1.0   53.91485786437988
1.0   53.952664852142334
1.0   54.90591239929199
1.0   51.217793464660645
1.0   51.635764598846436
1.0   31.388894498348236
1.0   -8.129562377929688
1.0   14.730001449584961
1.0   42.4261589050293
1.0   39.64323091506958
1.0   46.96843194961548
1.0   45.642340660095215
1.0   34.551761627197266
1.0   49.70251131057739
1.0   31.88655686378479
1.0   27.597312927246094
1.0   43.06306338310242
1.0   44.26867961883545
1.0   2.6846818923950195
1.0   -8.149224638938904
1.0   36.104198694229126
1.0   39.318851470947266
1.0   27.58879005908966
1.0   30.864340782165527
1.0   8.29988408088684
1.0   53.86731147766113
1.0   29.825128197669983
1.0   27.31652283668518
1.0   25.74186646938324
1.0   11.83309268951416
1.0   13.270777225494385
1.0   42.05114507675171
1.0   48.18531894683838
1.0   18.198930263519287
1.0   10.296615600585938
1.0   32.63459646701813
1.0   21.114222764968872
0.0   -8.210097789764404
0.0   -8.211638569831848
0.0   -8.176945924758911
0.0   -8.239773273468018
0.0   -8.165223360061646
0.0   -8.23341679573059
0.0   -8.168203949928284
0.0   -8.177623748779297
0.0   -8.228757739067078
0.0   -8.126646518707275
0.0   -8.227577090263367
0.0   -8.18539583683014
0.0   -8.15447449684143
0.0   -8.196991682052612
0.0   -8.158971190452576
0.0   -8.155407905578613
0.0   -8.225744724273682
0.0   -8.146180868148804
0.0   -8.18764579296112
1.0   34.59837532043457
1.0   65.50961303710938
1.0   55.391666412353516
1.0   75.04477405548096
1.0   38.963237285614014
1.0   50.58318281173706
1.0   36.214879512786865
1.0   56.46517086029053
1.0   40.77676606178284
1.0   31.139904975891113
1.0   31.83554720878601
1.0   60.62676954269409
1.0   62.40779685974121
1.0   53.95194721221924
1.0   53.98597812652588
1.0   54.94380474090576
1.0   51.250258922576904
1.0   51.67860555648804
1.0   31.42998418211937
1.0   -8.165728092193604
1.0   14.737833499908447
1.0   42.45760154724121
1.0   39.67522883415222
1.0   47.04919719696045
1.0   45.716055393218994
1.0   34.59799909591675
1.0   49.77896022796631
1.0   31.93682336807251
1.0   27.63092565536499
1.0   43.135427355766296
1.0   44.34811210632324
1.0   2.676398277282715
1.0   -8.185298323631287
1.0   36.14663815498352
1.0   39.3664608001709
1.0   27.6086368560791
1.0   30.886184692382812
1.0   8.298489570617676
1.0   53.921756744384766
1.0   29.85449928045273
1.0   27.359198659658432
1.0   25.76618254184723
1.0   11.840706825256348
1.0   13.27414846420288
1.0   42.09309101104736
1.0   48.22628307342529
1.0   18.219199895858765
1.0   10.308656692504883
1.0   32.67111599445343
1.0   21.127724647521973
0.0   -8.261265516281128
0.0   -8.26285982131958
0.0   -8.227999210357666
0.0   -8.29062533378601
0.0   -8.215774536132812
0.0   -8.284440279006958
0.0   -8.218878626823425
0.0   -8.228546142578125
0.0   -8.279723882675171
0.0   -8.177156567573547
0.0   -8.27848482131958
0.0   -8.236239194869995
0.0   -8.205062627792358
0.0   -8.248031973838806
0.0   -8.209418892860413
0.0   -8.205970883369446
0.0   -8.276600122451782
0.0   -8.196691632270813
0.0   -8.238569617271423
1.0   34.57503318786621
1.0   65.45135831832886
1.0   55.262566566467285
1.0   74.94132423400879
1.0   38.93055486679077
1.0   50.5391206741333
1.0   36.15279579162598
1.0   56.344648361206055
1.0   40.680320262908936
1.0   31.091957092285156
1.0   31.775502681732178
1.0   60.52880096435547
1.0   62.31570625305176
1.0   53.790151596069336
1.0   53.88972282409668
1.0   54.831345558166504
1.0   51.13306427001953
1.0   51.56728172302246
1.0   31.403827875852585
1.0   -8.216377019882202
1.0   14.69974422454834
1.0   42.388763189315796
1.0   39.60285449028015
1.0   47.01139545440674
1.0   45.682231426239014
1.0   34.56084370613098
1.0   49.72425317764282
1.0   31.89936399459839
1.0   27.594243049621582
1.0   43.1099214553833
1.0   44.3126745223999
1.0   2.650808334350586
1.0   -8.235929250717163
1.0   36.10997807979584
1.0   39.330766677856445
1.0   27.56103491783142
1.0   30.805077075958252
1.0   8.272750854492188
1.0   53.832072257995605
1.0   29.817286133766174
1.0   27.336504191160202
1.0   25.74034082889557
1.0   11.816770553588867
1.0   13.231125354766846
1.0   42.03569507598877
1.0   48.12746620178223
1.0   18.198304891586304
1.0   10.290592193603516
1.0   32.632335901260376
1.0   21.080456972122192
0.0   -8.307813286781311
0.0   -8.309834837913513
0.0   -8.274705171585083
0.0   -8.337377309799194
0.0   -8.26223087310791
0.0   -8.331335663795471
0.0   -8.265517234802246
0.0   -8.275140643119812
0.0   -8.326607346534729
0.0   -8.22365427017212
0.0   -8.325260162353516
0.0   -8.282587766647339
0.0   -8.251615047454834
0.0   -8.294790744781494
0.0   -8.255852460861206
0.0   -8.252493739128113
0.0   -8.323362946510315
0.0   -8.243156552314758
0.0   -8.284993171691895
1.0   34.506471157073975
1.0   65.28806209564209
1.0   55.01181697845459
1.0   74.68892288208008
1.0   38.820523500442505
1.0   50.39754390716553
1.0   36.050851345062256
1.0   56.132675647735596
1.0   40.523990869522095
1.0   31.012816667556763
1.0   31.657576084136963
1.0   60.35310459136963
1.0   62.08470869064331
1.0   53.501800537109375
1.0   53.72285270690918
1.0   54.63302993774414
1.0   50.93157386779785
1.0   51.35805130004883
1.0   31.352540135383606
1.0   -8.26288378238678
1.0   14.644946098327637
1.0   42.27094578742981
1.0   39.480056047439575
1.0   46.90208148956299
1.0   45.589865922927856
1.0   34.48402237892151
1.0   49.58817481994629
1.0   31.807137966156006
1.0   27.52816867828369
1.0   43.03582322597504
1.0   44.21340036392212
1.0   2.6249279975891113
1.0   -8.282383799552917
1.0   36.0375714302063
1.0   39.25519382953644
1.0   27.481181859970093
1.0   30.661256790161133
1.0   8.243108749389648
1.0   53.65291881561279
1.0   29.75405204296112
1.0   27.28629732131958
1.0   25.698731184005737
1.0   11.788060188293457
1.0   13.175364971160889
1.0   41.9249267578125
1.0   47.94648218154907
1.0   18.165826320648193
1.0   10.269060134887695
1.0   32.5599467754364
1.0   21.00696587562561
0.0   -8.36856722831726
0.0   -8.37055516242981
0.0   -8.335079550743103
0.0   -8.39829397201538
0.0   -8.323762774467468
0.0   -8.392559051513672
0.0   -8.326590061187744
0.0   -8.33520221710205
0.0   -8.387716174125671
0.0   -8.284653663635254
0.0   -8.38618016242981
0.0   -8.34260106086731
0.0   -8.313276886940002
0.0   -8.354979276657104
0.0   -8.31729769706726
0.0   -8.313835859298706
0.0   -8.3843412399292
0.0   -8.304723501205444
0.0   -8.345094561576843
1.0   34.35293436050415
1.0   64.96304941177368
1.0   54.60076093673706
1.0   74.23858642578125
1.0   38.59194898605347
1.0   50.111040115356445
1.0   35.86837339401245
1.0   55.78220510482788
1.0   40.268455505371094
1.0   30.859121799468994
1.0   31.44390869140625
1.0   60.04952001571655
1.0   61.66486406326294
1.0   53.044034004211426
1.0   53.43903088569641
1.0   54.305312633514404
1.0   50.599013805389404
1.0   51.007564067840576
1.0   31.234212160110474
1.0   -8.32364010810852
1.0   14.544586181640625
1.0   42.062995195388794
1.0   39.265960335731506
1.0   46.6738920211792
1.0   45.3948860168457
1.0   34.32569718360901
1.0   49.327775955200195
1.0   31.625822067260742
1.0   27.392887473106384
1.0   42.87151038646698
1.0   44.005184173583984
1.0   2.5730600357055664
1.0   -8.34327483177185
1.0   35.88615596294403
1.0   39.10086011886597
1.0   27.330551624298096
1.0   30.422784328460693
1.0   8.183856964111328
1.0   53.34433364868164
1.0   29.62253701686859
1.0   27.174117505550385
1.0   25.602972507476807
1.0   11.723345756530762
1.0   13.077466487884521
1.0   41.7199969291687
1.0   47.647077560424805
1.0   18.089104652404785
1.0   10.213706970214844
1.0   32.416262209415436
1.0   20.877238273620605
0.0   -8.414419054985046
0.0   -8.4163236618042
0.0   -8.38044548034668
0.0   -8.44417130947113
0.0   -8.37045407295227
0.0   -8.43941342830658
0.0   -8.37362813949585
0.0   -8.380581021308899
0.0   -8.43376111984253
0.0   -8.331583499908447
0.0   -8.433114647865295
0.0   -8.387723326683044
0.0   -8.36033034324646
0.0   -8.400205850601196
0.0   -8.364054203033447
0.0   -8.360820055007935
0.0   -8.431462287902832
0.0   -8.35173511505127
0.0   -8.3902827501297
1.0   34.17655003070831
1.0   64.59646987915039
1.0   54.15468645095825
1.0   73.73763036727905
1.0   38.33121633529663
1.0   49.785428047180176
1.0   35.670194149017334
1.0   55.40316724777222
1.0   39.99525499343872
1.0   30.69030237197876
1.0   31.20850896835327
1.0   59.720428705215454
1.0   61.18746042251587
1.0   52.544662952423096
1.0   53.133164167404175
1.0   53.94979763031006
1.0   50.24405074119568
1.0   50.625885009765625
1.0   31.104934334754944
1.0   -8.37064003944397
1.0   14.44533395767212
1.0   41.837926626205444
1.0   39.03518104553223
1.0   46.41520309448242
1.0   45.172404527664185
1.0   34.14530348777771
1.0   49.03377389907837
1.0   31.42249631881714
1.0   27.2434298992157
1.0   42.685824155807495
1.0   43.765737533569336
1.0   2.5243186950683594
1.0   -8.390088677406311
1.0   35.71415066719055
1.0   38.928048849105835
1.0   27.16308879852295
1.0   30.155712127685547
1.0   8.121902465820312
1.0   53.000468254089355
1.0   29.475288778543472
1.0   27.048230528831482
1.0   25.502460479736328
1.0   11.657861709594727
1.0   12.979735374450684
1.0   41.49188184738159
1.0   47.319214820861816
1.0   18.005950927734375
1.0   10.158382415771484
1.0   32.25708544254303
1.0   20.738008499145508
0.0   -8.446838140487671
0.0   -8.448512196540833
0.0   -8.411825060844421
0.0   -8.477405071258545
0.0   -8.403949975967407
0.0   -8.472324132919312
0.0   -8.406412601470947
0.0   -8.41280722618103
0.0   -8.46707546710968
0.0   -8.36483883857727
0.0   -8.466667413711548
0.0   -8.418936133384705
0.0   -8.393582820892334
0.0   -8.431239008903503
0.0   -8.397603273391724
0.0   -8.393673181533813
0.0   -8.464627742767334
0.0   -8.384692072868347
0.0   -8.42147421836853
1.0   33.99382662773132
1.0   64.21745204925537
1.0   53.69941568374634
1.0   73.21827125549316
1.0   38.053465843200684
1.0   49.44427967071533
1.0   35.4718279838562
1.0   55.015544414520264
1.0   39.72258996963501
1.0   30.51793670654297
1.0   30.965729475021362
1.0   59.39238786697388
1.0   60.68887710571289
1.0   52.030561447143555
1.0   52.82781767845154
1.0   53.59060335159302
1.0   49.88931751251221
1.0   50.23439121246338
1.0   30.977951049804688
1.0   -8.404102683067322
1.0   14.354018211364746
1.0   41.60867261886597
1.0   38.80387842655182
1.0   46.144712924957275
1.0   44.94125771522522
1.0   33.95813274383545
1.0   48.727622985839844
1.0   31.212088346481323
1.0   27.089823007583618
1.0   42.494840145111084
1.0   43.51573181152344
1.0   2.4811110496520996
1.0   -8.423097372055054
1.0   35.540163815021515
1.0   38.753337383270264
1.0   26.99129557609558
1.0   29.876035690307617
1.0   8.06240177154541
1.0   52.64571952819824
1.0   29.327284336090088
1.0   26.92357525229454
1.0   25.402672052383423
1.0   11.595650672912598
1.0   12.88464641571045
1.0   41.252068758010864
1.0   46.98206853866577
1.0   17.92620086669922
1.0   10.105718612670898
1.0   32.099134266376495
1.0   20.599777460098267
0.0   -8.49729323387146
0.0   -8.498918056488037
0.0   -8.461467504501343
0.0   -8.52798306941986
0.0   -8.454129099845886
0.0   -8.52311396598816
0.0   -8.45669960975647
0.0   -8.462470889091492
0.0   -8.517683386802673
0.0   -8.414769053459167
0.0   -8.517228603363037
0.0   -8.46850848197937
0.0   -8.443697452545166
0.0   -8.48034918308258
0.0   -8.447622776031494
0.0   -8.443774700164795
0.0   -8.515133142471313
0.0   -8.434767842292786
0.0   -8.471063375473022
1.0   33.738797545433044
1.0   63.72437334060669
1.0   53.12848234176636
1.0   72.55651187896729
1.0   37.685930490493774
1.0   48.991194009780884
1.0   35.206899881362915
1.0   54.5261607170105
1.0   39.37742841243744
1.0   30.280993580818176
1.0   30.64608597755432
1.0   58.97075605392456
1.0   60.05871534347534
1.0   51.400185108184814
1.0   52.43407440185547
1.0   53.13762283325195
1.0   49.440043449401855
1.0   49.74664258956909
1.0   30.79424262046814
1.0   -8.454641580581665
1.0   14.223180770874023
1.0   41.304675579071045
1.0   38.50285178422928
1.0   45.783974170684814
1.0   44.63253426551819
1.0   33.70312464237213
1.0   48.328521728515625
1.0   30.936495780944824
1.0   26.8759343624115
1.0   42.228063106536865
1.0   43.18373155593872
1.0   2.4109106063842773
1.0   -8.473422288894653
1.0   35.3006312251091
1.0   38.508503437042236
1.0   26.763235569000244
1.0   29.52971363067627
1.0   7.974455833435059
1.0   52.185800075531006
1.0   29.123344838619232
1.0   26.74235886335373
1.0   25.256696701049805
1.0   11.497635841369629
1.0   12.749243259429932
1.0   40.93614101409912
1.0   46.55767250061035
1.0   17.805347442626953
1.0   10.01829195022583
1.0   31.878935545682907
1.0   20.40864586830139
0.0   -8.504089593887329
0.0   -8.505704641342163
0.0   -8.468209505081177
0.0   -8.534795641899109
0.0   -8.46089494228363
0.0   -8.529955983161926
0.0   -8.463478326797485
0.0   -8.469197869300842
0.0   -8.5245041847229
0.0   -8.421500444412231
0.0   -8.524039506912231
0.0   -8.475247383117676
0.0   -8.450455904006958
0.0   -8.48709774017334
0.0   -8.45436429977417
0.0   -8.450528383255005
0.0   -8.521938920021057
0.0   -8.441521406173706
0.0   -8.477798700332642
1.0   33.708948612213135
1.0   63.66847038269043
1.0   53.06507968902588
1.0   72.4830641746521
1.0   37.64369809627533
1.0   48.938897132873535
1.0   35.176309466362
1.0   54.47205328941345
1.0   39.33910775184631
1.0   30.252984762191772
1.0   30.60976791381836
1.0   58.92373514175415
1.0   59.98891830444336
1.0   51.330249309539795
1.0   52.39003252983093
1.0   53.08695650100708
1.0   49.3907573223114
1.0   49.692676305770874
1.0   30.772282242774963
1.0   -8.461442708969116
1.0   14.20735788345337
1.0   41.270307779312134
1.0   38.468756437301636
1.0   45.74262809753418
1.0   44.59637522697449
1.0   33.673474192619324
1.0   48.283156871795654
1.0   30.904569268226624
1.0   26.850489377975464
1.0   42.196245431900024
1.0   43.14484667778015
1.0   2.4017672538757324
1.0   -8.480196475982666
1.0   35.27230703830719
1.0   38.47955161333084
1.0   26.73637318611145
1.0   29.490570068359375
1.0   7.963810443878174
1.0   52.13372874259949
1.0   29.099372506141663
1.0   26.72051900625229
1.0   25.238577842712402
1.0   11.485114097595215
1.0   12.732841968536377
1.0   40.89957046508789
1.0   46.510010719299316
1.0   17.790124893188477
1.0   10.00688648223877
1.0   31.853088676929474
1.0   20.386263847351074
0.0   -8.510825634002686
0.0   -8.512431979179382
0.0   -8.474890351295471
0.0   -8.541551351547241
0.0   -8.467589855194092
0.0   -8.536734580993652
0.0   -8.470184326171875
0.0   -8.47586441040039
0.0   -8.531258463859558
0.0   -8.428165435791016
0.0   -8.530789732933044
0.0   -8.48192846775055
0.0   -8.457145094871521
0.0   -8.493793487548828
0.0   -8.461035370826721
0.0   -8.45721960067749
0.0   -8.528683423995972
0.0   -8.448205471038818
0.0   -8.484474658966064
1.0   33.68060076236725
1.0   63.616941928863525
1.0   53.0084433555603
1.0   72.41629219055176
1.0   37.604223012924194
1.0   48.89034676551819
1.0   35.147549867630005
1.0   54.42322611808777
1.0   39.30436134338379
1.0   30.226577043533325
1.0   30.576268792152405
1.0   58.880844593048096
1.0   59.925065994262695
1.0   51.26580619812012
1.0   52.34981298446655
1.0   53.04130840301514
1.0   49.34651279449463
1.0   49.64417839050293
1.0   30.75193762779236
1.0   -8.468179821968079
1.0   14.19242000579834
1.0   41.23901104927063
1.0   38.43768638372421
1.0   45.70392990112305
1.0   44.56232261657715
1.0   33.64489221572876
1.0   48.24057579040527
1.0   30.874954104423523
1.0   26.826396703720093
1.0   42.16609871387482
1.0   43.108208656311035
1.0   2.3928627967834473
1.0   -8.486911535263062
1.0   35.24558025598526
1.0   38.45200765132904
1.0   26.710421562194824
1.0   29.45400595664978
1.0   7.9528584480285645
1.0   52.08530569076538
1.0   29.076459050178528
1.0   26.699530363082886
1.0   25.221248865127563
1.0   11.472702026367188
1.0   12.717039585113525
1.0   40.86577820777893
1.0   46.46601486206055
1.0   17.77545404434204
1.0   9.995748519897461
1.0   31.82849571108818
1.0   20.365175247192383
0.0   -8.518128514289856
0.0   -8.51973032951355
0.0   -8.482145190238953
0.0   -8.548880338668823
0.0   -8.474856734275818
0.0   -8.544089078903198
0.0   -8.477468252182007
0.0   -8.483103632926941
0.0   -8.538581371307373
0.0   -8.435399293899536
0.0   -8.538105607032776
0.0   -8.489184737205505
0.0   -8.464406728744507
0.0   -8.501062035560608
0.0   -8.468277335166931
0.0   -8.464477777481079
0.0   -8.535990118980408
0.0   -8.455465078353882
0.0   -8.491724610328674
1.0   33.64729976654053
1.0   63.55895638465881
1.0   52.946187019348145
1.0   72.3426570892334
1.0   37.55941319465637
1.0   48.83542466163635
1.0   35.11487114429474
1.0   54.36923408508301
1.0   39.26519703865051
1.0   30.195885956287384
1.0   30.538395047187805
1.0   58.8320894241333
1.0   59.85371017456055
1.0   51.19542598724365
1.0   52.30445098876953
1.0   52.99047636985779
1.0   49.29692268371582
1.0   49.59070444107056
1.0   30.72755253314972
1.0   -8.47545313835144
1.0   14.174990177154541
1.0   41.20313799381256
1.0   38.40228587388992
1.0   45.6589789390564
1.0   44.52218997478485
1.0   33.61104381084442
1.0   48.19176745414734
1.0   30.84074378013611
1.0   26.797439575195312
1.0   42.1301155090332
1.0   43.06563079357147
1.0   2.3823089599609375
1.0   -8.494194865226746
1.0   35.21435970067978
1.0   38.41942125558853
1.0   26.681225895881653
1.0   29.41328239440918
1.0   7.940194606781006
1.0   52.030720710754395
1.0   29.049787163734436
1.0   26.674238801002502
1.0   25.20070171356201
1.0   11.45794677734375
1.0   12.698740005493164
1.0   40.827439069747925
1.0   46.4167423248291
1.0   17.75769567489624
1.0   9.981972694396973
1.0   31.79941762983799
1.0   20.340763092041016
0.0   -8.524596571922302
0.0   -8.526191115379333
0.0   -8.488555073738098
0.0   -8.555370569229126
0.0   -8.481276154518127
0.0   -8.55060350894928
0.0   -8.483901262283325
0.0   -8.489499807357788
0.0   -8.54506540298462
0.0   -8.441786050796509
0.0   -8.544596910476685
0.0   -8.495595932006836
0.0   -8.470826387405396
0.0   -8.507482051849365
0.0   -8.474671363830566
0.0   -8.470895290374756
0.0   -8.542468070983887
0.0   -8.461881041526794
0.0   -8.498124361038208
1.0   33.6192342042923
1.0   63.50816106796265
1.0   52.89164209365845
1.0   72.27687692642212
1.0   37.51986813545227
1.0   48.78669619560242
1.0   35.08687424659729
1.0   54.322564363479614
1.0   39.23211336135864
1.0   30.16967535018921
1.0   30.505471110343933
1.0   58.79081344604492
1.0   59.789509296417236
1.0   51.13145732879639
1.0   52.26598310470581
1.0   52.94667363166809
1.0   49.25487494468689
1.0   49.54423427581787
1.0   30.707918643951416
1.0   -8.481904029846191
1.0   14.160609722137451
1.0   41.17331659793854
1.0   38.37281733751297
1.0   45.62084436416626
1.0   44.48840308189392
1.0   33.582979917526245
1.0   48.15006971359253
1.0   30.811832666397095
1.0   26.773656606674194
1.0   42.10054624080658
1.0   43.02921104431152
1.0   2.3738269805908203
1.0   -8.500649333000183
1.0   35.18829971551895
1.0   38.39287233352661
1.0   26.65560221672058
1.0   29.376768112182617
1.0   7.92972469329834
1.0   51.982670068740845
1.0   29.027682572603226
1.0   26.653754889965057
1.0   25.18404531478882
1.0   11.44613790512085
1.0   12.683594226837158
1.0   40.79442524909973
1.0   46.37366437911987
1.0   17.74329662322998
1.0   9.970977306365967
1.0   31.775575876235962
1.0   20.320352792739868
0.0   -8.53388512134552
0.0   -8.535470962524414
0.0   -8.497773170471191
0.0   -8.56468653678894
0.0   -8.490522503852844
0.0   -8.559952020645142
0.0   -8.493170857429504
0.0   -8.498705625534058
0.0   -8.554383039474487
0.0   -8.451001405715942
0.0   -8.553906202316284
0.0   -8.504826188087463
0.0   -8.48007345199585
0.0   -8.516723036766052
0.0   -8.483892917633057
0.0   -8.480144381523132
0.0   -8.551764845848083
0.0   -8.471128702163696
0.0   -8.507345914840698
1.0   33.58264911174774
1.0   63.44448900222778
1.0   52.82426929473877
1.0   72.19638633728027
1.0   37.47046947479248
1.0   48.726335287094116
1.0   35.050952553749084
1.0   54.264013051986694
1.0   39.18937158584595
1.0   30.13566792011261
1.0   30.464122414588928
1.0   58.73764109611511
1.0   59.71114444732666
1.0   51.054306507110596
1.0   52.2165801525116
1.0   52.89168930053711
1.0   49.20110321044922
1.0   49.48640418052673
1.0   30.680530071258545
1.0   -8.491158246994019
1.0   14.140793800354004
1.0   41.13404834270477
1.0   38.33422100543976
1.0   45.57226872444153
1.0   44.44466984272003
1.0   33.54617726802826
1.0   48.09735369682312
1.0   30.774874448776245
1.0   26.741969108581543
1.0   42.0614207983017
1.0   42.982426404953
1.0   2.3615260124206543
1.0   -8.509921312332153
1.0   35.15380707383156
1.0   38.35716873407364
1.0   26.62288010120392
1.0   29.331992864608765
1.0   7.915212631225586
1.0   51.92286396026611
1.0   28.99801930785179
1.0   26.6251979470253
1.0   25.160842180252075
1.0   11.429317474365234
1.0   12.662993431091309
1.0   40.75251495838165
1.0   46.31995916366577
1.0   17.723271369934082
1.0   9.95512866973877
1.0   31.743227154016495
1.0   20.293219804763794
0.0   -8.546031832695007
0.0   -8.547605991363525
0.0   -8.509841918945312
0.0   -8.576870918273926
0.0   -8.502617835998535
0.0   -8.572174072265625
0.0   -8.505298018455505
0.0   -8.510748147964478
0.0   -8.56657063961029
0.0   -8.463061451911926
0.0   -8.56607961654663
0.0   -8.516889572143555
0.0   -8.492175579071045
0.0   -8.528812646865845
0.0   -8.495951533317566
0.0   -8.492242217063904
0.0   -8.563926219940186
0.0   -8.483223557472229
0.0   -8.519404649734497
1.0   33.53879517316818
1.0   63.368610858917236
1.0   52.744566440582275
1.0   72.1008415222168
1.0   37.41167747974396
1.0   48.654725074768066
1.0   35.0081228017807
1.0   54.19454526901245
1.0   39.13877844810486
1.0   30.09499728679657
1.0   30.414462327957153
1.0   58.67458915710449
1.0   59.618661880493164
1.0   50.96403360366821
1.0   52.158018589019775
1.0   52.826180934906006
1.0   49.13755249977112
1.0   49.4177131652832
1.0   30.64761996269226
1.0   -8.503257870674133
1.0   14.11638069152832
1.0   41.08741092681885
1.0   38.28816342353821
1.0   45.51394081115723
1.0   44.39246654510498
1.0   33.50212299823761
1.0   48.034260749816895
1.0   30.730453372001648
1.0   26.704066276550293
1.0   42.014232754707336
1.0   42.92655682563782
1.0   2.346141815185547
1.0   -8.522049307823181
1.0   35.11231791973114
1.0   38.31413650512695
1.0   26.58387839794159
1.0   29.27998971939087
1.0   7.897716045379639
1.0   51.852277755737305
1.0   28.962590128183365
1.0   26.591275930404663
1.0   25.13283896446228
1.0   11.408501625061035
1.0   12.637717247009277
1.0   40.70245575904846
1.0   46.256563663482666
1.0   17.698800086975098
1.0   9.935698509216309
1.0   31.704954504966736
1.0   20.26062273979187
0.0   -8.559948444366455
0.0   -8.561503052711487
0.0   -8.523672461509705
0.0   -8.590830564498901
0.0   -8.516463875770569
0.0   -8.586169600486755
0.0   -8.51917588710785
0.0   -8.524543523788452
0.0   -8.580536723136902
0.0   -8.476877450942993
0.0   -8.58002781867981
0.0   -8.530702829360962
0.0   -8.50603985786438
0.0   -8.542659044265747
0.0   -8.509761691093445
0.0   -8.506097197532654
0.0   -8.577868461608887
0.0   -8.497073411941528
0.0   -8.533209085464478
1.0   33.494979202747345
1.0   63.2930908203125
1.0   52.66498041152954
1.0   72.00605535507202
1.0   37.35298752784729
1.0   48.5834538936615
1.0   34.965057134628296
1.0   54.125404834747314
1.0   39.0878963470459
1.0   30.054330945014954
1.0   30.36435616016388
1.0   58.611756563186646
1.0   59.52646446228027
1.0   50.8746337890625
1.0   52.09924006462097
1.0   52.761183977127075
1.0   49.07380437850952
1.0   49.34931707382202
1.0   30.6142235994339
1.0   -8.517125606536865
1.0   14.090897560119629
1.0   41.04044020175934
1.0   38.241875767707825
1.0   45.45568823814392
1.0   44.34040546417236
1.0   33.45790374279022
1.0   47.9712553024292
1.0   30.686133980751038
1.0   26.665940761566162
1.0   41.9671288728714
1.0   42.871071100234985
1.0   2.330150604248047
1.0   -8.535931944847107
1.0   35.07085710763931
1.0   38.27121144533157
1.0   26.54530096054077
1.0   29.22827434539795
1.0   7.879915237426758
1.0   51.781907081604004
1.0   28.926646530628204
1.0   26.55724060535431
1.0   25.104671955108643
1.0   11.387458324432373
1.0   12.611531734466553
1.0   40.65259516239166
1.0   46.19335889816284
1.0   17.674236297607422
1.0   9.91580057144165
1.0   31.6666257083416
1.0   20.227354526519775
0.0   -8.575539827346802
0.0   -8.57707417011261
0.0   -8.539173364639282
0.0   -8.606474876403809
0.0   -8.531989574432373
0.0   -8.601852178573608
0.0   -8.53474509716034
0.0   -8.540008544921875
0.0   -8.596192479133606
0.0   -8.49237835407257
0.0   -8.595656633377075
0.0   -8.546185493469238
0.0   -8.521589279174805
0.0   -8.55818223953247
0.0   -8.525251984596252
0.0   -8.521641254425049
0.0   -8.59349000453949
0.0   -8.512606143951416
0.0   -8.548688054084778
1.0   33.45024657249451
1.0   63.21537923812866
1.0   52.58364820480347
1.0   71.90917301177979
1.0   37.292840242385864
1.0   48.510600566864014
1.0   34.92098951339722
1.0   54.054970264434814
1.0   39.03622531890869
1.0   30.012371957302094
1.0   30.313275694847107
1.0   58.54706907272339
1.0   59.43195343017578
1.0   50.782973289489746
1.0   52.03952598571777
1.0   52.69484090805054
1.0   49.009071350097656
1.0   49.27958822250366
1.0   30.580175399780273
1.0   -8.532659649848938
1.0   14.064220428466797
1.0   40.9926735162735
1.0   38.19466209411621
1.0   45.39621138572693
1.0   44.28675413131714
1.0   33.412837505340576
1.0   47.90717935562134
1.0   30.64098608493805
1.0   26.626346588134766
1.0   41.91874945163727
1.0   42.81429600715637
1.0   2.313185691833496
1.0   -8.551493883132935
1.0   35.02820071578026
1.0   38.22687828540802
1.0   26.505203366279602
1.0   29.17516589164734
1.0   7.861311912536621
1.0   51.709582805633545
1.0   28.889653831720352
1.0   26.522124588489532
1.0   25.075495958328247
1.0   11.365188121795654
1.0   12.584003925323486
1.0   40.60135889053345
1.0   46.12876296043396
1.0   17.648720741271973
1.0   9.8951997756958
1.0   31.627158254384995
1.0   20.19262385368347
0.0   -8.592528223991394
0.0   -8.59403944015503
0.0   -8.556065797805786
0.0   -8.623516082763672
0.0   -8.548910856246948
0.0   -8.618934154510498
0.0   -8.551708698272705
0.0   -8.556862354278564
0.0   -8.6132493019104
0.0   -8.509273290634155
0.0   -8.612681984901428
0.0   -8.563052654266357
0.0   -8.538535118103027
0.0   -8.57509458065033
0.0   -8.542133212089539
0.0   -8.538577198982239
0.0   -8.610509395599365
0.0   -8.529533863067627
0.0   -8.565553426742554
1.0   33.40200299024582
1.0   63.1321656703949
1.0   52.49697303771973
1.0   71.80583429336548
1.0   37.22908055782318
1.0   48.432504653930664
1.0   34.873778343200684
1.0   53.979889154434204
1.0   38.98096537590027
1.0   29.96780687570572
1.0   30.258559226989746
1.0   58.47752571105957
1.0   59.33081245422363
1.0   50.685471534729004
1.0   51.97569704055786
1.0   52.62399625778198
1.0   48.93968868255615
1.0   49.20515489578247
1.0   30.543453693389893
1.0   -8.54958701133728
1.0   14.035394668579102
1.0   40.9418203830719
1.0   38.144184708595276
1.0   45.3323540687561
1.0   44.22921800613403
1.0   33.36413222551346
1.0   47.8383674621582
1.0   30.592346668243408
1.0   26.5835862159729
1.0   41.866607427597046
1.0   42.75332832336426
1.0   2.294867992401123
1.0   -8.568446159362793
1.0   34.98250064253807
1.0   38.17948165535927
1.0   26.462736129760742
1.0   29.118560075759888
1.0   7.841475486755371
1.0   51.6325569152832
1.0   28.85020935535431
1.0   26.4845130443573
1.0   25.044599056243896
1.0   11.341320991516113
1.0   12.554390907287598
1.0   40.546727895736694
1.0   46.059635639190674
1.0   17.62130832672119
1.0   9.872978687286377
1.0   31.585114777088165
1.0   20.155383110046387
0.0   -8.605213522911072
0.0   -8.606706857681274
0.0   -8.568681716918945
0.0   -8.636242747306824
0.0   -8.561550259590149
0.0   -8.631690263748169
0.0   -8.564376711845398
0.0   -8.569447755813599
0.0   -8.625990629196167
0.0   -8.521898984909058
0.0   -8.625394463539124
0.0   -8.575643420219421
0.0   -8.551198840141296
0.0   -8.587725520133972
0.0   -8.554741144180298
0.0   -8.551229476928711
0.0   -8.62322187423706
0.0   -8.542177677154541
0.0   -8.578144788742065
1.0   33.36733824014664
1.0   63.07261610031128
1.0   52.436867475509644
1.0   71.73241138458252
1.0   37.18278205394745
1.0   48.37591361999512
1.0   34.840362668037415
1.0   53.92855381965637
1.0   38.94307887554169
1.0   29.935518860816956
1.0   30.21962833404541
1.0   58.42938756942749
1.0   59.258437156677246
1.0   50.61445999145508
1.0   51.93175482749939
1.0   52.5749626159668
1.0   48.89289426803589
1.0   49.15367841720581
1.0   30.518120527267456
1.0   -8.562221765518188
1.0   14.015113830566406
1.0   40.90677607059479
1.0   38.10950547456741
1.0   45.28573536872864
1.0   44.18693447113037
1.0   33.32820612192154
1.0   47.787845611572266
1.0   30.557421684265137
1.0   26.5523898601532
1.0   41.82866024971008
1.0   42.70822548866272
1.0   2.282003879547119
1.0   -8.58110499382019
1.0   34.949544847011566
1.0   38.14513486623764
1.0   26.43139374256134
1.0   29.07618498802185
1.0   7.827120304107666
1.0   51.57570433616638
1.0   28.821821987628937
1.0   26.45710551738739
1.0   25.022808074951172
1.0   11.324246406555176
1.0   12.532864570617676
1.0   40.50703454017639
1.0   46.00896382331848
1.0   17.601740837097168
1.0   9.857254028320312
1.0   31.554415799677372
1.0   20.12818670272827
