0.0   0.7271023988723755
0.0   0.7246538400650024
0.0   0.6933573484420776
0.0   0.6048508882522583
0.0   0.619057297706604
0.0   0.5611153244972229
0.0   0.5919103026390076
0.0   0.687096118927002
0.0   0.7324662208557129
0.0   0.5203162431716919
0.0   0.7538827061653137
0.0   0.6740385890007019
0.0   0.6877716779708862
0.0   0.5681490302085876
0.0   0.6807588338851929
0.0   0.6617060899734497
0.0   0.7587541341781616
0.0   0.6705414652824402
0.0   0.5979399681091309
0.0   0.7045396566390991
0.0   0.738994836807251
0.0   0.7722207307815552
0.0   0.6537362337112427
0.0   0.6619184017181396
0.0   0.6580461263656616
0.0   0.8810156583786011
0.0   0.6565516591072083
0.0   0.7898842096328735
0.0   0.5710394382476807
0.0   0.6638449430465698
0.0   0.7118850946426392
0.0   0.7277176380157471
1.0   9.721882820129395
1.0   3.1542998552322388
1.0   5.268604636192322
1.0   2.1176451444625854
1.0   0.8221303224563599
1.0   1.1173558235168457
1.0   1.1797199249267578
1.0   2.2229011058807373
1.0   3.938860774040222
1.0   0.8239057064056396
1.0   1.1870169639587402
1.0   3.828735828399658
1.0   3.3718974590301514
1.0   0.887894868850708
1.0   2.8628523349761963
1.0   5.532876372337341
1.0   1.5516793727874756
1.0   4.461327135562897
1.0   1.0045558214187622
1.0   11.646671533584595
1.0   5.5198564529418945
1.0   20.7098708152771
1.0   19.308947682380676
1.0   10.825139343738556
1.0   12.351457953453064
1.0   16.82858169078827
1.0   15.074496507644653
1.0   8.393385887145996
1.0   7.467964768409729
1.0   4.805650472640991
1.0   11.371618509292603
1.0   8.034269750118256
1.0   4.916021227836609
1.0   6.298769295215607
1.0   12.712857961654663
1.0   13.584252119064331
1.0   17.92304766178131
1.0   16.546605587005615
1.0   17.272787153720856
1.0   15.92526626586914
1.0   17.6744704246521
1.0   10.046819567680359
1.0   15.199095249176025
1.0   13.478252649307251
1.0   15.528061032295227
1.0   13.714660167694092
1.0   13.453868985176086
1.0   15.600337088108063
1.0   16.87173104286194
1.0   19.70840287208557
1.0   16.701695799827576
1.0   16.92678940296173
1.0   14.563746452331543
1.0   17.93038296699524
1.0   3.3068976402282715
1.0   16.33415400981903
1.0   19.13300096988678
1.0   5.660035014152527
1.0   3.10399329662323
1.0   11.074488699436188
1.0   13.664965748786926
1.0   18.458048224449158
1.0   16.629162073135376
1.0   18.885034680366516
1.0   23.246384978294373
1.0   19.911396861076355
1.0   14.770244717597961
1.0   12.551967442035675
1.0   14.831639409065247
1.0   17.978519082069397
1.0   18.097670137882233
1.0   19.403039813041687
1.0   19.083498001098633
1.0   18.021712064743042
1.0   15.655444025993347
1.0   11.662689924240112
1.0   15.911404252052307
1.0   17.215937614440918
1.0   17.78107500076294
1.0   19.325756311416626
1.0   18.182531118392944
1.0   17.543244123458862
0.0   -2.5900230407714844
0.0   -2.4670276045799255
0.0   -2.653710722923279
0.0   -2.843884289264679
0.0   -2.959589898586273
0.0   -2.916155993938446
0.0   -2.9695189595222473
0.0   -2.551789402961731
0.0   -2.6372202038764954
0.0   -3.0248955488204956
0.0   -2.3947566151618958
0.0   -2.6883174777030945
0.0   -2.737798511981964
0.0   -2.987844467163086
0.0   -2.7441415190696716
0.0   -2.7975302934646606
0.0   -2.5199309587478638
0.0   -2.778744637966156
0.0   -2.8013384342193604
0.0   -2.5506059527397156
0.0   -2.440446376800537
0.0   -2.449794352054596
0.0   -2.7067313194274902
0.0   -2.616180658340454
0.0   -2.677476942539215
0.0   -2.2879533171653748
0.0   -2.687488317489624
0.0   -2.372477412223816
0.0   -2.9446237683296204
0.0   -2.8142993450164795
0.0   -2.4595744013786316
0.0   -2.4977709650993347
1.0   13.337219029664993
1.0   1.9902594089508057
1.0   6.238460540771484
1.0   -0.13533449172973633
1.0   -2.5405651926994324
1.0   -1.7439359426498413
1.0   -1.725433588027954
1.0   -0.1315985918045044
1.0   4.473443508148193
1.0   -2.355096697807312
1.0   -1.6549880504608154
1.0   3.643944501876831
1.0   2.2714158296585083
1.0   -2.3939974308013916
1.0   1.39274001121521
1.0   6.561046242713928
1.0   -0.8805993795394897
1.0   5.222284257411957
1.0   -2.177211880683899
1.0   16.201542735099792
1.0   5.370145320892334
1.0   30.752143025398254
1.0   28.481104135513306
1.0   14.846850022673607
1.0   17.632388174533844
1.0   23.94709873199463
1.0   21.819592654705048
1.0   10.850196301937103
1.0   10.115422785282135
1.0   4.08539342880249
1.0   16.232902109622955
1.0   10.819764405488968
1.0   5.58063405752182
1.0   7.65437912940979
1.0   18.07655292749405
1.0   19.039101362228394
1.0   25.6591579914093
1.0   23.311427235603333
1.0   24.1740363240242
1.0   22.476079285144806
1.0   25.348960161209106
1.0   12.321335703134537
1.0   20.849773705005646
1.0   18.502532601356506
1.0   20.985943973064423
1.0   19.378190100193024
1.0   18.839413344860077
1.0   21.805148661136627
1.0   24.585453748703003
1.0   27.459704399108887
1.0   23.168573081493378
1.0   25.03240990638733
1.0   20.216043412685394
1.0   25.335115671157837
1.0   1.6151657104492188
1.0   24.07367730140686
1.0   28.130012273788452
1.0   5.945374131202698
1.0   1.6198339462280273
1.0   15.452173180878162
1.0   19.51799839735031
1.0   26.174846708774567
1.0   23.641367435455322
1.0   27.240752816200256
1.0   32.85285496711731
1.0   27.66014188528061
1.0   20.730709493160248
1.0   17.775326192378998
1.0   20.95934236049652
1.0   25.71449190378189
1.0   25.254687666893005
1.0   28.048629879951477
1.0   27.529059648513794
1.0   25.915091633796692
1.0   22.19720482826233
1.0   16.865566045045853
1.0   22.817261278629303
1.0   25.346570134162903
1.0   25.194662928581238
1.0   27.520516872406006
1.0   25.91076922416687
1.0   24.902282893657684
0.0   -3.4407584071159363
0.0   -3.294445216655731
0.0   -3.503921687602997
0.0   -3.713171124458313
0.0   -3.8506007194519043
0.0   -3.772940516471863
0.0   -3.865764021873474
0.0   -3.377574145793915
0.0   -3.502612292766571
0.0   -3.898258924484253
0.0   -3.233720541000366
0.0   -3.5564345717430115
0.0   -3.6030150055885315
0.0   -3.8670724630355835
0.0   -3.634295165538788
0.0   -3.6861429810523987
0.0   -3.377768397331238
0.0   -3.6541038155555725
0.0   -3.6526780128479004
0.0   -3.3810271620750427
0.0   -3.2782812118530273
0.0   -3.2954479455947876
0.0   -3.562326967716217
0.0   -3.4700915813446045
0.0   -3.5325357913970947
0.0   -3.131756365299225
0.0   -3.541355550289154
0.0   -3.2161373496055603
0.0   -3.8286068439483643
0.0   -3.690834164619446
0.0   -3.287063956260681
0.0   -3.3456096053123474
1.0   14.731582403182983
1.0   2.3697155714035034
1.0   7.353000164031982
1.0   -0.3070605993270874
1.0   -3.318792939186096
1.0   -2.333443760871887
1.0   -2.3095920085906982
1.0   -0.2894476652145386
1.0   5.04363751411438
1.0   -3.1693824529647827
1.0   -2.1825109720230103
1.0   4.314324140548706
1.0   2.9557735919952393
1.0   -3.2540688514709473
1.0   1.8726675510406494
1.0   7.8530988693237305
1.0   -1.2880491018295288
1.0   5.341385841369629
1.0   -2.817734479904175
1.0   17.789979100227356
1.0   6.195730924606323
1.0   31.967251539230347
1.0   29.461500644683838
1.0   16.36880934238434
1.0   18.614144325256348
1.0   25.154292345046997
1.0   23.137149810791016
1.0   12.521165132522583
1.0   11.291528105735779
1.0   4.557312488555908
1.0   17.404045820236206
1.0   12.332244277000427
1.0   5.9857587814331055
1.0   8.84151840209961
1.0   19.258339643478394
1.0   20.194679260253906
1.0   27.102970600128174
1.0   24.865827560424805
1.0   25.59209179878235
1.0   23.81898021697998
1.0   26.279118061065674
1.0   13.777092695236206
1.0   21.54354500770569
1.0   19.27111053466797
1.0   21.596198320388794
1.0   20.85905432701111
1.0   19.823230266571045
1.0   23.462268710136414
1.0   25.927406072616577
1.0   28.307786464691162
1.0   24.905757427215576
1.0   26.274178504943848
1.0   21.665645360946655
1.0   26.769214630126953
1.0   1.8774421215057373
1.0   24.33197808265686
1.0   27.82057237625122
1.0   7.1769561767578125
1.0   1.9460766315460205
1.0   17.28024649620056
1.0   21.086953163146973
1.0   27.796409130096436
1.0   25.227892875671387
1.0   28.418673038482666
1.0   34.15924286842346
1.0   29.68531084060669
1.0   22.378702402114868
1.0   19.013415813446045
1.0   22.33482074737549
1.0   26.865734100341797
1.0   27.36815333366394
1.0   29.386218309402466
1.0   29.016400575637817
1.0   27.604358911514282
1.0   23.445969104766846
1.0   17.87866497039795
1.0   24.300530433654785
1.0   26.396446704864502
1.0   26.65240240097046
1.0   29.006624698638916
1.0   27.131652355194092
1.0   26.78292179107666
0.0   -4.781534969806671
0.0   -4.578750431537628
0.0   -4.851230084896088
0.0   -5.09249085187912
0.0   -5.268991768360138
0.0   -5.1623203456401825
0.0   -5.285739421844482
0.0   -4.678707242012024
0.0   -4.858520328998566
0.0   -5.310824871063232
0.0   -4.526755630970001
0.0   -4.921351850032806
0.0   -4.986606299877167
0.0   -5.2850324511528015
0.0   -5.027892231941223
0.0   -5.077124655246735
0.0   -4.715036690235138
0.0   -5.0493804812431335
0.0   -5.023944795131683
0.0   -4.695529252290726
0.0   -4.583058297634125
0.0   -4.61406272649765
0.0   -4.911601215600967
0.0   -4.810383677482605
0.0   -4.886918663978577
0.0   -4.434929430484772
0.0   -4.903106212615967
0.0   -4.511376738548279
0.0   -5.236643731594086
0.0   -5.099654793739319
0.0   -4.577884078025818
0.0   -4.657528907060623
1.0   16.482969522476196
1.0   2.262666940689087
1.0   7.758753299713135
1.0   -1.0148156881332397
1.0   -4.621725797653198
1.0   -3.3616973161697388
1.0   -3.3668556809425354
1.0   -1.0014621019363403
1.0   5.191474914550781
1.0   -4.475919425487518
1.0   -3.167633891105652
1.0   4.454610109329224
1.0   2.983097553253174
1.0   -4.605390250682831
1.0   1.7371532917022705
1.0   8.472843647003174
1.0   -2.0506398677825928
1.0   5.524651765823364
1.0   -3.948702037334442
1.0   19.90609884262085
1.0   6.712801218032837
1.0   37.213170289993286
1.0   34.260762453079224
1.0   18.447874069213867
1.0   21.484816551208496
1.0   29.004011869430542
1.0   26.768561840057373
1.0   13.789118766784668
1.0   12.506059169769287
1.0   4.830118179321289
1.0   19.689069271087646
1.0   13.650809288024902
1.0   6.284750938415527
1.0   9.718350648880005
1.0   21.898289442062378
1.0   22.758042335510254
1.0   30.956777334213257
1.0   28.27197504043579
1.0   29.139214754104614
1.0   27.235179662704468
1.0   30.135902404785156
1.0   15.8443683385849
1.0   24.549945831298828
1.0   21.96673059463501
1.0   24.205376386642456
1.0   23.5965518951416
1.0   22.794544219970703
1.0   26.398436784744263
1.0   29.95193886756897
1.0   32.326316833496094
1.0   27.613390922546387
1.0   30.33442974090576
1.0   24.47668480873108
1.0   30.25602912902832
1.0   1.4872612953186035
1.0   28.294643878936768
1.0   32.40866422653198
1.0   7.729809522628784
1.0   1.9337868690490723
1.0   19.157044887542725
1.0   23.94759464263916
1.0   31.603296518325806
1.0   28.563178062438965
1.0   32.73531532287598
1.0   38.96650314331055
1.0   33.61697578430176
1.0   25.485849857330322
1.0   21.712551832199097
1.0   25.468519687652588
1.0   30.819748640060425
1.0   30.97739315032959
1.0   34.11661911010742
1.0   33.5215630531311
1.0   31.515045404434204
1.0   26.75471329689026
1.0   20.40594792366028
1.0   27.886662483215332
1.0   30.655919075012207
1.0   30.534858226776123
1.0   33.30201697349548
1.0   31.52754545211792
1.0   30.62704300880432
0.0   -6.4503942131996155
0.0   -6.150449514389038
0.0   -6.518399000167847
0.0   -6.831039786338806
0.0   -7.070658624172211
0.0   -6.916770309209824
0.0   -7.085661470890045
0.0   -6.270308613777161
0.0   -6.570223182439804
0.0   -7.092847764492035
0.0   -6.127609878778458
0.0   -6.613723397254944
0.0   -6.717655509710312
0.0   -7.0829861760139465
0.0   -6.771431922912598
0.0   -6.8231416046619415
0.0   -6.388436377048492
0.0   -6.793515592813492
0.0   -6.7160643339157104
0.0   -6.32104566693306
0.0   -6.182622581720352
0.0   -6.229861944913864
0.0   -6.590871214866638
0.0   -6.468683212995529
0.0   -6.563944578170776
0.0   -6.054001688957214
0.0   -6.593555241823196
0.0   -6.108806401491165
0.0   -7.012209355831146
0.0   -6.870061129331589
0.0   -6.187442243099213
0.0   -6.292094886302948
1.0   17.49242663383484
1.0   1.5151731967926025
1.0   7.317104816436768
1.0   -2.143383502960205
1.0   -6.249679684638977
1.0   -4.6880974769592285
1.0   -4.760863184928894
1.0   -2.2341641187667847
1.0   4.661861419677734
1.0   -6.084174662828445
1.0   -4.49245011806488
1.0   3.8775694370269775
1.0   2.326629877090454
1.0   -6.260752439498901
1.0   0.9420216083526611
1.0   8.232849359512329
1.0   -3.1261045932769775
1.0   5.305992841720581
1.0   -5.516736209392548
1.0   21.272745609283447
1.0   6.3854146003723145
1.0   42.09922742843628
1.0   38.82471704483032
1.0   19.758476734161377
1.0   23.80138635635376
1.0   32.4817008972168
1.0   29.83244037628174
1.0   14.207746505737305
1.0   12.93237829208374
1.0   4.37311863899231
1.0   21.3840651512146
1.0   14.113565444946289
1.0   6.018698215484619
1.0   9.818460941314697
1.0   24.012187480926514
1.0   24.74636459350586
1.0   34.178537368774414
1.0   30.8226535320282
1.0   31.88375997543335
1.0   29.962594509124756
1.0   33.290159463882446
1.0   17.10159921646118
1.0   26.978655099868774
1.0   24.072071075439453
1.0   26.316614627838135
1.0   25.55732011795044
1.0   25.050901889801025
1.0   28.445613384246826
1.0   33.39173245429993
1.0   35.794166564941406
1.0   29.448191165924072
1.0   34.04695749282837
1.0   26.653249502182007
1.0   33.199512004852295
1.0   0.5414466857910156
1.0   32.14932060241699
1.0   36.983861446380615
1.0   7.486357688903809
1.0   1.226226806640625
1.0   20.17717981338501
1.0   26.110294580459595
1.0   34.79468107223511
1.0   31.37649393081665
1.0   36.65855073928833
1.0   43.239460468292236
1.0   36.87183141708374
1.0   27.86543917655945
1.0   23.808899402618408
1.0   28.04879856109619
1.0   34.3841667175293
1.0   33.813185691833496
1.0   38.470027923583984
1.0   37.510682106018066
1.0   34.7306923866272
1.0   29.49611496925354
1.0   22.313895225524902
1.0   30.833765506744385
1.0   34.51771283149719
1.0   33.91787815093994
1.0   37.09290885925293
1.0   35.518181562423706
1.0   33.80309009552002
0.0   -6.560722649097443
0.0   -6.206648260354996
0.0   -6.618979960680008
0.0   -6.975062787532806
0.0   -7.2731985449790955
0.0   -7.079483598470688
0.0   -7.272729754447937
0.0   -6.331458121538162
0.0   -6.7527026534080505
0.0   -7.21763950586319
0.0   -6.201317518949509
0.0   -6.752635955810547
0.0   -6.889404982328415
0.0   -7.268117964267731
0.0   -6.9442960023880005
0.0   -6.9923714101314545
0.0   -6.511672705411911
0.0   -6.965197145938873
0.0   -6.803950130939484
0.0   -6.415291279554367
0.0   -6.259956955909729
0.0   -6.326053887605667
0.0   -6.69292950630188
0.0   -6.573633641004562
0.0   -6.682113707065582
0.0   -6.158897697925568
0.0   -6.709526836872101
0.0   -6.190129220485687
0.0   -7.1836769580841064
0.0   -7.042477130889893
0.0   -6.278887927532196
0.0   -6.427803248167038
1.0   20.096086382865906
1.0   2.2367172241210938
1.0   8.710473537445068
1.0   -1.7452614307403564
1.0   -6.291429728269577
1.0   -4.4892531633377075
1.0   -4.603210210800171
1.0   -1.9091113805770874
1.0   5.866490602493286
1.0   -6.102404832839966
1.0   -4.3091840744018555
1.0   4.961008548736572
1.0   3.128286123275757
1.0   -6.314460247755051
1.0   1.6642653942108154
1.0   9.644848823547363
1.0   -2.7695311307907104
1.0   6.642368316650391
1.0   -5.505974054336548
1.0   24.26176655292511
1.0   7.728919982910156
1.0   48.295005083084106
1.0   44.48474168777466
1.0   22.766448140144348
1.0   27.563965439796448
1.0   37.323730766773224
1.0   34.212428867816925
1.0   16.47252058982849
1.0   15.138890504837036
1.0   5.507985591888428
1.0   24.569116711616516
1.0   16.438753604888916
1.0   7.5739006996154785
1.0   11.648895263671875
1.0   27.562433004379272
1.0   28.315355479717255
1.0   38.9185711145401
1.0   35.061231553554535
1.0   36.2262237071991
1.0   34.18867099285126
1.0   38.12891101837158
1.0   20.093489289283752
1.0   30.803606510162354
1.0   27.607953667640686
1.0   29.96166330575943
1.0   29.21563372015953
1.0   28.886678159236908
1.0   32.22444769740105
1.0   38.24200063943863
1.0   40.84464156627655
1.0   33.18445286154747
1.0   39.07350528240204
1.0   30.24983125925064
1.0   37.560817420482635
1.0   1.2472219467163086
1.0   37.183648467063904
1.0   42.81829571723938
1.0   8.845407485961914
1.0   2.0990567207336426
1.0   22.963049054145813
1.0   29.7007257938385
1.0   39.41796326637268
1.0   35.62734720110893
1.0   41.851769268512726
1.0   48.822213530540466
1.0   41.513392239809036
1.0   31.75847828388214
1.0   27.280788868665695
1.0   32.072696805000305
1.0   39.237265169620514
1.0   38.192837834358215
1.0   44.13590204715729
1.0   42.81948924064636
1.0   39.568146765232086
1.0   33.65138453245163
1.0   25.838926196098328
1.0   35.2161660194397
1.0   39.71455359458923
1.0   38.72286891937256
1.0   42.32841366529465
1.0   40.70279574394226
1.0   38.452812403440475
0.0   -5.883959636092186
0.0   -5.529443249106407
0.0   -5.92137011885643
0.0   -6.278103858232498
0.0   -6.658410936594009
0.0   -6.380530685186386
0.0   -6.616481631994247
0.0   -5.655055493116379
0.0   -6.1379208862781525
0.0   -6.5078370571136475
0.0   -5.543742328882217
0.0   -6.071837544441223
0.0   -6.228583097457886
0.0   -6.580563485622406
0.0   -6.285024702548981
0.0   -6.32607027888298
0.0   -5.83556304872036
0.0   -6.29535236954689
0.0   -6.100418731570244
0.0   -5.735127657651901
0.0   -5.603180408477783
0.0   -5.653734028339386
0.0   -6.003530904650688
0.0   -5.900759041309357
0.0   -6.009315565228462
0.0   -5.494383335113525
0.0   -6.0243982672691345
0.0   -5.532475829124451
0.0   -6.502605378627777
0.0   -6.375777363777161
0.0   -5.602819979190826
0.0   -5.7592616975307465
1.0   23.240223944187164
1.0   3.6005330085754395
1.0   10.839451432228088
1.0   -0.6787109375
1.0   -5.482961177825928
1.0   -3.6288256645202637
1.0   -3.731762170791626
1.0   -0.8742787837982178
1.0   7.755964279174805
1.0   -5.318011283874512
1.0   -3.4595056772232056
1.0   6.721290349960327
1.0   4.558893918991089
1.0   -5.521610379219055
1.0   3.0381526947021484
1.0   11.647855520248413
1.0   -1.7548056840896606
1.0   8.597902059555054
1.0   -4.693094253540039
1.0   27.820651531219482
1.0   9.742277383804321
1.0   54.68693828582764
1.0   50.28673028945923
1.0   26.38089692592621
1.0   31.731976747512817
1.0   42.51836633682251
1.0   38.927043437957764
1.0   19.372881181538105
1.0   17.999151527881622
1.0   7.307822942733765
1.0   28.231388807296753
1.0   19.397083401679993
1.0   9.799412369728088
1.0   14.088262408971786
1.0   31.544410705566406
1.0   32.33587193489075
1.0   44.010221004486084
1.0   39.72753095626831
1.0   40.939703702926636
1.0   38.801799297332764
1.0   43.31729221343994
1.0   23.570013284683228
1.0   34.96682357788086
1.0   31.524070024490356
1.0   34.00018048286438
1.0   33.392452001571655
1.0   33.10916614532471
1.0   36.56591606140137
1.0   43.3666672706604
1.0   46.18659830093384
1.0   37.53667950630188
1.0   44.348026752471924
1.0   34.30500245094299
1.0   42.3412082195282
1.0   2.6489808559417725
1.0   42.40076160430908
1.0   48.77765083312988
1.0   10.80585265159607
1.0   3.6218550205230713
1.0   26.345746994018555
1.0   33.73892331123352
1.0   44.40824508666992
1.0   40.29861402511597
1.0   47.298694133758545
1.0   54.67172145843506
1.0   46.5465362071991
1.0   36.08637499809265
1.0   31.114174365997314
1.0   36.529212951660156
1.0   44.3567533493042
1.0   43.04922795295715
1.0   49.99463939666748
1.0   48.31922912597656
1.0   44.79453945159912
1.0   38.13908886909485
1.0   29.828046798706055
1.0   39.94292640686035
1.0   45.182456493377686
1.0   43.81429862976074
1.0   47.89161205291748
1.0   46.112149715423584
1.0   43.51881146430969
0.0   -4.963798075914383
0.0   -4.6356360912323
0.0   -5.004978701472282
0.0   -5.330008864402771
0.0   -5.713095024228096
0.0   -5.402352303266525
0.0   -5.668166026473045
0.0   -4.739267200231552
0.0   -5.238858789205551
0.0   -5.532461941242218
0.0   -4.65784016251564
0.0   -5.161320149898529
0.0   -5.294811099767685
0.0   -5.595313310623169
0.0   -5.339865520596504
0.0   -5.378939643502235
0.0   -4.910882160067558
0.0   -5.334786534309387
0.0   -5.147130727767944
0.0   -4.832057982683182
0.0   -4.735193461179733
0.0   -4.746751189231873
0.0   -5.052498996257782
0.0   -4.994378373026848
0.0   -5.083437219262123
0.0   -4.64473369717598
0.0   -5.090259790420532
0.0   -4.67395780980587
0.0   -5.551194056868553
0.0   -5.402753368020058
0.0   -4.73209185898304
0.0   -4.843783915042877
1.0   24.965251684188843
1.0   4.722729682922363
1.0   12.342592000961304
1.0   0.36188316345214844
1.0   -4.5240113735198975
1.0   -2.688629388809204
1.0   -2.7776323556900024
1.0   0.1255500316619873
1.0   9.118988931179047
1.0   -4.389798879623413
1.0   -2.5293428897857666
1.0   7.962147295475006
1.0   5.759367942810059
1.0   -4.572575330734253
1.0   4.229727745056152
1.0   13.01309797167778
1.0   -0.7338192462921143
1.0   9.875734448432922
1.0   -3.7233598828315735
1.0   29.71862816810608
1.0   11.179613530635834
1.0   57.24484634399414
1.0   52.53750419616699
1.0   28.3202702999115
1.0   33.66391134262085
1.0   44.7939190864563
1.0   41.03646898269653
1.0   21.134417057037354
1.0   19.68194341659546
1.0   8.676453351974487
1.0   30.062217235565186
1.0   21.158751845359802
1.0   11.264925837516785
1.0   15.590872168540955
1.0   33.46304941177368
1.0   34.27755260467529
1.0   46.34796619415283
1.0   41.98830223083496
1.0   43.11176919937134
1.0   40.94246053695679
1.0   45.56296682357788
1.0   25.47657299041748
1.0   36.79921007156372
1.0   33.3520941734314
1.0   35.85944318771362
1.0   35.44113278388977
1.0   35.05730199813843
1.0   38.75630331039429
1.0   45.61489295959473
1.0   48.5167441368103
1.0   39.79553985595703
1.0   46.57509708404541
1.0   36.31443548202515
1.0   44.587414264678955
1.0   3.852954149246216
1.0   44.46635150909424
1.0   50.94777774810791
1.0   12.24373173713684
1.0   4.898525714874268
1.0   28.28849697113037
1.0   35.722973585128784
1.0   46.753507137298584
1.0   42.46382665634155
1.0   49.58014392852783
1.0   57.1468505859375
1.0   48.90611934661865
1.0   38.20707106590271
1.0   32.92389678955078
1.0   38.63149404525757
1.0   46.539785385131836
1.0   45.42669630050659
1.0   52.44794797897339
1.0   50.68584966659546
1.0   47.24580001831055
1.0   40.22170400619507
1.0   31.77049970626831
1.0   42.111990451812744
1.0   47.52806377410889
1.0   46.12299346923828
1.0   50.366740703582764
1.0   48.404568672180176
1.0   45.92519235610962
0.0   -3.6950699985027313
0.0   -3.393438458442688
0.0   -3.7138070464134216
0.0   -4.0224012434482574
0.0   -4.369286388158798
0.0   -4.079226315021515
0.0   -4.304490327835083
0.0   -3.4850153028964996
0.0   -3.9600897431373596
0.0   -4.185992956161499
0.0   -3.4245844185352325
0.0   -3.863015905022621
0.0   -4.000074595212936
0.0   -4.249681144952774
0.0   -4.038848787546158
0.0   -4.06483119726181
0.0   -3.650266706943512
0.0   -4.024874985218048
0.0   -3.8541577756404877
0.0   -3.5751639008522034
0.0   -3.4948763251304626
0.0   -3.491910755634308
0.0   -3.7595615088939667
0.0   -3.7317693680524826
0.0   -3.807538390159607
0.0   -3.4172497987747192
0.0   -3.798130214214325
0.0   -3.4412782788276672
0.0   -4.2101572304964066
0.0   -4.069708287715912
0.0   -3.486249029636383
0.0   -3.592692121863365
1.0   26.88931918144226
1.0   6.077457666397095
1.0   14.066798686981201
1.0   1.6645731925964355
1.0   -3.2296656370162964
1.0   -1.4464538097381592
1.0   -1.5116592645645142
1.0   1.4173662662506104
1.0   10.725741565227509
1.0   -3.1398845314979553
1.0   -1.3090550899505615
1.0   9.377488106489182
1.0   7.196524143218994
1.0   -3.2942164540290833
1.0   5.674520254135132
1.0   14.53934383392334
1.0   0.5479190349578857
1.0   11.400809526443481
1.0   -2.423473834991455
1.0   31.823418617248535
1.0   12.839914917945862
1.0   59.992554664611816
1.0   54.984848976135254
1.0   30.492119312286377
1.0   35.82111167907715
1.0   47.31000232696533
1.0   43.332664489746094
1.0   23.120604515075684
1.0   21.590757369995117
1.0   10.306372612714767
1.0   32.13253879547119
1.0   23.098230361938477
1.0   12.96260929107666
1.0   17.3100643157959
1.0   35.60751724243164
1.0   36.41704082489014
1.0   48.953067779541016
1.0   44.466712951660156
1.0   45.54875659942627
1.0   43.342556953430176
1.0   48.12368965148926
1.0   27.661101818084717
1.0   38.86550331115723
1.0   35.41691827774048
1.0   37.96484613418579
1.0   37.76751708984375
1.0   37.281328201293945
1.0   41.19930553436279
1.0   48.08380651473999
1.0   51.12117576599121
1.0   42.32501173019409
1.0   49.076589584350586
1.0   38.5319766998291
1.0   47.06552505493164
1.0   5.370916128158569
1.0   46.77242374420166
1.0   53.39458084106445
1.0   13.923220455646515
1.0   6.442591428756714
1.0   30.48164701461792
1.0   37.900413036346436
1.0   49.345027446746826
1.0   44.92097568511963
1.0   52.127963066101074
1.0   59.82294845581055
1.0   51.49314212799072
1.0   40.53008556365967
1.0   34.9603910446167
1.0   40.97118091583252
1.0   48.955650806427
1.0   48.044511795043945
1.0   55.0781364440918
1.0   53.21263122558594
1.0   49.99054193496704
1.0   42.55721044540405
1.0   33.95455551147461
1.0   44.513558864593506
1.0   50.091431617736816
1.0   48.664278984069824
1.0   53.08378314971924
1.0   50.89292812347412
1.0   48.54740047454834
0.0   -3.0890567302703857
0.0   -2.815269351005554
0.0   -3.1087681651115417
0.0   -3.4000342190265656
0.0   -3.709125339984894
0.0   -3.452511429786682
0.0   -3.639535278081894
0.0   -2.901547759771347
0.0   -3.334812343120575
0.0   -3.539962738752365
0.0   -2.8419229090213776
0.0   -3.2461491227149963
0.0   -3.3823825418949127
0.0   -3.6020059883594513
0.0   -3.4202373027801514
0.0   -3.440883070230484
0.0   -3.0483518242836
0.0   -3.392016261816025
0.0   -3.2351367473602295
0.0   -2.9765906929969788
0.0   -2.914033055305481
0.0   -2.9036675691604614
0.0   -3.1395682394504547
0.0   -3.1234348714351654
0.0   -3.2033274173736572
0.0   -2.8483535051345825
0.0   -3.1853505969047546
0.0   -2.8642994165420532
0.0   -3.5593306720256805
0.0   -3.438329577445984
0.0   -2.904083013534546
0.0   -2.992080718278885
1.0   27.55271577835083
1.0   6.631441831588745
1.0   14.700139284133911
1.0   2.2375082969665527
1.0   -2.6184266209602356
1.0   -0.8793525695800781
1.0   -0.9326692819595337
1.0   1.9799246788024902
1.0   11.338974952697754
1.0   -2.5585817694664
1.0   -0.7567124366760254
1.0   9.91476285457611
1.0   7.797815978527069
1.0   -2.695306122303009
1.0   6.289027810096741
1.0   15.110917925834656
1.0   1.111713171005249
1.0   11.933156967163086
1.0   -1.8252681493759155
1.0   32.47692394256592
1.0   13.493232607841492
1.0   60.81001567840576
1.0   55.71064376831055
1.0   31.211944103240967
1.0   36.53455305099487
1.0   48.064727783203125
1.0   44.07551288604736
1.0   23.819745779037476
1.0   22.259877681732178
1.0   10.965967118740082
1.0   32.79114770889282
1.0   23.756921768188477
1.0   13.578328132629395
1.0   17.907442092895508
1.0   36.301650524139404
1.0   37.08994817733765
1.0   49.808223724365234
1.0   45.230278968811035
1.0   46.271066665649414
1.0   44.119001388549805
1.0   48.908074378967285
1.0   28.390603065490723
1.0   39.511677742004395
1.0   36.06902503967285
1.0   38.645002365112305
1.0   38.48481798171997
1.0   38.004499435424805
1.0   41.99666213989258
1.0   48.9054651260376
1.0   51.92600727081299
1.0   43.173131465911865
1.0   49.90933609008789
1.0   39.24566698074341
1.0   47.91980457305908
1.0   6.0273590087890625
1.0   47.51197147369385
1.0   54.125494956970215
1.0   14.587645590305328
1.0   7.104631304740906
1.0   31.205904006958008
1.0   38.63241672515869
1.0   50.16280937194824
1.0   45.71067142486572
1.0   52.92668628692627
1.0   60.69462490081787
1.0   52.3027982711792
1.0   41.29479265213013
1.0   35.60417127609253
1.0   41.70697021484375
1.0   49.656320571899414
1.0   48.89712142944336
1.0   55.89929008483887
1.0   53.97348880767822
1.0   50.934043884277344
1.0   43.321279525756836
1.0   34.71399259567261
1.0   45.2712287902832
1.0   50.890419006347656
1.0   49.47135639190674
1.0   53.95789909362793
1.0   51.648630142211914
1.0   49.40710926055908
0.0   -3.077849507331848
0.0   -2.8056863844394684
0.0   -3.0975159108638763
0.0   -3.3874712884426117
0.0   -3.694152742624283
0.0   -3.4403713941574097
0.0   -3.6249309182167053
0.0   -2.892241209745407
0.0   -3.3210405111312866
0.0   -3.526788651943207
0.0   -2.8304114937782288
0.0   -3.2337309420108795
0.0   -3.3706844449043274
0.0   -3.588678389787674
0.0   -3.4077072739601135
0.0   -3.428689420223236
0.0   -3.037450134754181
0.0   -3.3794453144073486
0.0   -3.223122090101242
0.0   -2.965712934732437
0.0   -2.9044006168842316
0.0   -2.893123537302017
0.0   -3.127351999282837
0.0   -3.11103093624115
0.0   -3.191453278064728
0.0   -2.839198112487793
0.0   -3.1723748445510864
0.0   -2.855339765548706
0.0   -3.5446077287197113
0.0   -3.425893872976303
0.0   -2.8931844830513
0.0   -2.9801759123802185
1.0   27.51686668395996
1.0   6.626147568225861
1.0   14.683638334274292
1.0   2.239046335220337
1.0   -2.607675790786743
1.0   -0.8712239265441895
1.0   -0.9246038198471069
1.0   1.9830126762390137
1.0   11.326788544654846
1.0   -2.5483293533325195
1.0   -0.7494460344314575
1.0   9.902543544769287
1.0   7.794308543205261
1.0   -2.684514284133911
1.0   6.2875189781188965
1.0   15.094362139701843
1.0   1.1157629489898682
1.0   11.913884162902832
1.0   -1.8161126375198364
1.0   32.42538785934448
1.0   13.479982852935791
1.0   60.71578121185303
1.0   55.62311553955078
1.0   31.169095039367676
1.0   36.479472160339355
1.0   47.986684799194336
1.0   44.01443004608154
1.0   23.792144298553467
1.0   22.229741096496582
1.0   10.959339797496796
1.0   32.738863945007324
1.0   23.72234010696411
1.0   13.55632758140564
1.0   17.880946159362793
1.0   36.24766826629639
1.0   37.031596660614014
1.0   49.74271202087402
1.0   45.1617546081543
1.0   46.19700479507446
1.0   44.05806016921997
1.0   48.831796646118164
1.0   28.348027229309082
1.0   39.45169448852539
1.0   36.01529264450073
1.0   38.58730697631836
1.0   38.425273418426514
1.0   37.94652271270752
1.0   41.9377965927124
1.0   48.83845901489258
1.0   51.852416038513184
1.0   43.11848068237305
1.0   49.8447847366333
1.0   39.19160556793213
1.0   47.86445331573486
1.0   6.0301995277404785
1.0   47.4432373046875
1.0   54.035871505737305
1.0   14.576992869377136
1.0   7.102628707885742
1.0   31.165231227874756
1.0   38.57913017272949
1.0   50.097432136535645
1.0   45.648898124694824
1.0   52.85512351989746
1.0   60.620606422424316
1.0   52.23697853088379
1.0   41.23874473571777
1.0   35.54873752593994
1.0   41.6441650390625
1.0   49.57596397399902
1.0   48.83224964141846
1.0   55.81797409057617
1.0   53.89322376251221
1.0   50.870551109313965
1.0   43.260451316833496
1.0   34.66822814941406
1.0   45.20772647857666
1.0   50.8138952255249
1.0   49.40218257904053
1.0   53.88247776031494
1.0   51.57094860076904
1.0   49.342949867248535
0.0   -3.1035441160202026
0.0   -2.830965578556061
0.0   -3.122425138950348
0.0   -3.4118770360946655
0.0   -3.71732035279274
0.0   -3.465414732694626
0.0   -3.6485012471675873
0.0   -2.9187617897987366
0.0   -3.344053864479065
0.0   -3.5520026087760925
0.0   -2.8535029888153076
0.0   -3.2576243579387665
0.0   -3.3962534368038177
0.0   -3.613605797290802
0.0   -3.431939959526062
0.0   -3.4536659717559814
0.0   -3.062491297721863
0.0   -3.404825448989868
0.0   -3.248718947172165
0.0   -2.9902586936950684
0.0   -2.929963380098343
0.0   -2.918020248413086
0.0   -3.1521763503551483
0.0   -3.134337067604065
0.0   -3.216700404882431
0.0   -2.8653456270694733
0.0   -3.194971442222595
0.0   -2.8814569115638733
0.0   -3.567561626434326
0.0   -3.450810492038727
0.0   -2.9177932739257812
0.0   -3.00394007563591
1.0   27.406429767608643
1.0   6.575779318809509
1.0   14.60839581489563
1.0   2.1976399421691895
1.0   -2.6348201036453247
1.0   -0.8990859985351562
1.0   -0.9538408517837524
1.0   1.9469382762908936
1.0   11.260942697525024
1.0   -2.574047029018402
1.0   -0.7779604196548462
1.0   9.840911149978638
1.0   7.741597235202789
1.0   -2.709861159324646
1.0   6.238608956336975
1.0   15.023197650909424
1.0   1.080230712890625
1.0   11.840603351593018
1.0   -1.845429003238678
1.0   32.28696346282959
1.0   13.40968906879425
1.0   60.490153312683105
1.0   55.41485023498535
1.0   31.041139602661133
1.0   36.32970094680786
1.0   47.795714378356934
1.0   43.8477783203125
1.0   23.6931209564209
1.0   22.126434326171875
1.0   10.898278832435608
1.0   32.59706354141235
1.0   23.612523078918457
1.0   13.472047567367554
1.0   17.7888445854187
1.0   36.09832763671875
1.0   36.878092765808105
1.0   49.5638952255249
1.0   44.98999881744385
1.0   46.01444435119629
1.0   43.894328117370605
1.0   48.638187408447266
1.0   28.21896457672119
1.0   39.29539918899536
1.0   35.871190547943115
1.0   38.43455791473389
1.0   38.26856851577759
1.0   37.79226112365723
1.0   41.777649879455566
1.0   48.65915012359619
1.0   51.65729808807373
1.0   42.96036148071289
1.0   49.66735076904297
1.0   39.04477262496948
1.0   47.70162916183472
1.0   5.9860007762908936
1.0   47.26574230194092
1.0   53.81982707977295
1.0   14.509092211723328
1.0   7.049950480461121
1.0   31.042059898376465
1.0   38.433451652526855
1.0   49.92097616195679
1.0   45.478689670562744
1.0   52.66756629943848
1.0   60.42530822753906
1.0   52.05794048309326
1.0   41.08672475814819
1.0   35.404927253723145
1.0   41.48126029968262
1.0   49.38358211517334
1.0   48.659245014190674
1.0   55.6151819229126
1.0   53.69682788848877
1.0   50.68966197967529
1.0   43.09780836105347
1.0   34.5291953086853
1.0   45.03809356689453
1.0   50.62047004699707
1.0   49.22176933288574
1.0   53.68764877319336
1.0   51.37833309173584
1.0   49.16792964935303
0.0   -3.160199999809265
0.0   -2.886162668466568
0.0   -3.178120642900467
0.0   -3.4679521322250366
0.0   -3.7731750905513763
0.0   -3.5219200551509857
0.0   -3.704989969730377
0.0   -2.97559130191803
0.0   -3.3986957669258118
0.0   -3.6098994612693787
0.0   -2.906255602836609
0.0   -3.312569558620453
0.0   -3.4533535838127136
0.0   -3.6710133850574493
0.0   -3.4872846007347107
0.0   -3.509992927312851
0.0   -3.118374228477478
0.0   -3.4622336626052856
0.0   -3.3058764338493347
0.0   -3.045042634010315
0.0   -2.985537588596344
0.0   -2.9731093645095825
0.0   -3.2087488770484924
0.0   -3.1883303821086884
0.0   -3.2730274498462677
0.0   -2.921309769153595
0.0   -3.2482873499393463
0.0   -2.937123030424118
0.0   -3.622947245836258
0.0   -3.5075441002845764
0.0   -2.972935199737549
0.0   -3.0580732822418213
1.0   27.240339756011963
1.0   6.490153193473816
1.0   14.48740839958191
1.0   2.1220741271972656
1.0   -2.6932477355003357
1.0   -0.9577221870422363
1.0   -1.013948917388916
1.0   1.8783044815063477
1.0   11.15284264087677
1.0   -2.6299633979797363
1.0   -0.8364378213882446
1.0   9.740882933139801
1.0   7.65077543258667
1.0   -2.765905499458313
1.0   6.151976466178894
1.0   14.909356355667114
1.0   1.0127359628677368
1.0   11.721951007843018
1.0   -1.9070634841918945
1.0   32.0840425491333
1.0   13.296151876449585
1.0   60.170419692993164
1.0   55.12095260620117
1.0   30.849809169769287
1.0   36.111653327941895
1.0   47.52407169342041
1.0   43.60620069503784
1.0   23.540507793426514
1.0   21.96871542930603
1.0   10.795825242996216
1.0   32.39097881317139
1.0   23.446582317352295
1.0   13.339445352554321
1.0   17.64748191833496
1.0   35.881920337677
1.0   36.65504789352417
1.0   49.30256748199463
1.0   44.73950958251953
1.0   45.75211954116821
1.0   43.65142107009888
1.0   48.36081123352051
1.0   28.024707317352295
1.0   39.06495714187622
1.0   35.66038227081299
1.0   38.20735502243042
1.0   38.04063940048218
1.0   37.56804943084717
1.0   41.542269706726074
1.0   48.39779853820801
1.0   51.37096118927002
1.0   42.72542142868042
1.0   49.406612396240234
1.0   38.830159187316895
1.0   47.46108627319336
1.0   5.904151678085327
1.0   47.01008892059326
1.0   53.51577949523926
1.0   14.396685481071472
1.0   6.957765698432922
1.0   30.85788631439209
1.0   38.219974517822266
1.0   49.66583490371704
1.0   45.233500480651855
1.0   52.398743629455566
1.0   60.145108222961426
1.0   51.79740810394287
1.0   40.86517906188965
1.0   35.19760990142822
1.0   41.244940757751465
1.0   49.10727405548096
1.0   48.40398931503296
1.0   55.32474708557129
1.0   53.41617679595947
1.0   50.4210991859436
1.0   42.85923910140991
1.0   34.31797742843628
1.0   44.79240131378174
1.0   50.34121894836426
1.0   48.959102630615234
1.0   53.403717041015625
1.0   51.102335929870605
1.0   48.909451484680176
0.0   -3.2417246401309967
0.0   -2.965645909309387
0.0   -3.2586113810539246
0.0   -3.5499877333641052
0.0   -3.856069654226303
0.0   -3.603979527950287
0.0   -3.7884015440940857
0.0   -3.0569674372673035
0.0   -3.478580415248871
0.0   -3.69477578997612
0.0   -2.9835533499717712
0.0   -3.3934536576271057
0.0   -3.5359438061714172
0.0   -3.7546595633029938
0.0   -3.5679869651794434
0.0   -3.591969132423401
0.0   -3.1990845799446106
0.0   -3.545462489128113
0.0   -3.387772023677826
0.0   -3.1242863535881042
0.0   -3.0653990507125854
0.0   -3.0531243681907654
0.0   -3.291381984949112
0.0   -3.2675072252750397
0.0   -3.354507327079773
0.0   -3.0014019906520844
0.0   -3.327030122280121
0.0   -3.016626477241516
0.0   -3.7049747109413147
0.0   -3.5900180637836456
0.0   -3.0521223545074463
0.0   -3.1374619901180267
1.0   27.020674228668213
1.0   6.374581456184387
1.0   14.327288508415222
1.0   2.0173251628875732
1.0   -2.777537703514099
1.0   -1.0414389371871948
1.0   -1.099929928779602
1.0   1.7824146747589111
1.0   11.007213473320007
1.0   -2.7100042700767517
1.0   -0.9196628332138062
1.0   9.607823848724365
1.0   7.527631521224976
1.0   -2.84726881980896
1.0   6.034154534339905
1.0   14.75790810585022
1.0   0.9181466102600098
1.0   11.566255807876587
1.0   -1.9947658777236938
1.0   31.822002410888672
1.0   13.145046949386597
1.0   59.76562023162842
1.0   54.75097846984863
1.0   30.595727920532227
1.0   35.833345890045166
1.0   47.18019199371338
1.0   43.29240655899048
1.0   23.33883571624756
1.0   21.76347064971924
1.0   10.657481133937836
1.0   32.128089904785156
1.0   23.230629444122314
1.0   13.166406154632568
1.0   17.463330268859863
1.0   35.60577583312988
1.0   36.37044620513916
1.0   48.96784687042236
1.0   44.4195556640625
1.0   45.419631481170654
1.0   43.33573341369629
1.0   48.012858390808105
1.0   27.774045944213867
1.0   38.772088050842285
1.0   35.38709878921509
1.0   37.91884088516235
1.0   37.74960994720459
1.0   37.28121566772461
1.0   41.240384101867676
1.0   48.07035684585571
1.0   51.009090423583984
1.0   42.41965341567993
1.0   49.071311950683594
1.0   38.554837703704834
1.0   47.150901794433594
1.0   5.789190769195557
1.0   46.68157386779785
1.0   53.134071350097656
1.0   14.245889067649841
1.0   6.831211805343628
1.0   30.620225429534912
1.0   37.94715213775635
1.0   49.339248180389404
1.0   44.92066669464111
1.0   52.05457830429077
1.0   59.786166191101074
1.0   51.46167993545532
1.0   40.58034896850586
1.0   34.93586444854736
1.0   40.94657373428345
1.0   48.75913763046265
1.0   48.07568883895874
1.0   54.95678520202637
1.0   53.06202268600464
1.0   50.075321197509766
1.0   42.547064781188965
1.0   34.04736375808716
1.0   44.48063850402832
1.0   49.98777770996094
1.0   48.62534427642822
1.0   53.04247188568115
1.0   50.752028465270996
1.0   48.5770378112793
0.0   -3.344202935695648
0.0   -3.0655573904514313
0.0   -3.361260563135147
0.0   -3.6532153487205505
0.0   -3.961223214864731
0.0   -3.7074473202228546
0.0   -3.894313722848892
0.0   -3.159039169549942
0.0   -3.5792369544506073
0.0   -3.8016652166843414
0.0   -3.0819189846515656
0.0   -3.49550461769104
0.0   -3.6383131444454193
0.0   -3.8598557114601135
0.0   -3.669914036989212
0.0   -3.6949791312217712
0.0   -3.30030757188797
0.0   -3.65005099773407
0.0   -3.4901275038719177
0.0   -3.2240308821201324
0.0   -3.165445387363434
0.0   -3.1549130976200104
0.0   -3.3948866724967957
0.0   -3.3676553666591644
0.0   -3.4567500948905945
0.0   -3.103107064962387
0.0   -3.4269899725914
0.0   -3.1159679889678955
0.0   -3.8090336620807648
0.0   -3.6939175724983215
0.0   -3.151708632707596
0.0   -3.2373345494270325
1.0   26.762351036071777
1.0   6.2355586886405945
1.0   14.135246753692627
1.0   1.889176368713379
1.0   -2.8817389607429504
1.0   -1.145532488822937
1.0   -1.2065993547439575
1.0   1.6656038761138916
1.0   10.83248257637024
1.0   -2.809952586889267
1.0   -1.023891806602478
1.0   9.449149549007416
1.0   7.378804683685303
1.0   -2.949331521987915
1.0   5.8905720710754395
1.0   14.579485893249512
1.0   0.8012163639068604
1.0   11.383486986160278
1.0   -2.1031636595726013
1.0   31.519165992736816
1.0   12.964730501174927
1.0   59.30314922332764
1.0   54.328145027160645
1.0   30.29900074005127
1.0   35.50721549987793
1.0   46.784924030303955
1.0   42.930559158325195
1.0   23.099019289016724
1.0   21.524065732955933
1.0   10.489635407924652
1.0   31.823955535888672
1.0   22.97900938987732
1.0   12.962107181549072
1.0   17.247896671295166
1.0   35.28642272949219
1.0   36.04292154312134
1.0   48.582043170928955
1.0   44.05231809616089
1.0   45.038245677948
1.0   42.97232675552368
1.0   47.612895011901855
1.0   27.479442596435547
1.0   38.431025981903076
1.0   35.072028160095215
1.0   37.587485790252686
1.0   37.414307594299316
1.0   36.95058536529541
1.0   40.8920955657959
1.0   47.69486665725708
1.0   50.59371089935303
1.0   42.064695835113525
1.0   48.684067249298096
1.0   38.23683452606201
1.0   46.79236650466919
1.0   5.650898694992065
1.0   46.30094337463379
1.0   52.69760608673096
1.0   14.066903233528137
1.0   6.676738142967224
1.0   30.344149589538574
1.0   37.632575035095215
1.0   48.959718227386475
1.0   44.55817937850952
1.0   51.651875495910645
1.0   59.37213611602783
1.0   51.073768615722656
1.0   40.25047779083252
1.0   34.62934398651123
1.0   40.60133695602417
1.0   48.35753536224365
1.0   47.69494295120239
1.0   54.53459548950195
1.0   52.657007694244385
1.0   49.67415523529053
1.0   42.18655872344971
1.0   33.73289489746094
1.0   44.12060260772705
1.0   49.58175611495972
1.0   48.24199914932251
1.0   52.62696361541748
1.0   50.34965801239014
1.0   48.19332313537598
0.0   -3.463588833808899
0.0   -3.1830815970897675
0.0   -3.482865273952484
0.0   -3.775032550096512
0.0   -4.086939990520477
0.0   -3.8295087814331055
0.0   -4.019536882638931
0.0   -3.2793098092079163
0.0   -3.698574870824814
0.0   -3.92667618393898
0.0   -3.1989156305789948
0.0   -3.6157405078411102
0.0   -3.758979320526123
0.0   -3.983640432357788
0.0   -3.7904325425624847
0.0   -3.816434472799301
0.0   -3.419366955757141
0.0   -3.771969646215439
0.0   -3.6110322177410126
0.0   -3.341535747051239
0.0   -3.2825387716293335
0.0   -3.2742832005023956
0.0   -3.5159703493118286
0.0   -3.4864002764225006
0.0   -3.574820965528488
0.0   -3.2223790287971497
0.0   -3.5466556549072266
0.0   -3.232344686985016
0.0   -3.9317366182804108
0.0   -3.816208064556122
0.0   -3.2691315412521362
0.0   -3.355647921562195
1.0   26.466992139816284
1.0   6.0733360052108765
1.0   13.911981105804443
1.0   1.7403132915496826
1.0   -3.0035433769226074
1.0   -1.267626404762268
1.0   -1.3315684795379639
1.0   1.5280306339263916
1.0   10.628127694129944
1.0   -2.9271817803382874
1.0   -1.146545648574829
1.0   9.2638558447361
1.0   7.205434799194336
1.0   -3.0696014761924744
1.0   5.721454739570618
1.0   14.373245000839233
1.0   0.6640799045562744
1.0   11.175065517425537
1.0   -2.231022000312805
1.0   31.17363929748535
1.0   12.755576431751251
1.0   58.77783012390137
1.0   53.84657144546509
1.0   29.95810890197754
1.0   35.129159927368164
1.0   46.330596923828125
1.0   42.51725387573242
1.0   22.818788051605225
1.0   21.248854637145996
1.0   10.293846070766449
1.0   31.4779109954834
1.0   22.690742015838623
1.0   12.72846007347107
1.0   17.000715494155884
1.0   34.919222831726074
1.0   35.67220878601074
1.0   48.136733531951904
1.0   43.63348627090454
1.0   44.603914737701416
1.0   42.55908393859863
1.0   47.1487603187561
1.0   27.13716220855713
1.0   38.04339647293091
1.0   34.71491765975952
1.0   37.212796211242676
1.0   37.02871370315552
1.0   36.57356786727905
1.0   40.49408435821533
1.0   47.266167640686035
1.0   50.11393213272095
1.0   41.658536434173584
1.0   48.24497985839844
1.0   37.8744421005249
1.0   46.38228988647461
1.0   5.48905611038208
1.0   45.86766862869263
1.0   52.203322410583496
1.0   13.85981172323227
1.0   6.4957122802734375
1.0   30.02668333053589
1.0   37.27398204803467
1.0   48.52741098403931
1.0   44.1472864151001
1.0   51.19340944290161
1.0   58.88908624649048
1.0   50.63302230834961
1.0   39.86425590515137
1.0   34.27655792236328
1.0   40.206289291381836
1.0   47.90300273895264
1.0   47.257001876831055
1.0   54.05567789077759
1.0   52.19651794433594
1.0   49.21160125732422
1.0   41.77695274353027
1.0   33.37466907501221
1.0   43.71062660217285
1.0   49.11749744415283
1.0   47.80399417877197
1.0   52.15394973754883
1.0   49.89151906967163
1.0   47.75533628463745
0.0   -3.597723066806793
0.0   -3.316231667995453
0.0   -3.6208481788635254
0.0   -3.912768214941025
0.0   -4.229720413684845
0.0   -3.9674884378910065
0.0   -4.161682307720184
0.0   -3.4141878485679626
0.0   -3.834980309009552
0.0   -4.068131178617477
0.0   -3.33257994055748
0.0   -3.753056615591049
0.0   -3.8965603411197662
0.0   -4.124807417392731
0.0   -3.9274414777755737
0.0   -3.953624129295349
0.0   -3.5511325895786285
0.0   -3.9096891582012177
0.0   -3.747869700193405
0.0   -3.4728222489356995
0.0   -3.41259902715683
0.0   -3.4078066051006317
0.0   -3.6510396003723145
0.0   -3.6214659512043
0.0   -3.7087365984916687
0.0   -3.355796217918396
0.0   -3.683826267719269
0.0   -3.362395316362381
0.0   -4.07242488861084
0.0   -3.954073965549469
0.0   -3.400827646255493
0.0   -3.4909716844558716
1.0   26.16858148574829
1.0   5.896193981170654
1.0   13.67407238483429
1.0   1.576843500137329
1.0   -3.1413768529891968
1.0   -1.4050031900405884
1.0   -1.4710783958435059
1.0   1.3761193752288818
1.0   10.410645425319672
1.0   -3.058648467063904
1.0   -1.283560037612915
1.0   9.067313224077225
1.0   7.018289923667908
1.0   -3.205233931541443
1.0   5.537265777587891
1.0   14.155510187149048
1.0   0.5102216005325317
1.0   10.958714008331299
1.0   -2.375648260116577
1.0   30.82597327232361
1.0   12.533412456512451
1.0   58.27767372131348
1.0   53.3877272605896
1.0   29.610947132110596
1.0   34.7552490234375
1.0   45.89470338821411
1.0   42.111926555633545
1.0   22.527830123901367
1.0   20.966928720474243
1.0   10.082751005887985
1.0   31.130812644958496
1.0   22.394592761993408
1.0   12.486803650856018
1.0   16.74380922317505
1.0   34.550686836242676
1.0   35.30237007141113
1.0   47.694132804870605
1.0   43.21473264694214
1.0   44.16718530654907
1.0   42.15073347091675
1.0   46.690364837646484
1.0   26.78774118423462
1.0   37.6619930267334
1.0   34.36144304275513
1.0   36.837589740753174
1.0   36.64004421234131
1.0   36.197237491607666
1.0   40.0935435295105
1.0   46.8451714515686
1.0   49.6405611038208
1.0   41.25202465057373
1.0   47.81519603729248
1.0   37.51468229293823
1.0   45.97935104370117
1.0   5.31207799911499
1.0   45.45059299468994
1.0   51.72764015197754
1.0   13.638438165187836
1.0   6.296760439872742
1.0   29.698874473571777
1.0   36.91708183288574
1.0   48.10049819946289
1.0   43.741793632507324
1.0   50.744823932647705
1.0   58.41148853302002
1.0   50.196059226989746
1.0   39.47953271865845
1.0   33.923011302948
1.0   39.812493324279785
1.0   47.45772123336792
1.0   46.81977653503418
1.0   53.59154796600342
1.0   51.746442794799805
1.0   48.749271392822266
1.0   41.37123680114746
1.0   33.01740074157715
1.0   43.29906177520752
1.0   48.66513252258301
1.0   47.374858379364014
1.0   51.69188451766968
1.0   49.44148826599121
1.0   47.322136878967285
0.0   -3.7431323528289795
0.0   -3.461428850889206
0.0   -3.7699381709098816
0.0   -4.062121957540512
0.0   -4.384154707193375
0.0   -4.117268621921539
0.0   -4.316673219203949
0.0   -3.5603050589561462
0.0   -3.983120918273926
0.0   -4.221326619386673
0.0   -3.476927787065506
0.0   -3.9017325043678284
0.0   -4.045939117670059
0.0   -4.278070241212845
0.0   -4.076562881469727
0.0   -4.103913217782974
0.0   -3.694791078567505
0.0   -4.058115452528
0.0   -3.8968788385391235
0.0   -3.6162635684013367
0.0   -3.5544257164001465
0.0   -3.5522525906562805
0.0   -3.7976388931274414
0.0   -3.7676820158958435
0.0   -3.854266941547394
0.0   -3.499052941799164
0.0   -3.8319088220596313
0.0   -3.5037000477313995
0.0   -4.225840091705322
0.0   -4.103894293308258
0.0   -3.5432489812374115
0.0   -3.6368845403194427
1.0   25.852740049362183
1.0   5.703943490982056
1.0   13.416879892349243
1.0   1.4056053161621094
1.0   -3.2909781336784363
1.0   -1.5539366006851196
1.0   -1.6217031478881836
1.0   1.2121469974517822
1.0   10.178217649459839
1.0   -3.2013712525367737
1.0   -1.4296159744262695
1.0   8.85548049211502
1.0   6.816988587379456
1.0   -3.35358327627182
1.0   5.338115215301514
1.0   13.922343611717224
1.0   0.34230220317840576
1.0   10.729137897491455
1.0   -2.530889391899109
1.0   30.46046257019043
1.0   12.295233279466629
1.0   57.75528144836426
1.0   52.91150903701782
1.0   29.241051197052002
1.0   34.36535358428955
1.0   45.4405460357666
1.0   41.68992233276367
1.0   22.21881675720215
1.0   20.668981552124023
1.0   9.853690803050995
1.0   30.76785373687744
1.0   22.081106185913086
1.0   12.231317460536957
1.0   16.472874760627747
1.0   34.16566610336304
1.0   34.916829109191895
1.0   47.23201370239258
1.0   42.77487277984619
1.0   43.7082257270813
1.0   41.7216477394104
1.0   46.21334886550903
1.0   26.41982364654541
1.0   37.26482534408569
1.0   33.991783618927
1.0   36.44266080856323
1.0   36.23252010345459
1.0   35.79673671722412
1.0   39.67258071899414
1.0   46.4008526802063
1.0   49.148136138916016
1.0   40.82560348510742
1.0   47.36708211898804
1.0   37.1383638381958
1.0   45.56125831604004
1.0   5.120511293411255
1.0   45.01951885223389
1.0   51.235512256622314
1.0   13.40082460641861
1.0   6.084148526191711
1.0   29.35147261619568
1.0   36.543023109436035
1.0   47.65098428726196
1.0   43.31260347366333
1.0   50.2746844291687
1.0   57.92083263397217
1.0   49.73666191101074
1.0   39.07572364807129
1.0   33.55256795883179
1.0   39.40034103393555
1.0   46.99603748321533
1.0   46.35247993469238
1.0   53.10615158081055
1.0   51.28090953826904
1.0   48.2650260925293
1.0   40.94782257080078
1.0   32.643516540527344
1.0   42.87050676345825
1.0   48.20003414154053
1.0   46.92657279968262
1.0   51.22209358215332
1.0   48.98153781890869
1.0   46.86838388442993
0.0   -3.892057627439499
0.0   -3.6107097566127777
0.0   -3.9223683774471283
0.0   -4.215569734573364
0.0   -4.541132360696793
0.0   -4.2720432579517365
0.0   -4.475116342306137
0.0   -3.7103377878665924
0.0   -4.133394956588745
0.0   -4.379025816917419
0.0   -3.6228857040405273
0.0   -4.053630232810974
0.0   -4.199664860963821
0.0   -4.435684233903885
0.0   -4.230135053396225
0.0   -4.2584996819496155
0.0   -3.8436045050621033
0.0   -4.211105197668076
0.0   -4.05019748210907
0.0   -3.764077663421631
0.0   -3.70102259516716
0.0   -3.699925661087036
0.0   -3.948507308959961
0.0   -3.9162080585956573
0.0   -4.005425453186035
0.0   -3.645938515663147
0.0   -3.9826325178146362
0.0   -3.6487266421318054
0.0   -4.381637632846832
0.0   -4.258633464574814
0.0   -3.6896221935749054
0.0   -3.7834789156913757
1.0   25.565834999084473
1.0   5.513524055480957
1.0   13.169256001710892
1.0   1.2335968017578125
1.0   -3.444620370864868
1.0   -1.7065058946609497
1.0   -1.7743546962738037
1.0   1.0485641956329346
1.0   9.952450037002563
1.0   -3.3512828052043915
1.0   -1.5791900157928467
1.0   8.64771568775177
1.0   6.615312218666077
1.0   -3.506495952606201
1.0   5.1397905349731445
1.0   13.69853550195694
1.0   0.17307209968566895
1.0   10.510960936546326
1.0   -2.6881691813468933
1.0   30.135003566741943
1.0   12.064680725336075
1.0   57.325279235839844
1.0   52.52351093292236
1.0   28.915007829666138
1.0   34.029112339019775
1.0   45.04865503311157
1.0   41.328542709350586
1.0   21.92946457862854
1.0   20.394492149353027
1.0   9.629182755947113
1.0   30.4469633102417
1.0   21.7916579246521
1.0   11.99118709564209
1.0   16.21926760673523
1.0   33.829336166381836
1.0   34.579833984375
1.0   46.835116386413574
1.0   42.39131832122803
1.0   43.30940246582031
1.0   41.3497576713562
1.0   45.804710388183594
1.0   26.086342811584473
1.0   36.92398643493652
1.0   33.67005634307861
1.0   36.100619316101074
1.0   35.87081336975098
1.0   35.4468150138855
1.0   39.30081033706665
1.0   46.02220869064331
1.0   48.730146408081055
1.0   40.4379186630249
1.0   46.99779033660889
1.0   36.80950164794922
1.0   45.208362102508545
1.0   4.9311511516571045
1.0   44.66990518569946
1.0   50.848896980285645
1.0   13.168120086193085
1.0   5.874257326126099
1.0   29.03435230255127
1.0   36.21585512161255
1.0   47.261651039123535
1.0   42.941336154937744
1.0   49.89051151275635
1.0   57.52074861526489
1.0   49.349087715148926
1.0   38.72478008270264
1.0   33.230156898498535
1.0   39.0445122718811
1.0   46.61796760559082
1.0   45.93534564971924
1.0   52.70399808883667
1.0   50.899903297424316
1.0   47.84742546081543
1.0   40.582016944885254
1.0   32.31671714782715
1.0   42.502418518066406
1.0   47.81352376937866
1.0   46.54577684402466
1.0   50.83057689666748
1.0   48.59374952316284
1.0   46.48574924468994
0.0   -4.051120400428772
0.0   -3.76596462726593
0.0   -4.084685206413269
0.0   -4.379153460264206
0.0   -4.7091231644153595
0.0   -4.436406463384628
0.0   -4.643560886383057
0.0   -3.868271082639694
0.0   -4.293953746557236
0.0   -4.547210156917572
0.0   -3.7764011919498444
0.0   -4.2145737409591675
0.0   -4.362178802490234
0.0   -4.602462351322174
0.0   -4.393087089061737
0.0   -4.421680361032486
0.0   -4.000118255615234
0.0   -4.373407423496246
0.0   -4.212880104780197
0.0   -3.9202214181423187
0.0   -3.854517340660095
0.0   -3.85634246468544
0.0   -4.108197033405304
0.0   -4.074902504682541
0.0   -4.164720952510834
0.0   -3.8007785379886627
0.0   -4.143468827009201
0.0   -3.800666332244873
0.0   -4.548537194728851
0.0   -4.4243165254592896
0.0   -3.8433326482772827
0.0   -3.939631402492523
1.0   25.26718759536743
1.0   5.314568758010864
1.0   12.909954249858856
1.0   1.0533599853515625
1.0   -3.6082102060317993
1.0   -1.8660911321640015
1.0   -1.9336509704589844
1.0   0.8772103786468506
1.0   9.716810822486877
1.0   -3.5105000734329224
1.0   -1.7368879318237305
1.0   8.429464042186737
1.0   6.403532981872559
1.0   -3.6671438813209534
1.0   4.929256916046143
1.0   13.46345192193985
1.0   -0.00556492805480957
1.0   10.279098391532898
1.0   -2.8567641377449036
1.0   29.80037546157837
1.0   11.820852473378181
1.0   56.87612247467041
1.0   52.12207794189453
1.0   28.57621955871582
1.0   33.689293384552
1.0   44.641024112701416
1.0   40.95712757110596
1.0   21.62514090538025
1.0   20.105960845947266
1.0   9.39257264137268
1.0   30.114775896072388
1.0   21.49037790298462
1.0   11.740375578403473
1.0   15.953964471817017
1.0   33.482144594192505
1.0   34.230441093444824
1.0   46.42635154724121
1.0   41.99266242980957
1.0   42.8938570022583
1.0   40.97007608413696
1.0   45.395333766937256
1.0   25.737964153289795
1.0   36.57078552246094
1.0   33.34016466140747
1.0   35.74572038650513
1.0   35.49809646606445
1.0   35.081242084503174
1.0   38.9136962890625
1.0   45.641632080078125
1.0   48.296584129333496
1.0   40.03017473220825
1.0   46.62184715270996
1.0   36.46031618118286
1.0   44.829362869262695
1.0   4.731021165847778
1.0   44.30511474609375
1.0   50.45027446746826
1.0   12.92181771993637
1.0   5.652693033218384
1.0   28.698425769805908
1.0   35.867188930511475
1.0   46.867262840270996
1.0   42.55490016937256
1.0   49.491432189941406
1.0   57.102001667022705
1.0   48.950035095214844
1.0   38.367258071899414
1.0   32.89727997779846
1.0   38.67461013793945
1.0   46.22983646392822
1.0   45.5098819732666
1.0   52.28596115112305
1.0   50.49290704727173
1.0   47.414109230041504
1.0   40.202746868133545
1.0   31.97842502593994
1.0   42.121663093566895
1.0   47.412211894989014
1.0   46.14558792114258
1.0   50.42502403259277
1.0   48.192917823791504
1.0   46.07985734939575
0.0   -4.0670992732048035
0.0   -3.781605541706085
0.0   -4.1012150049209595
0.0   -4.395623058080673
0.0   -4.726458847522736
0.0   -4.452861160039902
0.0   -4.660718947649002
0.0   -3.884198248386383
0.0   -4.310409337282181
0.0   -4.564198315143585
0.0   -3.7920362055301666
0.0   -4.230839401483536
0.0   -4.3785237073898315
0.0   -4.619248777627945
0.0   -4.409645229578018
0.0   -4.43808788061142
0.0   -4.015844643115997
0.0   -4.3899699449539185
0.0   -4.229337185621262
0.0   -3.935925602912903
0.0   -3.869797646999359
0.0   -3.872133880853653
0.0   -4.124354839324951
0.0   -4.091143608093262
0.0   -4.180686742067337
0.0   -3.816215306520462
0.0   -4.159994125366211
0.0   -3.8158596754074097
0.0   -4.565705746412277
0.0   -4.441031366586685
0.0   -3.858808606863022
0.0   -3.955662250518799
1.0   25.237887382507324
1.0   5.294466733932495
1.0   12.88401198387146
1.0   1.0351688861846924
1.0   -3.625067710876465
1.0   -1.8822717666625977
1.0   -1.9500774145126343
1.0   0.8598368167877197
1.0   9.693251550197601
1.0   -3.5262241065502167
1.0   -1.7529175281524658
1.0   8.407484084367752
1.0   6.38217556476593
1.0   -3.6834948658943176
1.0   4.9079976081848145
1.0   13.439923286437988
1.0   -0.023954391479492188
1.0   10.25604510307312
1.0   -2.874035120010376
1.0   29.767781496047974
1.0   11.796769507229328
1.0   56.83244323730469
1.0   52.08322715759277
1.0   28.54313087463379
1.0   33.65667104721069
1.0   44.60159206390381
1.0   40.92233848571777
1.0   21.595452308654785
1.0   20.077760696411133
1.0   9.36916971206665
1.0   30.082471132278442
1.0   21.461133003234863
1.0   11.715929567813873
1.0   15.928304076194763
1.0   33.44911432266235
1.0   34.19712162017822
1.0   46.38823413848877
1.0   41.954346656799316
1.0   42.85370874404907
1.0   40.93413257598877
1.0   45.35657453536987
1.0   25.705050230026245
1.0   36.53710651397705
1.0   33.30908012390137
1.0   35.71191167831421
1.0   35.46325635910034
1.0   35.045801639556885
1.0   38.876688957214355
1.0   45.60517358779907
1.0   48.2567982673645
1.0   39.991272926330566
1.0   46.58481407165527
1.0   36.42640256881714
1.0   44.79355239868164
1.0   4.710864543914795
1.0   44.27049255371094
1.0   50.411677837371826
1.0   12.897321462631226
1.0   5.630461931228638
1.0   28.66510772705078
1.0   35.833167552948
1.0   46.82851505279541
1.0   42.51736402511597
1.0   49.45183706283569
1.0   57.061206340789795
1.0   48.91115856170654
1.0   38.33235263824463
1.0   32.865408420562744
1.0   38.63861036300659
1.0   46.19233322143555
1.0   45.46851634979248
1.0   52.24491024017334
1.0   50.45405721664429
1.0   47.37308931350708
1.0   40.1663818359375
1.0   31.94535231590271
1.0   42.08487939834595
1.0   47.373276233673096
1.0   46.108097076416016
1.0   50.3848819732666
1.0   48.15435600280762
1.0   46.040714263916016
0.0   -4.080770581960678
0.0   -3.7949989438056946
0.0   -4.115401118993759
0.0   -4.4097199738025665
0.0   -4.741406470537186
0.0   -4.467028021812439
0.0   -4.675482839345932
0.0   -3.897765725851059
0.0   -4.324481219053268
0.0   -4.578809529542923
0.0   -3.805442601442337
0.0   -4.24481537938118
0.0   -4.3926205933094025
0.0   -4.6336506605148315
0.0   -4.4238521456718445
0.0   -4.4521938264369965
0.0   -4.029333770275116
0.0   -4.404235303401947
0.0   -4.243461430072784
0.0   -3.9493972659111023
0.0   -3.88291072845459
0.0   -3.8857054114341736
0.0   -4.138177394866943
0.0   -4.105046629905701
0.0   -4.194378703832626
0.0   -3.8293847143650055
0.0   -4.174175977706909
0.0   -3.828958660364151
0.0   -4.58048477768898
0.0   -4.455398440361023
0.0   -3.8720915615558624
0.0   -3.9694219529628754
1.0   25.21738624572754
1.0   5.2777419090271
1.0   12.863622337579727
1.0   1.0196237564086914
1.0   -3.639565169811249
1.0   -1.895943284034729
1.0   -1.9639514684677124
1.0   0.8452258110046387
1.0   9.674672484397888
1.0   -3.5396797955036163
1.0   -1.7665573358535767
1.0   8.389695584774017
1.0   6.364171028137207
1.0   -3.697496771812439
1.0   4.88994836807251
1.0   13.42120736837387
1.0   -0.03993666172027588
1.0   10.238584280014038
1.0   -2.8888333439826965
1.0   29.74542236328125
1.0   11.777297966182232
1.0   56.80899143218994
1.0   52.06281805038452
1.0   28.520846128463745
1.0   33.636250019073486
1.0   44.578535079956055
1.0   40.90134143829346
1.0   21.572911381721497
1.0   20.057342529296875
1.0   9.349867165088654
1.0   30.060712814331055
1.0   21.439224243164062
1.0   11.69741141796112
1.0   15.908517718315125
1.0   33.42825412750244
1.0   34.17493009567261
1.0   46.36496448516846
1.0   41.92924690246582
1.0   42.827168464660645
1.0   40.91158723831177
1.0   45.33274841308594
1.0   25.680720806121826
1.0   36.51567316055298
1.0   33.28984498977661
1.0   35.690369606018066
1.0   35.439820766448975
1.0   35.023634910583496
1.0   38.851393699645996
1.0   45.583984375
1.0   48.2331018447876
1.0   39.963629722595215
1.0   46.5640811920166
1.0   36.4055118560791
1.0   44.77221393585205
1.0   4.694401741027832
1.0   44.25271511077881
1.0   50.39277935028076
1.0   12.877564042806625
1.0   5.612037181854248
1.0   28.641127586364746
1.0   35.811092376708984
1.0   46.80445432662964
1.0   42.4943585395813
1.0   49.428850173950195
1.0   57.03851318359375
1.0   48.88724613189697
1.0   38.309837341308594
1.0   32.84438514709473
1.0   38.61647033691406
1.0   46.16935634613037
1.0   45.44139289855957
1.0   52.222103118896484
1.0   50.43188238143921
1.0   47.34747934341431
1.0   40.14308500289917
1.0   31.923945426940918
1.0   42.061851501464844
1.0   47.35096740722656
1.0   46.08596897125244
1.0   50.36198329925537
1.0   48.132554054260254
1.0   46.0166277885437
0.0   -4.091901749372482
0.0   -3.805925965309143
0.0   -4.126797050237656
0.0   -4.421184450387955
0.0   -4.753346085548401
0.0   -4.4786984622478485
0.0   -4.687443822622299
0.0   -3.908817797899246
0.0   -4.335710734128952
0.0   -4.590678572654724
0.0   -3.8161510825157166
0.0   -4.25613534450531
0.0   -4.404044091701508
0.0   -4.645302355289459
0.0   -4.43533131480217
0.0   -4.46364688873291
0.0   -4.040319800376892
0.0   -4.415822923183441
0.0   -4.254892438650131
0.0   -3.960324287414551
0.0   -3.8935644030570984
0.0   -3.896674305200577
0.0   -4.1494539976119995
0.0   -4.11607038974762
0.0   -4.205512642860413
0.0   -3.8401117622852325
0.0   -4.185550630092621
0.0   -3.839609384536743
0.0   -4.592275977134705
0.0   -4.467126578092575
0.0   -3.8828489780426025
0.0   -3.9803983569145203
1.0   25.2020583152771
1.0   5.263999938964844
1.0   12.847052782773972
1.0   1.0070452690124512
1.0   -3.6509920954704285
1.0   -1.9067434072494507
1.0   -1.974820852279663
1.0   0.8335452079772949
1.0   9.660081148147583
1.0   -3.550507664680481
1.0   -1.7772605419158936
1.0   8.375575721263885
1.0   6.3491926193237305
1.0   -3.7085801362991333
1.0   4.874956846237183
1.0   13.405936658382416
1.0   -0.05299687385559082
1.0   10.225276708602905
1.0   -2.900650978088379
1.0   29.72839856147766
1.0   11.761295825242996
1.0   56.79538869857788
1.0   52.05213451385498
1.0   28.50408697128296
1.0   33.6228404045105
1.0   44.56390380859375
1.0   40.88809776306152
1.0   21.555158495903015
1.0   20.041686534881592
1.0   9.33384370803833
1.0   30.045477867126465
1.0   21.422603607177734
1.0   11.683177590370178
1.0   15.89303183555603
1.0   33.41434717178345
1.0   34.1598539352417
1.0   46.34950923919678
1.0   41.910837173461914
1.0   42.80785274505615
1.0   40.89637756347656
1.0   45.31885623931885
1.0   25.662142753601074
1.0   36.50131130218506
1.0   33.277148723602295
1.0   35.67609882354736
1.0   35.423325061798096
1.0   35.00894069671631
1.0   38.83292198181152
1.0   45.571476459503174
1.0   48.219101905822754
1.0   39.94344520568848
1.0   46.552451610565186
1.0   36.390647649765015
1.0   44.75796985626221
1.0   4.681113004684448
1.0   44.24433183670044
1.0   50.385369300842285
1.0   12.860753417015076
1.0   5.596534967422485
1.0   28.622425079345703
1.0   35.794492959976196
1.0   46.78765869140625
1.0   42.478684425354004
1.0   49.41505575180054
1.0   57.02454948425293
1.0   48.87052631378174
1.0   38.29350280761719
1.0   32.82996869087219
1.0   38.60109615325928
1.0   46.154550552368164
1.0   45.42105054855347
1.0   52.20783996582031
1.0   50.41716384887695
1.0   47.33058309555054
1.0   40.127281665802
1.0   31.909307956695557
1.0   42.04637622833252
1.0   47.33713150024414
1.0   46.070899963378906
1.0   50.3466854095459
1.0   48.11812400817871
1.0   45.999412536621094
0.0   -4.100814044475555
0.0   -3.8145101368427277
0.0   -4.135903596878052
0.0   -4.430415064096451
0.0   -4.763014554977417
0.0   -4.487941473722458
0.0   -4.697070866823196
0.0   -3.9174823462963104
0.0   -4.344794720411301
0.0   -4.600158780813217
0.0   -3.824727416038513
0.0   -4.265151619911194
0.0   -4.413110047578812
0.0   -4.654607951641083
0.0   -4.444475561380386
0.0   -4.472734868526459
0.0   -4.048969209194183
0.0   -4.425040662288666
0.0   -4.2639777064323425
0.0   -3.968950539827347
0.0   -3.9019464552402496
0.0   -3.90540474653244
0.0   -4.158373057842255
0.0   -4.124956369400024
0.0   -4.214327275753021
0.0   -3.848611146211624
0.0   -4.1946519911289215
0.0   -3.8480659127235413
0.0   -4.601853787899017
0.0   -4.4764061868190765
0.0   -3.891329824924469
0.0   -3.9892211258411407
1.0   25.197515726089478
1.0   5.254913091659546
1.0   12.83769616484642
1.0   0.9984318017959595
1.0   -3.660100758075714
1.0   -1.9151710271835327
1.0   -1.9832241535186768
1.0   0.8249149322509766
1.0   9.651636481285095
1.0   -3.5589858889579773
1.0   -1.7855366468429565
1.0   8.367140740156174
1.0   6.33928644657135
1.0   -3.7173346877098083
1.0   4.864955902099609
1.0   13.397643625736237
1.0   -0.06254351139068604
1.0   10.218750596046448
1.0   -2.9099451303482056
1.0   29.7241473197937
1.0   11.751907736063004
1.0   56.80451774597168
1.0   52.062796115875244
1.0   28.50023365020752
1.0   33.62418270111084
1.0   44.567981243133545
1.0   40.89099168777466
1.0   21.54756224155426
1.0   20.035576343536377
1.0   9.324160397052765
1.0   30.04356098175049
1.0   21.415874242782593
1.0   11.67665696144104
1.0   15.886223793029785
1.0   33.414299726486206
1.0   34.159180641174316
1.0   46.35224485397339
1.0   41.909839153289795
1.0   42.806986808776855
1.0   40.89759826660156
1.0   45.32338809967041
1.0   25.657084941864014
1.0   36.50256109237671
1.0   33.278400897979736
1.0   35.676573276519775
1.0   35.42174673080444
1.0   35.0096230506897
1.0   38.83008623123169
1.0   45.57676553726196
1.0   48.22466468811035
1.0   39.93854475021362
1.0   46.55981159210205
1.0   36.39026355743408
1.0   44.76087188720703
1.0   4.671982765197754
1.0   44.25507640838623
1.0   50.40004062652588
1.0   12.85100930929184
1.0   5.586429119110107
1.0   28.616082668304443
1.0   35.793229818344116
1.0   46.78946495056152
1.0   42.48037815093994
1.0   49.42154598236084
1.0   57.03219985961914
1.0   48.87278747558594
1.0   38.29285144805908
1.0   32.83009171485901
1.0   38.60187911987305
1.0   46.159178733825684
1.0   45.41895008087158
1.0   52.215333461761475
1.0   50.4228572845459
1.0   47.33249759674072
1.0   40.12812900543213
1.0   31.908679485321045
1.0   42.04838943481445
1.0   47.343923568725586
1.0   46.07438135147095
1.0   50.35165548324585
1.0   48.12381839752197
1.0   46.000189781188965
0.0   -4.1070396900177
0.0   -3.82049697637558
0.0   -4.142227470874786
0.0   -4.436905473470688
0.0   -4.769669085741043
0.0   -4.494466543197632
0.0   -4.703773230314255
0.0   -3.923574149608612
0.0   -4.35104575753212
0.0   -4.606845647096634
0.0   -3.8305512070655823
0.0   -4.27144318819046
0.0   -4.4194633066654205
0.0   -4.661197692155838
0.0   -4.450839638710022
0.0   -4.479124128818512
0.0   -4.055092096328735
0.0   -4.431534647941589
0.0   -4.270360767841339
0.0   -3.9749412536621094
0.0   -3.907801389694214
0.0   -3.911447674036026
0.0   -4.16467347741127
0.0   -4.130999654531479
0.0   -4.220504730939865
0.0   -3.8545265793800354
0.0   -4.200880169868469
0.0   -3.853976994752884
0.0   -4.608438789844513
0.0   -4.482991844415665
0.0   -3.897218346595764
0.0   -3.9952503442764282
1.0   25.196300268173218
1.0   5.247773885726929
1.0   12.83081403374672
1.0   0.9919730424880981
1.0   -3.6664231419563293
1.0   -1.9209349155426025
1.0   -1.989087462425232
1.0   0.8185758590698242
1.0   9.64590299129486
1.0   -3.564858317375183
1.0   -1.7912571430206299
1.0   8.360922038555145
1.0   6.331242561340332
1.0   -3.723363518714905
1.0   4.8566412925720215
1.0   13.391062259674072
1.0   -0.06996214389801025
1.0   10.215054512023926
1.0   -2.916497826576233
1.0   29.72383737564087
1.0   11.74509783834219
1.0   56.81935453414917
1.0   52.078511238098145
1.0   28.50051736831665
1.0   33.629915714263916
1.0   44.57721185684204
1.0   40.89910650253296
1.0   21.543025970458984
1.0   20.033272743225098
1.0   9.316595673561096
1.0   30.04583764076233
1.0   21.412346363067627
1.0   11.673308968544006
1.0   15.88185715675354
1.0   33.41846513748169
1.0   34.16248846054077
1.0   46.35966873168945
1.0   41.912466049194336
1.0   42.80979537963867
1.0   40.90302085876465
1.0   45.332457065582275
1.0   25.65508794784546
1.0   36.508238315582275
1.0   33.283884048461914
1.0   35.6820969581604
1.0   35.42373085021973
1.0   35.013816833496094
1.0   38.83141803741455
1.0   45.587366580963135
1.0   48.235090255737305
1.0   39.9382381439209
1.0   46.57192897796631
1.0   36.39373731613159
1.0   44.768789768218994
1.0   4.6655943393707275
1.0   44.271324157714844
1.0   50.42147731781006
1.0   12.843604534864426
1.0   5.578533172607422
1.0   28.61341094970703
1.0   35.79557800292969
1.0   46.7949857711792
1.0   42.48635387420654
1.0   49.43245458602905
1.0   57.04560708999634
1.0   48.878610610961914
1.0   38.296491622924805
1.0   32.833439111709595
1.0   38.60758876800537
1.0   46.1681170463562
1.0   45.420501708984375
1.0   52.22817802429199
1.0   50.43300199508667
1.0   47.34001350402832
1.0   40.13348340988159
1.0   31.91236114501953
1.0   42.054426193237305
1.0   47.3552885055542
1.0   46.082491874694824
1.0   50.361849784851074
1.0   48.13427686691284
1.0   46.00521469116211
0.0   -4.111092418432236
0.0   -3.824415296316147
0.0   -4.146064639091492
0.0   -4.441045045852661
0.0   -4.773705869913101
0.0   -4.498719185590744
0.0   -4.708004951477051
0.0   -3.9276977479457855
0.0   -4.3549001812934875
0.0   -4.611132174730301
0.0   -3.8340988159179688
0.0   -4.275440037250519
0.0   -4.423612803220749
0.0   -4.665440589189529
0.0   -4.454867273569107
0.0   -4.483266294002533
0.0   -4.059085488319397
0.0   -4.435780942440033
0.0   -4.274489760398865
0.0   -3.9788244366645813
0.0   -3.9116818606853485
0.0   -3.915287733078003
0.0   -4.16876220703125
0.0   -4.134719610214233
0.0   -4.224527359008789
0.0   -3.858465790748596
0.0   -4.20467483997345
0.0   -3.857913911342621
0.0   -4.6124027967453
0.0   -4.487311363220215
0.0   -3.901066929101944
0.0   -3.9989409744739532
1.0   25.202373266220093
1.0   5.2442076206207275
1.0   12.82926231622696
1.0   0.9889073371887207
1.0   -3.6700903177261353
1.0   -1.9239170551300049
1.0   -1.9918866157531738
1.0   0.8157827854156494
1.0   9.644713401794434
1.0   -3.5686653554439545
1.0   -1.794104814529419
1.0   8.358894258737564
1.0   6.327205777168274
1.0   -3.7269287705421448
1.0   4.852316856384277
1.0   13.389788269996643
1.0   -0.0745401382446289
1.0   10.215762257575989
1.0   -2.920169413089752
1.0   29.731473445892334
1.0   11.74273930490017
1.0   56.84812259674072
1.0   52.10710620880127
1.0   28.508586883544922
1.0   33.64462661743164
1.0   44.59809494018555
1.0   40.91717338562012
1.0   21.545158624649048
1.0   20.03708326816559
1.0   9.313555002212524
1.0   30.057095527648926
1.0   21.416011571884155
1.0   11.674693286418915
1.0   15.883342862129211
1.0   33.43228006362915
1.0   34.175283432006836
1.0   46.37770938873291
1.0   41.9249324798584
1.0   42.82300662994385
1.0   40.91799545288086
1.0   45.35294198989868
1.0   25.66139554977417
1.0   36.52314853668213
1.0   33.29786205291748
1.0   35.696696281433105
1.0   35.43540906906128
1.0   35.0276665687561
1.0   38.841219902038574
1.0   45.60793876647949
1.0   48.256906509399414
1.0   39.94716453552246
1.0   46.59530448913574
1.0   36.40616750717163
1.0   44.78730773925781
1.0   4.663520097732544
1.0   44.29887771606445
1.0   50.45598077774048
1.0   12.840864568948746
1.0   5.5743324756622314
1.0   28.618332386016846
1.0   35.806591272354126
1.0   46.81139373779297
1.0   42.502832889556885
1.0   49.45576000213623
1.0   57.07162523269653
1.0   48.89588928222656
1.0   38.308669090270996
1.0   32.8460419178009
1.0   38.622764110565186
1.0   46.18883991241455
1.0   45.43271541595459
1.0   52.25297784805298
1.0   50.45444583892822
1.0   47.358001708984375
1.0   40.148876667022705
1.0   31.924771070480347
1.0   42.07108926773071
1.0   47.37775707244873
1.0   46.100865840911865
1.0   50.38270044326782
1.0   48.155924797058105
1.0   46.02058172225952
0.0   -4.1164878606796265
0.0   -3.8296145498752594
0.0   -4.15147277712822
0.0   -4.446640193462372
0.0   -4.779400110244751
0.0   -4.504371464252472
0.0   -4.713783711194992
0.0   -3.933037906885147
0.0   -4.360258460044861
0.0   -4.616908848285675
0.0   -3.839114010334015
0.0   -4.280878931283951
0.0   -4.429203033447266
0.0   -4.6711543798446655
0.0   -4.460359364748001
0.0   -4.488825291395187
0.0   -4.064409792423248
0.0   -4.441431403160095
0.0   -4.280019819736481
0.0   -3.9840200543403625
0.0   -3.916817933320999
0.0   -3.9205107390880585
0.0   -4.17421168088913
0.0   -4.139928579330444
0.0   -4.229908227920532
0.0   -3.863682299852371
0.0   -4.2100299298763275
0.0   -3.8631142377853394
0.0   -4.6180223524570465
0.0   -4.493036210536957
0.0   -3.906203716993332
0.0   -4.004079282283783
1.0   25.20136070251465
1.0   5.238171100616455
1.0   12.823380589485168
1.0   0.9836091995239258
1.0   -3.6754006147384644
1.0   -1.928728461265564
1.0   -1.9967451095581055
1.0   0.8107256889343262
1.0   9.639841496944427
1.0   -3.573718547821045
1.0   -1.798905611038208
1.0   8.353638350963593
1.0   6.320351958274841
1.0   -3.732061982154846
1.0   4.845270395278931
1.0   13.384578287601471
1.0   -0.08119010925292969
1.0   10.21239972114563
1.0   -2.925656259059906
1.0   29.731701612472534
1.0   11.73684348165989
1.0   56.86104393005371
1.0   52.12087154388428
1.0   28.50898265838623
1.0   33.64966869354248
1.0   44.60663843154907
1.0   40.92442607879639
1.0   21.541671872138977
1.0   20.035171270370483
1.0   9.307057678699493
1.0   30.059218645095825
1.0   21.413342237472534
1.0   11.671661615371704
1.0   15.879722476005554
1.0   33.43607211112976
1.0   34.17827486991882
1.0   46.38438653945923
1.0   41.92788887023926
1.0   42.825721740722656
1.0   40.923152923583984
1.0   45.36180830001831
1.0   25.660547494888306
1.0   36.52781963348389
1.0   33.302321434020996
1.0   35.70095920562744
1.0   35.4374737739563
1.0   35.03201103210449
1.0   38.8428955078125
1.0   45.61739921569824
1.0   48.26639270782471
1.0   39.948078632354736
1.0   46.60474729537964
1.0   36.40909481048584
1.0   44.79361915588379
1.0   4.658356666564941
1.0   44.31200885772705
1.0   50.47297716140747
1.0   12.83437168598175
1.0   5.567380666732788
1.0   28.615787029266357
1.0   35.80838584899902
1.0   46.8153772354126
1.0   42.50703239440918
1.0   49.46371650695801
1.0   57.08179044723511
1.0   48.90044116973877
1.0   38.31197547912598
1.0   32.84915590286255
1.0   38.62746477127075
1.0   46.19645404815674
1.0   45.43477153778076
1.0   52.2640380859375
1.0   50.46365165710449
1.0   47.36421298980713
1.0   40.15338325500488
1.0   31.92784285545349
1.0   42.07609462738037
1.0   47.38779067993164
1.0   46.10814332962036
1.0   50.391218185424805
1.0   48.16496753692627
1.0   46.02544021606445
0.0   -4.119806408882141
0.0   -3.8327304124832153
0.0   -4.15483945608139
0.0   -4.45010232925415
0.0   -4.7830770611763
0.0   -4.507835805416107
0.0   -4.717442810535431
0.0   -3.936271160840988
0.0   -4.363712340593338
0.0   -4.620512157678604
0.0   -3.8422271013259888
0.0   -4.284236311912537
0.0   -4.43268546462059
0.0   -4.674668580293655
0.0   -4.463765650987625
0.0   -4.492223292589188
0.0   -4.067574113607407
0.0   -4.4449165761470795
0.0   -4.283450126647949
0.0   -3.987152010202408
0.0   -3.9198790192604065
0.0   -3.92372265458107
0.0   -4.177532076835632
0.0   -4.1432430148124695
0.0   -4.23318150639534
0.0   -3.8667940199375153
0.0   -4.213392853736877
0.0   -3.8661719858646393
0.0   -4.621633678674698
0.0   -4.496485531330109
0.0   -3.909365177154541
0.0   -4.007326453924179
1.0   25.20376420021057
1.0   5.23414421081543
1.0   12.820202440023422
1.0   0.9802322387695312
1.0   -3.678756833076477
1.0   -1.9316344261169434
1.0   -1.9996169805526733
1.0   0.8075335025787354
1.0   9.637230217456818
1.0   -3.576704889535904
1.0   -1.801734447479248
1.0   8.350600689649582
1.0   6.31555712223053
1.0   -3.7351449728012085
1.0   4.840356349945068
1.0   13.38147348165512
1.0   -0.08573257923126221
1.0   10.21177613735199
1.0   -2.9291828870773315
1.0   29.73521614074707
1.0   11.733229108154774
1.0   56.87968063354492
1.0   52.13966751098633
1.0   28.513090133666992
1.0   33.658790588378906
1.0   44.619696617126465
1.0   40.935397148132324
1.0   21.5410658121109
1.0   20.03615176677704
1.0   9.302903890609741
1.0   30.065358638763428
1.0   21.41350269317627
1.0   11.671615779399872
1.0   15.87854290008545
1.0   33.443788051605225
1.0   34.18555569648743
1.0   46.395620346069336
1.0   41.934532165527344
1.0   42.83275508880615
1.0   40.93212270736694
1.0   45.375396728515625
1.0   25.663036584854126
1.0   36.53657531738281
1.0   33.31026744842529
1.0   35.70996904373169
1.0   35.44362497329712
1.0   35.04002237319946
1.0   38.84807014465332
1.0   45.63130807876587
1.0   48.28109264373779
1.0   39.952431201934814
1.0   46.61949443817139
1.0   36.415812253952026
1.0   44.80507802963257
1.0   4.655198335647583
1.0   44.33090400695801
1.0   50.49656391143799
1.0   12.830331414937973
1.0   5.562692880630493
1.0   28.61678647994995
1.0   35.8140287399292
1.0   46.824581146240234
1.0   42.516201972961426
1.0   49.477783203125
1.0   57.097867012023926
1.0   48.909762382507324
1.0   38.31883668899536
1.0   32.856245040893555
1.0   38.63646459579468
1.0   46.20922231674194
1.0   45.44048452377319
1.0   52.27986526489258
1.0   50.47743892669678
1.0   47.37550449371338
1.0   40.163129806518555
1.0   31.934929609298706
1.0   42.08607816696167
1.0   47.40234851837158
1.0   46.11970043182373
1.0   50.40476179122925
1.0   48.178349018096924
1.0   46.03406238555908
0.0   -4.1209200620651245
0.0   -3.8337503373622894
0.0   -4.155828773975372
0.0   -4.451249837875366
0.0   -4.784265011548996
0.0   -4.5090190172195435
0.0   -4.71867036819458
0.0   -3.9374176263809204
0.0   -4.364798963069916
0.0   -4.6217246651649475
0.0   -3.843079447746277
0.0   -4.2853310108184814
0.0   -4.433897286653519
0.0   -4.675850421190262
0.0   -4.464856564998627
0.0   -4.49335840344429
0.0   -4.068607270717621
0.0   -4.446155220270157
0.0   -4.284616440534592
0.0   -3.9881340861320496
0.0   -3.920873522758484
0.0   -3.924717754125595
0.0   -4.178629577159882
0.0   -4.144226968288422
0.0   -4.234264135360718
0.0   -3.8678221106529236
0.0   -4.214397102594376
0.0   -3.8671916723251343
0.0   -4.622745513916016
0.0   -4.497684091329575
0.0   -3.910398155450821
0.0   -4.00829690694809
1.0   25.21159076690674
1.0   5.232970476150513
1.0   12.821233361959457
1.0   0.9796195030212402
1.0   -3.67969411611557
1.0   -1.9320409297943115
1.0   -1.999792218208313
1.0   0.8073363304138184
1.0   9.638597071170807
1.0   -3.577655255794525
1.0   -1.8019957542419434
1.0   8.351067781448364
1.0   6.313733816146851
1.0   -3.7359360456466675
1.0   4.838595151901245
1.0   13.382000386714935
1.0   -0.08802139759063721
1.0   10.21480679512024
1.0   -2.930030584335327
1.0   29.74465847015381
1.0   11.733507737517357
1.0   56.90736436843872
1.0   52.16708850860596
1.0   28.523460388183594
1.0   33.67470932006836
1.0   44.640931129455566
1.0   40.95393180847168
1.0   21.545790672302246
1.0   20.04238212108612
1.0   9.302468597888947
1.0   30.0776150226593
1.0   21.418924808502197
1.0   11.675618588924408
1.0   15.882118344306946
1.0   33.45819425582886
1.0   34.19902944564819
1.0   46.41454267501831
1.0   41.94888925552368
1.0   42.8482608795166
1.0   40.94841384887695
1.0   45.39680480957031
1.0   25.67156720161438
1.0   36.55227279663086
1.0   33.32473659515381
1.0   35.72613716125488
1.0   35.456745624542236
1.0   35.05516529083252
1.0   38.86002826690674
1.0   45.652745723724365
1.0   48.304096698760986
1.0   39.96349096298218
1.0   46.64250373840332
1.0   36.42944622039795
1.0   44.82378053665161
1.0   4.655601978302002
1.0   44.35849857330322
1.0   50.53024768829346
1.0   12.830006510019302
1.0   5.56098747253418
1.0   28.624003887176514
1.0   35.82605838775635
1.0   46.84117841720581
1.0   42.53302812576294
1.0   49.50045919418335
1.0   57.12293720245361
1.0   48.92677593231201
1.0   38.33272838592529
1.0   32.86991786956787
1.0   38.65281915664673
1.0   46.229785442352295
1.0   45.453627586364746
1.0   52.30449295043945
1.0   50.49924182891846
1.0   47.39453315734863
1.0   40.180100440979004
1.0   31.948516368865967
1.0   42.1031231880188
1.0   47.42519807815552
1.0   46.139121532440186
1.0   50.42665481567383
1.0   48.19987726211548
1.0   46.050251483917236
0.0   -4.119743883609772
0.0   -3.8325111269950867
0.0   -4.154582172632217
0.0   -4.450082898139954
0.0   -4.78309029340744
0.0   -4.507867991924286
0.0   -4.717509359121323
0.0   -3.9362864196300507
0.0   -4.363640695810318
0.0   -4.620618551969528
0.0   -3.841790199279785
0.0   -4.284126281738281
0.0   -4.432821154594421
0.0   -4.674775421619415
0.0   -4.463704764842987
0.0   -4.492191433906555
0.0   -4.067436456680298
0.0   -4.445051372051239
0.0   -4.28347247838974
0.0   -3.986846625804901
0.0   -3.919628083705902
0.0   -3.923477590084076
0.0   -4.1775074899196625
0.0   -4.142983168363571
0.0   -4.23312571644783
0.0   -3.8665928840637207
0.0   -4.213122516870499
0.0   -3.8659967184066772
0.0   -4.621504873037338
0.0   -4.496550738811493
0.0   -3.9091744422912598
0.0   -4.0070595145225525
1.0   25.22458052635193
1.0   5.234187960624695
1.0   12.825917929410934
1.0   0.9811431169509888
1.0   -3.678370952606201
1.0   -1.9304096698760986
1.0   -1.9980201721191406
1.0   0.8093268871307373
1.0   9.643167972564697
1.0   -3.5763631463050842
1.0   -1.80032217502594
1.0   8.354267299175262
1.0   6.314592003822327
1.0   -3.7345457077026367
1.0   4.839321613311768
1.0   13.38593327999115
1.0   -0.0882192850112915
1.0   10.221453070640564
1.0   -2.928715229034424
1.0   29.760230541229248
1.0   11.736568674445152
1.0   56.946701526641846
1.0   52.204830169677734
1.0   28.539652347564697
1.0   33.697688579559326
1.0   44.67168092727661
1.0   40.98091220855713
1.0   21.555164217948914
1.0   20.053131222724915
1.0   9.304824829101562
1.0   30.09692072868347
1.0   21.42937731742859
1.0   11.683371841907501
1.0   15.889610052108765
1.0   33.47986149787903
1.0   34.21993970870972
1.0   46.44183158874512
1.0   41.97098731994629
1.0   42.87195444107056
1.0   40.97278118133545
1.0   45.4276967048645
1.0   25.685678720474243
1.0   36.57550001144409
1.0   33.34551954269409
1.0   35.74899911880493
1.0   35.476701736450195
1.0   35.077229022979736
1.0   38.87958765029907
1.0   45.6832389831543
1.0   48.3364372253418
1.0   39.982468128204346
1.0   46.675594329833984
1.0   36.45009732246399
1.0   44.85093450546265
1.0   4.658691167831421
1.0   44.39524698257446
1.0   50.57446765899658
1.0   12.832987368106842
1.0   5.562099456787109
1.0   28.637104034423828
1.0   35.84471607208252
1.0   46.867507457733154
1.0   42.558841705322266
1.0   49.533448219299316
1.0   57.158345222473145
1.0   48.95328330993652
1.0   38.353853702545166
1.0   32.8903431892395
1.0   38.67694425582886
1.0   46.26025581359863
1.0   45.475674629211426
1.0   52.339462757110596
1.0   50.530266761779785
1.0   47.42344808578491
1.0   40.20484495162964
1.0   31.969125747680664
1.0   42.129019260406494
1.0   47.45770454406738
1.0   46.16669321060181
1.0   50.4576997756958
1.0   48.230929374694824
1.0   46.075260162353516
