0.0   2.9192823469638824
0.0   3.0119040310382843
0.0   2.903670907020569
0.0   2.9390446543693542
0.0   2.813288539648056
0.0   2.992090344429016
0.0   2.790032982826233
0.0   2.8993756473064423
0.0   2.8710225224494934
0.0   3.6349486112594604
0.0   2.9558847546577454
0.0   3.0098950266838074
0.0   2.9047626554965973
0.0   3.7884528636932373
0.0   3.003624737262726
0.0   3.48583447933197
0.0   2.895166754722595
0.0   3.6178401708602905
0.0   2.867498517036438
0.0   2.891509234905243
0.0   3.294001340866089
0.0   2.936540365219116
0.0   2.9780834317207336
0.0   3.0291380286216736
0.0   2.9354353547096252
0.0   3.15224552154541
0.0   3.0498635172843933
0.0   2.95215305685997
1.0   8.218096733093262
1.0   15.28383183479309
1.0   12.804264664649963
1.0   9.14211106300354
1.0   7.954109311103821
1.0   9.706446290016174
1.0   10.109730243682861
1.0   14.041540026664734
1.0   10.662131905555725
1.0   11.872785568237305
1.0   12.316287279129028
1.0   3.5314403772354126
1.0   3.2995991110801697
1.0   2.950016677379608
1.0   5.899624228477478
1.0   5.877275466918945
1.0   10.07500970363617
1.0   3.563598871231079
1.0   4.8299314975738525
1.0   15.853504657745361
1.0   15.999318599700928
1.0   16.670825242996216
1.0   22.74592351913452
1.0   15.173442363739014
1.0   17.612645983695984
1.0   17.436557054519653
1.0   15.25064992904663
1.0   15.40595555305481
1.0   15.539440631866455
1.0   20.246079444885254
1.0   16.621637105941772
1.0   14.34045398235321
1.0   17.63408637046814
1.0   14.494188785552979
1.0   10.525672435760498
1.0   11.410714745521545
1.0   19.32620644569397
1.0   9.114321947097778
1.0   14.454403400421143
1.0   18.20531737804413
1.0   19.729612827301025
1.0   16.760980129241943
1.0   19.45233702659607
1.0   17.021979808807373
1.0   14.680186986923218
1.0   18.113303303718567
1.0   8.515941143035889
1.0   14.983203887939453
1.0   12.878457903862
1.0   12.765418767929077
1.0   17.359227895736694
1.0   14.374899864196777
1.0   16.525152683258057
1.0   23.5987708568573
1.0   22.37733268737793
1.0   19.13295865058899
1.0   19.53440809249878
1.0   18.16458296775818
1.0   23.933170557022095
1.0   12.515822410583496
1.0   19.90382981300354
1.0   15.47746753692627
1.0   17.744651794433594
1.0   13.46403980255127
1.0   3.0994043350219727
1.0   11.196651220321655
1.0   4.139858245849609
1.0   18.27728545665741
1.0   14.04530668258667
1.0   14.551225185394287
1.0   19.939871311187744
1.0   3.060828447341919
1.0   7.70594048500061
1.0   3.0733329355716705
1.0   19.437408924102783
1.0   9.676577806472778
1.0   3.5206708908081055
1.0   3.6303913593292236
1.0   14.14643907546997
0.0   -2.1792212277650833
0.0   -1.695652425289154
0.0   -2.4656190872192383
0.0   -2.5898039638996124
0.0   -2.5218895971775055
0.0   -1.8175309002399445
0.0   -2.4375851899385452
0.0   -2.327399894595146
0.0   -1.7414370775222778
0.0   -0.31455469131469727
0.0   -2.5639668405056
0.0   -2.2842962741851807
0.0   -2.6207982897758484
0.0   0.40217673778533936
0.0   -1.6645358204841614
0.0   -0.6220372915267944
0.0   -2.619954377412796
0.0   -0.14040350914001465
0.0   -2.3228839337825775
0.0   -2.564491346478462
0.0   -1.624674677848816
0.0   -2.569002479314804
0.0   -2.428511753678322
0.0   -2.673123389482498
0.0   -2.3794612884521484
0.0   -0.9925203919410706
0.0   -1.7267741560935974
0.0   -2.212863862514496
1.0   12.638239741325378
1.0   25.58930277824402
1.0   20.31795299053192
1.0   13.39978277683258
1.0   11.35037887096405
1.0   14.587339878082275
1.0   14.430649757385254
1.0   23.31860852241516
1.0   16.611637115478516
1.0   18.142523765563965
1.0   19.21608018875122
1.0   -0.872823178768158
1.0   -1.5404120683670044
1.0   -2.361512765288353
1.0   6.9493138790130615
1.0   7.128511667251587
1.0   14.12742531299591
1.0   -0.5218130350112915
1.0   4.746811866760254
1.0   26.233227849006653
1.0   26.674200654029846
1.0   27.468891620635986
1.0   38.030893325805664
1.0   24.452513098716736
1.0   28.54487669467926
1.0   28.903444528579712
1.0   25.59508466720581
1.0   26.60464906692505
1.0   24.761717438697815
1.0   34.57393288612366
1.0   27.3178448677063
1.0   22.937018394470215
1.0   29.47033393383026
1.0   23.306697726249695
1.0   16.400593042373657
1.0   17.419971108436584
1.0   32.92361545562744
1.0   13.1818186044693
1.0   23.79039752483368
1.0   31.869123935699463
1.0   33.93061828613281
1.0   28.7952002286911
1.0   33.1976957321167
1.0   27.802244663238525
1.0   24.18175721168518
1.0   29.83079719543457
1.0   12.157516300678253
1.0   24.712806582450867
1.0   20.176310777664185
1.0   20.861473500728607
1.0   29.649725914001465
1.0   24.322747468948364
1.0   28.38545548915863
1.0   42.16642951965332
1.0   39.09048104286194
1.0   34.37498331069946
1.0   35.50231385231018
1.0   31.88667392730713
1.0   42.01339817047119
1.0   20.796746134757996
1.0   34.92792844772339
1.0   25.963724493980408
1.0   30.53759455680847
1.0   22.133538246154785
1.0   -2.975198194384575
1.0   18.388992369174957
1.0   0.3582451343536377
1.0   31.764310836791992
1.0   26.836669445037842
1.0   24.674705982208252
1.0   36.02924299240112
1.0   -2.966812312602997
1.0   11.976499319076538
1.0   -2.9213442504405975
1.0   32.317095041275024
1.0   13.377115845680237
1.0   -0.603496789932251
1.0   -0.5196138620376587
1.0   24.004879355430603
0.0   -2.827646553516388
0.0   -2.304913103580475
0.0   -3.1773531436920166
0.0   -3.302443116903305
0.0   -3.208398938179016
0.0   -2.4347609281539917
0.0   -3.099916994571686
0.0   -2.980756938457489
0.0   -2.3221802711486816
0.0   -0.6376222372055054
0.0   -3.300030469894409
0.0   -2.980220139026642
0.0   -3.350036084651947
0.0   0.4288508892059326
0.0   -2.251455068588257
0.0   -1.0664432048797607
0.0   -3.352757751941681
0.0   -0.21835720539093018
0.0   -2.9855801463127136
0.0   -3.2630542516708374
0.0   -2.2625828981399536
0.0   -3.297832578420639
0.0   -3.15285986661911
0.0   -3.447915941476822
0.0   -3.0492793321609497
0.0   -1.4404045343399048
0.0   -2.359565258026123
0.0   -2.862895667552948
1.0   17.578768253326416
1.0   34.41337299346924
1.0   27.778472900390625
1.0   18.712759494781494
1.0   16.05661416053772
1.0   20.193922758102417
1.0   19.864133834838867
1.0   31.990533351898193
1.0   22.747345209121704
1.0   24.754055738449097
1.0   26.57096815109253
1.0   -1.105102300643921
1.0   -2.057552456855774
1.0   -3.053586483001709
1.0   10.00289535522461
1.0   10.421180963516235
1.0   19.071174144744873
1.0   -0.6631735563278198
1.0   7.347460985183716
1.0   35.696603775024414
1.0   36.46717071533203
1.0   37.10263442993164
1.0   50.83610153198242
1.0   33.2677583694458
1.0   38.3546576499939
1.0   39.19066667556763
1.0   34.77185249328613
1.0   36.477628231048584
1.0   33.42315340042114
1.0   46.40258502960205
1.0   37.23350524902344
1.0   31.146126747131348
1.0   39.751641273498535
1.0   31.38840675354004
1.0   22.838799238204956
1.0   23.819132804870605
1.0   44.336666107177734
1.0   18.902044415473938
1.0   33.03058433532715
1.0   42.994014739990234
1.0   45.720096588134766
1.0   39.44145679473877
1.0   45.162381172180176
1.0   37.498106956481934
1.0   33.32806348800659
1.0   40.042954444885254
1.0   16.886356830596924
1.0   33.85833263397217
1.0   27.67339038848877
1.0   28.760319232940674
1.0   40.354491233825684
1.0   33.50892162322998
1.0   38.76753234863281
1.0   56.73586463928223
1.0   52.684688568115234
1.0   47.02845573425293
1.0   48.705421447753906
1.0   43.060322761535645
1.0   56.08984184265137
1.0   28.65778398513794
1.0   47.41849136352539
1.0   35.58968162536621
1.0   41.60752487182617
1.0   30.594793796539307
1.0   -3.7712199687957764
1.0   26.061058044433594
1.0   0.9473100900650024
1.0   43.46199607849121
1.0   37.572505950927734
1.0   34.29309844970703
1.0   49.51460933685303
1.0   -3.75879767537117
1.0   17.762608647346497
1.0   -3.7002055943012238
1.0   43.39628887176514
1.0   18.407315254211426
1.0   -0.9779263734817505
1.0   -0.5346171855926514
1.0   33.177669048309326
0.0   -5.385191321372986
0.0   -4.750923454761505
0.0   -5.856454968452454
0.0   -6.040599584579468
0.0   -5.850192070007324
0.0   -4.909172177314758
0.0   -5.716797590255737
0.0   -5.581142902374268
0.0   -4.698434352874756
0.0   -2.9146151542663574
0.0   -6.03604531288147
0.0   -5.6355622708797455
0.0   -6.0908204317092896
0.0   -1.4410861730575562
0.0   -4.689917504787445
0.0   -3.378747344017029
0.0   -6.08508038520813
0.0   -2.2772042751312256
0.0   -5.594060242176056
0.0   -5.964343309402466
0.0   -4.780994415283203
0.0   -6.0388113260269165
0.0   -5.850905865430832
0.0   -6.2607890367507935
0.0   -5.6930995881557465
0.0   -3.7461291551589966
0.0   -4.83409583568573
0.0   -5.46827358007431
1.0   17.45152473449707
1.0   35.42556405067444
1.0   28.197312593460083
1.0   18.381450653076172
1.0   15.35042405128479
1.0   19.623865842819214
1.0   19.182514190673828
1.0   32.68573713302612
1.0   22.65966486930847
1.0   24.662571907043457
1.0   27.0738365650177
1.0   -3.578372359275818
1.0   -4.6449525356292725
1.0   -5.7130133509635925
1.0   8.90293264389038
1.0   9.52461290359497
1.0   18.43086338043213
1.0   -2.771103262901306
1.0   6.378535985946655
1.0   36.7023983001709
1.0   37.382635831832886
1.0   38.17707538604736
1.0   52.638792514801025
1.0   34.007110834121704
1.0   39.565335750579834
1.0   40.29124903678894
1.0   36.2153480052948
1.0   37.351014614105225
1.0   34.253958225250244
1.0   48.19475698471069
1.0   38.39741611480713
1.0   31.656494140625
1.0   41.05943155288696
1.0   32.0583610534668
1.0   23.18075656890869
1.0   24.102413177490234
1.0   45.92613506317139
1.0   18.69092607498169
1.0   33.81231987476349
1.0   45.002570152282715
1.0   47.48916149139404
1.0   40.84447956085205
1.0   46.93994903564453
1.0   38.51545834541321
1.0   34.1807541847229
1.0   41.38547086715698
1.0   16.687405943870544
1.0   34.959890842437744
1.0   28.39093780517578
1.0   29.626413345336914
1.0   41.88925838470459
1.0   34.81730818748474
1.0   40.44115352630615
1.0   59.678149700164795
1.0   55.15123701095581
1.0   48.99489641189575
1.0   50.801573276519775
1.0   45.04535102844238
1.0   59.06580448150635
1.0   29.463881254196167
1.0   49.51939153671265
1.0   36.95418119430542
1.0   43.28381395339966
1.0   31.652799606323242
1.0   -6.7324453592300415
1.0   26.631049752235413
1.0   -1.1224265098571777
1.0   44.6645245552063
1.0   38.03144025802612
1.0   35.25917649269104
1.0   51.41356134414673
1.0   -6.690822273492813
1.0   17.6658718585968
1.0   -6.618938684463501
1.0   44.92914009094238
1.0   17.73581075668335
1.0   -3.304703712463379
1.0   -2.7483572959899902
1.0   34.33764362335205
0.0   -7.530856966972351
0.0   -6.856996774673462
0.0   -8.125940918922424
0.0   -8.367881655693054
0.0   -8.090310990810394
0.0   -7.087608695030212
0.0   -7.946712851524353
0.0   -7.776642143726349
0.0   -6.7820212841033936
0.0   -5.041184425354004
0.0   -8.344861149787903
0.0   -7.867151618003845
0.0   -8.40028601884842
0.0   -3.0715876817703247
0.0   -6.803477168083191
0.0   -5.5494935512542725
0.0   -8.388834774494171
0.0   -3.9817135334014893
0.0   -7.828481674194336
0.0   -8.230781078338623
0.0   -6.943343997001648
0.0   -8.376958966255188
0.0   -8.141413033008575
0.0   -8.65345984697342
0.0   -7.90342503786087
0.0   -5.86839497089386
0.0   -6.971845924854279
0.0   -7.6780771017074585
1.0   16.30947995185852
1.0   35.109602212905884
1.0   27.472596764564514
1.0   17.109246730804443
1.0   13.692811965942383
1.0   18.12454128265381
1.0   17.638763427734375
1.0   32.05755805969238
1.0   21.40789031982422
1.0   23.487809419631958
1.0   26.219984531402588
1.0   -5.394010424613953
1.0   -6.85828161239624
1.0   -7.956425309181213
1.0   7.215407371520996
1.0   8.04627513885498
1.0   16.993934631347656
1.0   -4.549159049987793
1.0   5.141318321228027
1.0   36.22129142284393
1.0   36.862035632133484
1.0   37.739985942840576
1.0   52.38163185119629
1.0   33.47331941127777
1.0   39.27152955532074
1.0   39.845131278038025
1.0   36.15202760696411
1.0   36.81010186672211
1.0   33.814974665641785
1.0   48.020355582237244
1.0   38.05674850940704
1.0   30.92996323108673
1.0   40.826704263687134
1.0   31.55634891986847
1.0   22.43092393875122
1.0   23.466830134391785
1.0   45.79712688922882
1.0   17.527155876159668
1.0   32.96793270111084
1.0   45.08702206611633
1.0   47.42560052871704
1.0   40.485368728637695
1.0   46.790881395339966
1.0   37.97664415836334
1.0   33.55238163471222
1.0   41.10714864730835
1.0   15.639432668685913
1.0   34.58567774295807
1.0   27.916603088378906
1.0   29.178935766220093
1.0   41.5716769695282
1.0   34.5338032245636
1.0   40.21862733364105
1.0   60.131011962890625
1.0   55.29035460948944
1.0   48.66413164138794
1.0   50.71755516529083
1.0   45.04262328147888
1.0   59.63388919830322
1.0   29.077776670455933
1.0   49.46141302585602
1.0   36.707465171813965
1.0   43.121615529060364
1.0   31.144653916358948
1.0   -9.229199767112732
1.0   25.850016117095947
1.0   -2.946624994277954
1.0   44.08943247795105
1.0   36.63245749473572
1.0   34.5019736289978
1.0   51.16138017177582
1.0   -9.166761219501495
1.0   16.72361183166504
1.0   -9.07147067785263
1.0   44.77111077308655
1.0   16.173891067504883
1.0   -5.357782363891602
1.0   -4.7691121101379395
1.0   33.87459671497345
0.0   -7.579774379730225
0.0   -6.936105370521545
0.0   -8.184793949127197
0.0   -8.413901448249817
0.0   -8.121370553970337
0.0   -7.137837767601013
0.0   -7.978263556957245
0.0   -7.8218607902526855
0.0   -6.830502212047577
0.0   -5.0430654883384705
0.0   -8.398651123046875
0.0   -7.930644869804382
0.0   -8.442960798740387
0.0   -2.7426483631134033
0.0   -6.8577945828437805
0.0   -5.588559031486511
0.0   -8.433575451374054
0.0   -3.62945556640625
0.0   -7.864121913909912
0.0   -8.278029382228851
0.0   -6.989063382148743
0.0   -8.418204665184021
0.0   -8.188734710216522
0.0   -8.711508631706238
0.0   -7.948977887630463
0.0   -5.896706998348236
0.0   -7.031019687652588
0.0   -7.727025151252747
1.0   16.241446495056152
1.0   34.717334270477295
1.0   27.485294342041016
1.0   17.127042293548584
1.0   13.585720539093018
1.0   17.631321907043457
1.0   17.145039558410645
1.0   32.032480239868164
1.0   21.05758237838745
1.0   23.220442295074463
1.0   26.61310577392578
1.0   -4.967020034790039
1.0   -6.537922024726868
1.0   -8.00467163324356
1.0   7.169307231903076
1.0   8.102068424224854
1.0   16.574692249298096
1.0   -4.171297788619995
1.0   5.731961727142334
1.0   36.001753091812134
1.0   36.791900873184204
1.0   37.579015254974365
1.0   51.76982760429382
1.0   33.58777618408203
1.0   39.38271117210388
1.0   39.69278645515442
1.0   36.263469219207764
1.0   36.35761785507202
1.0   33.85580563545227
1.0   47.485774517059326
1.0   38.245378494262695
1.0   30.696796894073486
1.0   40.72487807273865
1.0   31.403465032577515
1.0   22.755139350891113
1.0   23.663411855697632
1.0   45.55767822265625
1.0   18.09720802307129
1.0   33.4419641494751
1.0   44.74922180175781
1.0   46.94379949569702
1.0   40.24418544769287
1.0   46.55703020095825
1.0   37.7325758934021
1.0   33.74326968193054
1.0   40.93101143836975
1.0   15.969479084014893
1.0   34.64401650428772
1.0   28.29833674430847
1.0   29.436663150787354
1.0   41.363300800323486
1.0   34.72621941566467
1.0   40.339097023010254
1.0   59.50776672363281
1.0   54.81265044212341
1.0   48.11562395095825
1.0   50.15565633773804
1.0   44.71072340011597
1.0   59.23688554763794
1.0   29.376288414001465
1.0   49.13074779510498
1.0   36.89555644989014
1.0   43.04618167877197
1.0   31.464813709259033
1.0   -9.285200119018555
1.0   26.4208025932312
1.0   -2.3707125186920166
1.0   43.444292068481445
1.0   35.07238960266113
1.0   34.62443017959595
1.0   50.61550831794739
1.0   -9.21867060661316
1.0   17.477625846862793
1.0   -9.125206768512726
1.0   44.44575333595276
1.0   15.999951362609863
1.0   -5.217928886413574
1.0   -4.4341195821762085
1.0   34.08864498138428
0.0   -6.947717666625977
0.0   -6.296220600605011
0.0   -7.505550146102905
0.0   -7.690080225467682
0.0   -7.429926812648773
0.0   -6.466603219509125
0.0   -7.291220128536224
0.0   -7.165070116519928
0.0   -6.181555986404419
0.0   -4.017229914665222
0.0   -7.7029663026332855
0.0   -7.2712564170360565
0.0   -7.740127980709076
0.0   -1.7169930934906006
0.0   -6.2098888754844666
0.0   -4.7889463901519775
0.0   -7.722478598356247
0.0   -2.556812286376953
0.0   -7.171759009361267
0.0   -7.5840941071510315
0.0   -6.324883937835693
0.0   -7.692687392234802
0.0   -7.4831178188323975
0.0   -7.981935560703278
0.0   -7.283189505338669
0.0   -5.189033627510071
0.0   -6.3549094796180725
0.0   -7.054245829582214
1.0   17.363469123840332
1.0   35.94989037513733
1.0   29.10436248779297
1.0   18.61442518234253
1.0   14.946692943572998
1.0   18.7734694480896
1.0   18.243427276611328
1.0   33.816319942474365
1.0   22.301796913146973
1.0   24.69021987915039
1.0   28.563252449035645
1.0   -3.810048222541809
1.0   -5.3850507736206055
1.0   -7.331388175487518
1.0   8.345638275146484
1.0   9.375213146209717
1.0   17.62603187561035
1.0   -3.041697382926941
1.0   7.198945999145508
1.0   37.45335030555725
1.0   38.501434087753296
1.0   39.205668449401855
1.0   53.401512145996094
1.0   35.47054481506348
1.0   41.25803565979004
1.0   41.37208867073059
1.0   37.896191120147705
1.0   37.67006158828735
1.0   35.41045808792114
1.0   48.99743628501892
1.0   40.14482498168945
1.0   32.2242546081543
1.0   42.44700288772583
1.0   32.777384519577026
1.0   24.43064785003662
1.0   25.209733486175537
1.0   47.16426229476929
1.0   20.060660362243652
1.0   35.5942964553833
1.0   46.2546603679657
1.0   48.37587118148804
1.0   41.891132831573486
1.0   48.42566728591919
1.0   39.23717451095581
1.0   35.60905981063843
1.0   42.53580093383789
1.0   17.55378794670105
1.0   36.389662742614746
1.0   30.010918617248535
1.0   31.12192964553833
1.0   43.15715551376343
1.0   36.61206579208374
1.0   42.325140953063965
1.0   61.19396781921387
1.0   56.63468360900879
1.0   49.84686279296875
1.0   51.83815002441406
1.0   46.30771350860596
1.0   60.95498776435852
1.0   31.078227519989014
1.0   50.96489381790161
1.0   38.796870708465576
1.0   44.89215159416199
1.0   33.35629343986511
1.0   -8.525286167860031
1.0   28.444231271743774
1.0   -0.9113631248474121
1.0   44.960787773132324
1.0   35.86238479614258
1.0   36.60379981994629
1.0   52.543246269226074
1.0   -8.462601482868195
1.0   19.334343671798706
1.0   -8.377128094434738
1.0   46.08679461479187
1.0   17.379058361053467
1.0   -4.121864199638367
1.0   -3.1500916481018066
1.0   35.963921546936035
0.0   -5.891441181302071
0.0   -5.185077607631683
0.0   -6.400635689496994
0.0   -6.4793174266815186
0.0   -6.352073401212692
0.0   -5.458255171775818
0.0   -6.214215278625488
0.0   -6.078262478113174
0.0   -5.173241317272186
0.0   -2.4834424257278442
0.0   -6.595755934715271
0.0   -6.157781675457954
0.0   -6.628428541123867
0.0   -0.26985466480255127
0.0   -5.199357062578201
0.0   -3.403019070625305
0.0   -6.616263344883919
0.0   -1.094214916229248
0.0   -6.127382352948189
0.0   -6.437872350215912
0.0   -5.2346861362457275
0.0   -6.551629737019539
0.0   -6.36041733622551
0.0   -6.816519737243652
0.0   -6.188916370272636
0.0   -4.099301695823669
0.0   -5.306590348482132
0.0   -5.938141867518425
1.0   19.470161199569702
1.0   38.983901023864746
1.0   32.06708323955536
1.0   21.21327042579651
1.0   17.411850929260254
1.0   21.23503303527832
1.0   20.60067057609558
1.0   37.14874219894409
1.0   24.91597032546997
1.0   27.51501154899597
1.0   31.775527000427246
1.0   -2.192766785621643
1.0   -3.811985671520233
1.0   -6.196497619152069
1.0   10.350419759750366
1.0   11.482659101486206
1.0   19.859889030456543
1.0   -1.4963200092315674
1.0   9.208391666412354
1.0   40.52184867858887
1.0   41.87454605102539
1.0   42.51154565811157
1.0   57.511746883392334
1.0   38.85011863708496
1.0   44.78243923187256
1.0   44.827128648757935
1.0   40.979984521865845
1.0   40.85822010040283
1.0   38.364930391311646
1.0   52.671058893203735
1.0   43.62245321273804
1.0   35.33446955680847
1.0   45.87469291687012
1.0   35.62418341636658
1.0   27.111282110214233
1.0   27.833373308181763
1.0   50.81086802482605
1.0   23.026849508285522
1.0   39.18784976005554
1.0   49.68159341812134
1.0   52.012423038482666
1.0   45.33936071395874
1.0   52.30247497558594
1.0   42.4469518661499
1.0   38.87999176979065
1.0   45.9369478225708
1.0   20.02143383026123
1.0   39.583406925201416
1.0   32.7926207780838
1.0   33.997990131378174
1.0   46.718401074409485
1.0   39.885372042655945
1.0   45.857120752334595
1.0   65.56932067871094
1.0   60.86829948425293
1.0   53.79274535179138
1.0   55.92961239814758
1.0   49.844948291778564
1.0   65.176682472229
1.0   33.955617904663086
1.0   54.9255108833313
1.0   42.17697095870972
1.0   48.57666730880737
1.0   36.53189492225647
1.0   -7.280622698366642
1.0   31.60405659675598
1.0   1.0024220943450928
1.0   48.76955032348633
1.0   39.15447282791138
1.0   40.16667985916138
1.0   56.95718598365784
1.0   -7.253616228699684
1.0   22.058330535888672
1.0   -7.196654722094536
1.0   49.60418701171875
1.0   19.953171968460083
1.0   -2.457688331604004
1.0   -1.2873097658157349
1.0   39.32178521156311
0.0   -5.019104495644569
0.0   -4.497943550348282
0.0   -5.408351868391037
0.0   -5.487680941820145
0.0   -5.3524070084095
0.0   -4.735632240772247
0.0   -5.219060122966766
0.0   -5.195489525794983
0.0   -4.400101870298386
0.0   -1.7937449216842651
0.0   -5.626837357878685
0.0   -5.28826217353344
0.0   -5.605007380247116
0.0   0.4507937431335449
0.0   -4.532601743936539
0.0   -2.7803102135658264
0.0   -5.609021693468094
0.0   -0.3262481689453125
0.0   -5.170864760875702
0.0   -5.488052725791931
0.0   -4.604970395565033
0.0   -5.55417788028717
0.0   -5.416805237531662
0.0   -5.782208323478699
0.0   -5.294913932681084
0.0   -3.5550498366355896
0.0   -4.615972504019737
0.0   -5.089190483093262
1.0   20.37701654434204
1.0   40.86704897880554
1.0   33.64505636692047
1.0   22.410733461380005
1.0   18.54485273361206
1.0   22.6108660697937
1.0   22.141427993774414
1.0   38.91369044780731
1.0   26.201199054718018
1.0   29.01677703857422
1.0   33.375755310058594
1.0   -1.3191817998886108
1.0   -2.9693129658699036
1.0   -5.316105127334595
1.0   11.328690528869629
1.0   12.43828821182251
1.0   21.100038528442383
1.0   -0.5718064308166504
1.0   10.008503913879395
1.0   42.130940437316895
1.0   43.696571350097656
1.0   44.41256237030029
1.0   60.05626726150513
1.0   40.68468976020813
1.0   46.75672245025635
1.0   46.68743062019348
1.0   42.681957960128784
1.0   42.68688249588013
1.0   39.9362211227417
1.0   54.88124179840088
1.0   45.41788864135742
1.0   37.09648656845093
1.0   47.81328749656677
1.0   37.18132543563843
1.0   28.27810299396515
1.0   29.06411075592041
1.0   52.97621130943298
1.0   24.33101201057434
1.0   40.83402061462402
1.0   51.80089497566223
1.0   54.238927364349365
1.0   47.17242908477783
1.0   54.44035196304321
1.0   44.12836289405823
1.0   40.455997705459595
1.0   47.769248485565186
1.0   21.08727526664734
1.0   41.19174778461456
1.0   34.11085033416748
1.0   35.35041701793671
1.0   48.701610922813416
1.0   41.54978895187378
1.0   47.680299162864685
1.0   68.45385265350342
1.0   63.483530044555664
1.0   56.15111207962036
1.0   58.41980981826782
1.0   51.991557598114014
1.0   67.93125939369202
1.0   35.39657759666443
1.0   57.293630719184875
1.0   43.94986867904663
1.0   50.67968797683716
1.0   37.9874347448349
1.0   -6.150297969579697
1.0   32.97717213630676
1.0   1.997270107269287
1.0   50.965579986572266
1.0   41.03052854537964
1.0   41.865763664245605
1.0   59.53087329864502
1.0   -6.121421635150909
1.0   23.130377292633057
1.0   -6.070614337921143
1.0   51.6373074054718
1.0   21.222025156021118
1.0   -1.7506303787231445
1.0   -0.5183193683624268
1.0   41.03156614303589
0.0   -4.363348454236984
0.0   -3.895868480205536
0.0   -4.709417998790741
0.0   -4.8190101981163025
0.0   -4.681569278240204
0.0   -4.0940887331962585
0.0   -4.558701276779175
0.0   -4.520469963550568
0.0   -3.8093268871307373
0.0   -1.5819517374038696
0.0   -4.923876583576202
0.0   -4.594502151012421
0.0   -4.902732491493225
0.0   0.6833529472351074
0.0   -3.8939332962036133
0.0   -2.543581485748291
0.0   -4.901630163192749
0.0   0.020163655281066895
0.0   -4.516608357429504
0.0   -4.781577676534653
0.0   -4.1074538230896
0.0   -4.848581075668335
0.0   -4.724123060703278
0.0   -5.057726562023163
0.0   -4.607150554656982
0.0   -3.2211795449256897
0.0   -4.016800284385681
0.0   -4.43923220038414
1.0   20.27467107772827
1.0   40.97327947616577
1.0   33.59781360626221
1.0   22.45600700378418
1.0   18.600621223449707
1.0   22.75586199760437
1.0   22.401877403259277
1.0   38.83204460144043
1.0   26.120551586151123
1.0   29.04344892501831
1.0   33.550495624542236
1.0   -0.9892244338989258
1.0   -2.6290911436080933
1.0   -4.6355933248996735
1.0   11.428157806396484
1.0   12.508453130722046
1.0   21.294918537139893
1.0   -0.19244003295898438
1.0   10.02381706237793
1.0   42.08610725402832
1.0   43.65152978897095
1.0   44.38648247718811
1.0   60.18424320220947
1.0   40.65223503112793
1.0   46.81844186782837
1.0   46.66726088523865
1.0   42.89271306991577
1.0   42.63892602920532
1.0   39.90331745147705
1.0   55.073962926864624
1.0   45.444316387176514
1.0   37.04633378982544
1.0   47.86382794380188
1.0   37.18871712684631
1.0   28.23511838912964
1.0   28.984612941741943
1.0   53.088650941848755
1.0   24.351861476898193
1.0   40.844326972961426
1.0   51.98369812965393
1.0   54.41200113296509
1.0   47.143818855285645
1.0   54.49699115753174
1.0   44.06908893585205
1.0   40.400086402893066
1.0   47.77723836898804
1.0   21.086405754089355
1.0   41.214186668395996
1.0   34.10565423965454
1.0   35.377488136291504
1.0   48.72781157493591
1.0   41.652979373931885
1.0   47.840184926986694
1.0   68.8626036643982
1.0   63.80953884124756
1.0   56.287484645843506
1.0   58.60929584503174
1.0   52.20256423950195
1.0   68.35840272903442
1.0   35.40409779548645
1.0   57.47770714759827
1.0   44.06303310394287
1.0   50.809077501297
1.0   38.044052839279175
1.0   -5.397353172302246
1.0   32.980660915374756
1.0   2.5472559928894043
1.0   51.01684761047363
1.0   40.8450288772583
1.0   41.9288649559021
1.0   59.66350221633911
1.0   -5.366853415966034
1.0   23.036590099334717
1.0   -5.323269963264465
1.0   51.6843683719635
1.0   21.38133955001831
1.0   -1.6319111585617065
1.0   -0.27385103702545166
1.0   41.17982292175293
0.0   -4.312335908412933
0.0   -3.8470704555511475
0.0   -4.6551735401153564
0.0   -4.767007768154144
0.0   -4.629949331283569
0.0   -4.043994188308716
0.0   -4.508289635181427
0.0   -4.467901170253754
0.0   -3.7611916065216064
0.0   -1.5763757228851318
0.0   -4.870092868804932
0.0   -4.540241360664368
0.0   -4.848979830741882
0.0   0.6894440650939941
0.0   -3.8431493043899536
0.0   -2.5299344062805176
0.0   -4.8470688462257385
0.0   0.03402137756347656
0.0   -4.46598756313324
0.0   -4.727203607559204
0.0   -4.065632343292236
0.0   -4.794531285762787
0.0   -4.670593857765198
0.0   -5.002484917640686
0.0   -4.553175926208496
0.0   -3.179291605949402
0.0   -3.9664989709854126
0.0   -4.388120651245117
1.0   20.229718685150146
1.0   40.90280723571777
1.0   33.52525854110718
1.0   22.419222116470337
1.0   18.57087230682373
1.0   22.72256374359131
1.0   22.376999855041504
1.0   38.751877784729004
1.0   26.061907529830933
1.0   28.988283157348633
1.0   33.508692026138306
1.0   -0.9768044948577881
1.0   -2.6131949424743652
1.0   -4.582887381315231
1.0   11.413151741027832
1.0   12.489987850189209
1.0   21.270148277282715
1.0   -0.17911767959594727
1.0   9.999845266342163
1.0   42.01349592208862
1.0   43.567466735839844
1.0   44.30371618270874
1.0   60.081217765808105
1.0   40.57740020751953
1.0   46.74441981315613
1.0   46.58551025390625
1.0   42.846588134765625
1.0   42.54833459854126
1.0   39.837449073791504
1.0   54.997982025146484
1.0   45.385103702545166
1.0   36.96430206298828
1.0   47.78902864456177
1.0   37.12260437011719
1.0   28.18863582611084
1.0   28.928606510162354
1.0   53.0045223236084
1.0   24.308002471923828
1.0   40.785706996917725
1.0   51.9173641204834
1.0   54.32731771469116
1.0   47.06602430343628
1.0   54.41306447982788
1.0   43.994544982910156
1.0   40.32958173751831
1.0   47.70043754577637
1.0   21.04793071746826
1.0   41.15362620353699
1.0   34.057498931884766
1.0   35.32900667190552
1.0   48.653738021850586
1.0   41.60106372833252
1.0   47.79249882698059
1.0   68.78068542480469
1.0   63.73500633239746
1.0   56.20005512237549
1.0   58.521626472473145
1.0   52.13174486160278
1.0   68.28561925888062
1.0   35.347697257995605
1.0   57.397679805755615
1.0   44.0103235244751
1.0   50.73654365539551
1.0   38.000922203063965
1.0   -5.340587139129639
1.0   32.93350958824158
1.0   2.575467109680176
1.0   50.913689613342285
1.0   40.7352991104126
1.0   41.87309694290161
1.0   59.57023811340332
1.0   -5.309967637062073
1.0   22.986984729766846
1.0   -5.266818404197693
1.0   51.60381031036377
1.0   21.35642910003662
1.0   -1.6384755373001099
1.0   -0.261081337928772
1.0   41.137136459350586
0.0   -4.29788064956665
0.0   -3.8331267833709717
0.0   -4.63922506570816
0.0   -4.753825783729553
0.0   -4.615804076194763
0.0   -4.029638707637787
0.0   -4.495162725448608
0.0   -4.452813446521759
0.0   -3.747425079345703
0.0   -1.5953818559646606
0.0   -4.855050563812256
0.0   -4.523600220680237
0.0   -4.834101140499115
0.0   0.6665444374084473
0.0   -3.8274413347244263
0.0   -2.5430442094802856
0.0   -4.831528067588806
0.0   0.016811251640319824
0.0   -4.452618896961212
0.0   -4.711688876152039
0.0   -4.0578062534332275
0.0   -4.779674768447876
0.0   -4.655686438083649
0.0   -4.987098872661591
0.0   -4.537088453769684
0.0   -3.1702528595924377
0.0   -3.9512219429016113
0.0   -4.373948156833649
1.0   20.14754343032837
1.0   40.7518846988678
1.0   33.39061737060547
1.0   22.335406064987183
1.0   18.49843454360962
1.0   22.6267147064209
1.0   22.287793159484863
1.0   38.599971294403076
1.0   25.948285341262817
1.0   28.867961406707764
1.0   33.41090106964111
1.0   -0.9952092170715332
1.0   -2.6251742839813232
1.0   -4.568031072616577
1.0   11.360933542251587
1.0   12.437446355819702
1.0   21.18785333633423
1.0   -0.19801616668701172
1.0   9.945259094238281
1.0   41.87161922454834
1.0   43.40333652496338
1.0   44.14098930358887
1.0   59.869436740875244
1.0   40.42868161201477
1.0   46.59009885787964
1.0   46.42545509338379
1.0   42.730955600738525
1.0   42.3784556388855
1.0   39.70715379714966
1.0   54.831318855285645
1.0   45.2582631111145
1.0   36.807711124420166
1.0   47.63757944107056
1.0   36.98564291000366
1.0   28.094542503356934
1.0   28.82198476791382
1.0   52.83177661895752
1.0   24.218169927597046
1.0   40.664907932281494
1.0   51.769230365753174
1.0   54.151612281799316
1.0   46.91781949996948
1.0   54.242371559143066
1.0   43.85081624984741
1.0   40.19102215766907
1.0   47.54531288146973
1.0   20.97011637687683
1.0   41.02651906013489
1.0   33.95772981643677
1.0   35.228858947753906
1.0   48.50069975852966
1.0   41.48797965049744
1.0   47.67774057388306
1.0   68.58992671966553
1.0   63.55691051483154
1.0   56.025291442871094
1.0   58.334298610687256
1.0   51.97783422470093
1.0   68.1130313873291
1.0   35.23149919509888
1.0   57.22763538360596
1.0   43.89292764663696
1.0   50.5809109210968
1.0   37.90432405471802
1.0   -5.3257774114608765
1.0   32.83661985397339
1.0   2.5647056102752686
1.0   50.71256446838379
1.0   40.53237199783325
1.0   41.75575590133667
1.0   59.37058162689209
1.0   -5.294903874397278
1.0   22.89531397819519
1.0   -5.251880049705505
1.0   51.43999147415161
1.0   21.27886962890625
1.0   -1.6687548160552979
1.0   -0.2718970775604248
1.0   41.03634548187256
0.0   -4.303336322307587
0.0   -3.837427020072937
0.0   -4.6440582275390625
0.0   -4.76176381111145
0.0   -4.6221635937690735
0.0   -4.033990263938904
0.0   -4.502657532691956
0.0   -4.458173632621765
0.0   -3.7530308961868286
0.0   -1.6350830793380737
0.0   -4.861452579498291
0.0   -4.527595043182373
0.0   -4.8405725955963135
0.0   0.6220533847808838
0.0   -3.8301117420196533
0.0   -2.5772621631622314
0.0   -4.837391138076782
0.0   -0.02399754524230957
0.0   -4.459495782852173
0.0   -4.717379808425903
0.0   -4.070338010787964
0.0   -4.7859309911727905
0.0   -4.661236524581909
0.0   -4.99364697933197
0.0   -4.541348218917847
0.0   -3.1782000064849854
0.0   -3.954745829105377
0.0   -4.379878520965576
1.0   20.02467179298401
1.0   40.532816886901855
1.0   33.19832229614258
1.0   22.207764387130737
1.0   18.38083553314209
1.0   22.482128620147705
1.0   22.15099048614502
1.0   38.382511615753174
1.0   25.782680988311768
1.0   28.692471981048584
1.0   33.25534200668335
1.0   -1.038271427154541
1.0   -2.6567201614379883
1.0   -4.57384979724884
1.0   11.275651931762695
1.0   12.352769374847412
1.0   21.05924415588379
1.0   -0.24221396446228027
1.0   9.860329627990723
1.0   41.66762161254883
1.0   43.17193126678467
1.0   43.908225536346436
1.0   59.5670223236084
1.0   40.214141845703125
1.0   46.369080543518066
1.0   46.19727277755737
1.0   42.55550265312195
1.0   42.13835382461548
1.0   39.516547203063965
1.0   54.58303928375244
1.0   45.063974380493164
1.0   36.5897331237793
1.0   47.415958404541016
1.0   36.78895878791809
1.0   27.95585060119629
1.0   28.668431758880615
1.0   52.58102989196777
1.0   24.08131694793701
1.0   40.47891664505005
1.0   51.55253314971924
1.0   53.89589786529541
1.0   46.699774742126465
1.0   53.997416496276855
1.0   43.64240217208862
1.0   39.99226236343384
1.0   47.318464279174805
1.0   20.85331916809082
1.0   40.83734917640686
1.0   33.808003187179565
1.0   35.07704401016235
1.0   48.27504920959473
1.0   41.3161416053772
1.0   47.49946117401123
1.0   68.30150413513184
1.0   63.28692865371704
1.0   55.7687931060791
1.0   58.0612587928772
1.0   51.74997568130493
1.0   67.84990882873535
1.0   35.06014680862427
1.0   56.97512674331665
1.0   43.712427854537964
1.0   50.34947204589844
1.0   37.75593018531799
1.0   -5.334254503250122
1.0   32.68667507171631
1.0   2.5230751037597656
1.0   50.426955699920654
1.0   40.25003957748413
1.0   41.57560348510742
1.0   59.077505111694336
1.0   -5.302820086479187
1.0   22.7586989402771
1.0   -5.260075747966766
1.0   51.201322078704834
1.0   21.156081676483154
1.0   -1.719611644744873
1.0   -0.3041461706161499
1.0   40.87421417236328
0.0   -4.330500602722168
0.0   -3.8625171184539795
0.0   -4.67236989736557
0.0   -4.793118357658386
0.0   -4.65207177400589
0.0   -4.059345364570618
0.0   -4.531837224960327
0.0   -4.486309170722961
0.0   -3.7797582149505615
0.0   -1.6904031038284302
0.0   -4.891187787055969
0.0   -4.5546523332595825
0.0   -4.87000584602356
0.0   0.5590910911560059
0.0   -3.853678345680237
0.0   -2.623323142528534
0.0   -4.866986036300659
0.0   -0.08531975746154785
0.0   -4.489767253398895
0.0   -4.746277570724487
0.0   -4.099374532699585
0.0   -4.815846085548401
0.0   -4.689959466457367
0.0   -5.024357438087463
0.0   -4.568647801876068
0.0   -3.205542027950287
0.0   -3.9788018465042114
0.0   -4.407868504524231
1.0   19.87641477584839
1.0   40.258713722229004
1.0   32.963107109069824
1.0   22.051659107208252
1.0   18.23497200012207
1.0   22.295326232910156
1.0   21.976091384887695
1.0   38.115864753723145
1.0   25.58220863342285
1.0   28.477115631103516
1.0   33.060842752456665
1.0   -1.104972004890442
1.0   -2.7077934741973877
1.0   -4.6023149490356445
1.0   11.167736053466797
1.0   12.24544382095337
1.0   20.891295433044434
1.0   -0.3065352439880371
1.0   9.756257057189941
1.0   41.42773914337158
1.0   42.89025592803955
1.0   43.62370014190674
1.0   59.193803787231445
1.0   39.95164775848389
1.0   46.092793464660645
1.0   45.91793251037598
1.0   42.33747410774231
1.0   41.846301555633545
1.0   39.28521537780762
1.0   54.27085542678833
1.0   44.82279682159424
1.0   36.32412815093994
1.0   47.14280891418457
1.0   36.54394340515137
1.0   27.786006927490234
1.0   28.481900215148926
1.0   52.272432804107666
1.0   23.912864208221436
1.0   40.24894094467163
1.0   51.2836856842041
1.0   53.579378604888916
1.0   46.43074607849121
1.0   53.69679546356201
1.0   43.3887357711792
1.0   39.75446367263794
1.0   47.03943061828613
1.0   20.709591388702393
1.0   40.60361289978027
1.0   33.62288784980774
1.0   34.88866472244263
1.0   47.99524164199829
1.0   41.100810527801514
1.0   47.27651405334473
1.0   67.934401512146
1.0   62.949355125427246
1.0   55.453261852264404
1.0   57.724510192871094
1.0   51.4668664932251
1.0   67.51823997497559
1.0   34.84942364692688
1.0   56.661163330078125
1.0   43.486051082611084
1.0   50.070430755615234
1.0   37.57236289978027
1.0   -5.368915796279907
1.0   32.50211524963379
1.0   2.455693006515503
1.0   50.073548316955566
1.0   39.90869855880737
1.0   41.35649061203003
1.0   58.71370506286621
1.0   -5.3359445333480835
1.0   22.59276247024536
1.0   -5.29319167137146
1.0   50.90750551223755
1.0   20.999791145324707
1.0   -1.7846565246582031
1.0   -0.35021352767944336
1.0   40.66897630691528
0.0   -4.376320958137512
0.0   -3.905580520629883
0.0   -4.720226347446442
0.0   -4.84470921754837
0.0   -4.7009652853012085
0.0   -4.10336172580719
0.0   -4.579243779182434
0.0   -4.534185826778412
0.0   -3.8231579065322876
0.0   -1.7545952796936035
0.0   -4.941425621509552
0.0   -4.601854681968689
0.0   -4.919988691806793
0.0   0.4867384433746338
0.0   -3.895713984966278
0.0   -2.679537534713745
0.0   -4.916789531707764
0.0   -0.15609490871429443
0.0   -4.5393112897872925
0.0   -4.795568227767944
0.0   -4.144777297973633
0.0   -4.86631715297699
0.0   -4.7389132380485535
0.0   -5.075707793235779
0.0   -4.616007924079895
0.0   -3.250412106513977
0.0   -4.0212297439575195
0.0   -4.4544607400894165
1.0   19.734086990356445
1.0   40.00267744064331
1.0   32.73772358894348
1.0   21.906686782836914
1.0   18.09445571899414
1.0   22.108885765075684
1.0   21.80624294281006
1.0   37.86458730697632
1.0   25.396915435791016
1.0   28.269237518310547
1.0   32.87931156158447
1.0   -1.1803154945373535
1.0   -2.7694079875946045
1.0   -4.649957060813904
1.0   11.060632228851318
1.0   12.137454986572266
1.0   20.728929042816162
1.0   -0.380939245223999
1.0   9.652799606323242
1.0   41.2149658203125
1.0   42.625508308410645
1.0   43.370891094207764
1.0   58.858309268951416
1.0   39.70771312713623
1.0   45.83587169647217
1.0   45.66107654571533
1.0   42.13467788696289
1.0   41.57648277282715
1.0   39.074012756347656
1.0   53.987513065338135
1.0   44.60267972946167
1.0   36.07538938522339
1.0   46.89115762710571
1.0   36.308085441589355
1.0   27.627567291259766
1.0   28.30468463897705
1.0   51.98843288421631
1.0   23.748802185058594
1.0   40.03752422332764
1.0   51.035189151763916
1.0   53.28995752334595
1.0   46.18825626373291
1.0   53.42700386047363
1.0   43.16065216064453
1.0   39.53804588317871
1.0   46.78922748565674
1.0   20.570147037506104
1.0   40.390089988708496
1.0   33.4490647315979
1.0   34.712783336639404
1.0   47.73819303512573
1.0   40.89819288253784
1.0   47.0705623626709
1.0   67.60639238357544
1.0   62.640151500701904
1.0   55.16838312149048
1.0   57.4163498878479
1.0   51.20741081237793
1.0   67.22030735015869
1.0   34.65296173095703
1.0   56.37013339996338
1.0   43.2738151550293
1.0   49.81452035903931
1.0   37.404850006103516
1.0   -5.424396753311157
1.0   32.33369445800781
1.0   2.376728057861328
1.0   49.749284744262695
1.0   39.589823722839355
1.0   41.15514516830444
1.0   58.390671253204346
1.0   -5.390574753284454
1.0   22.435054779052734
1.0   -5.347840130329132
1.0   50.64413070678711
1.0   20.847958087921143
1.0   -1.8555724620819092
1.0   -0.40932130813598633
1.0   40.483330726623535
0.0   -4.397803485393524
0.0   -3.9246522188186646
0.0   -4.743006587028503
0.0   -4.870506405830383
0.0   -4.7251492738723755
0.0   -4.12389075756073
0.0   -4.602503299713135
0.0   -4.5572463274002075
0.0   -3.8432103395462036
0.0   -1.7984156608581543
0.0   -4.966247081756592
0.0   -4.624370098114014
0.0   -4.944202125072479
0.0   0.4404022693634033
0.0   -3.914789319038391
0.0   -2.7152111530303955
0.0   -4.941453516483307
0.0   -0.20090270042419434
0.0   -4.562004327774048
0.0   -4.819908857345581
0.0   -4.166294097900391
0.0   -4.890641093254089
0.0   -4.762887954711914
0.0   -5.1008482575416565
0.0   -4.638888359069824
0.0   -3.2715073227882385
0.0   -4.040529549121857
0.0   -4.476873517036438
1.0   19.660324811935425
1.0   39.86952257156372
1.0   32.61335229873657
1.0   21.827150344848633
1.0   18.02114963531494
1.0   22.01642942428589
1.0   21.72208547592163
1.0   37.731406688690186
1.0   25.30200481414795
1.0   28.16061782836914
1.0   32.78441143035889
1.0   -1.2300578355789185
1.0   -2.8040733337402344
1.0   -4.672682285308838
1.0   11.0044846534729
1.0   12.080849647521973
1.0   20.645968437194824
1.0   -0.42814159393310547
1.0   9.588638305664062
1.0   41.114479541778564
1.0   42.4958438873291
1.0   43.24697399139404
1.0   58.69958829879761
1.0   39.581740379333496
1.0   45.7058424949646
1.0   45.5390419960022
1.0   42.03461170196533
1.0   41.44340515136719
1.0   38.96332883834839
1.0   53.85233926773071
1.0   44.49977159500122
1.0   35.941205978393555
1.0   46.76702928543091
1.0   36.1785192489624
1.0   27.543104648590088
1.0   28.204163312911987
1.0   51.85363960266113
1.0   23.657580852508545
1.0   39.93388319015503
1.0   50.92043924331665
1.0   53.15989303588867
1.0   46.077698707580566
1.0   53.30365562438965
1.0   43.054039001464844
1.0   39.429208278656006
1.0   46.67543601989746
1.0   20.492016315460205
1.0   40.284860610961914
1.0   33.36018133163452
1.0   34.62367010116577
1.0   47.609010219573975
1.0   40.79749870300293
1.0   46.97342824935913
1.0   67.47069835662842
1.0   62.50065326690674
1.0   55.04026508331299
1.0   57.27151012420654
1.0   51.08246326446533
1.0   67.09651279449463
1.0   34.548118591308594
1.0   56.22746658325195
1.0   43.166263580322266
1.0   49.68821573257446
1.0   37.32394623756409
1.0   -5.452096879482269
1.0   32.24917507171631
1.0   2.3329365253448486
1.0   49.587684631347656
1.0   39.43356895446777
1.0   41.06252193450928
1.0   58.24544334411621
1.0   -5.417560458183289
1.0   22.346074104309082
1.0   -5.374717950820923
1.0   50.5167350769043
1.0   20.770145893096924
1.0   -1.9043636322021484
1.0   -0.4419058561325073
1.0   40.39898490905762
0.0   -4.447339773178101
0.0   -3.971860647201538
0.0   -4.795025587081909
0.0   -4.925707399845123
0.0   -4.777928948402405
0.0   -4.171269178390503
0.0   -4.654192864894867
0.0   -4.608067512512207
0.0   -3.8895199298858643
0.0   -1.856655478477478
0.0   -5.0201027393341064
0.0   -4.675194680690765
0.0   -4.998022437095642
0.0   0.37900352478027344
0.0   -3.961171329021454
0.0   -2.771028995513916
0.0   -4.9949294328689575
0.0   -0.2619321346282959
0.0   -4.612638354301453
0.0   -4.873552322387695
0.0   -4.214911341667175
0.0   -4.944607853889465
0.0   -4.81564325094223
0.0   -5.156389951705933
0.0   -4.690355062484741
0.0   -3.3186981678009033
0.0   -4.087138891220093
0.0   -4.527282476425171
1.0   19.609197854995728
1.0   39.80323791503906
1.0   32.52957010269165
1.0   21.763888359069824
1.0   17.96058750152588
1.0   21.949898719787598
1.0   21.655770778656006
1.0   37.64858102798462
1.0   25.242202758789062
1.0   28.085334300994873
1.0   32.71688175201416
1.0   -1.2951819896697998
1.0   -2.861419916152954
1.0   -4.724048554897308
1.0   10.946492671966553
1.0   12.022375106811523
1.0   20.581488132476807
1.0   -0.49181127548217773
1.0   9.520313501358032
1.0   41.06332969665527
1.0   42.42299175262451
1.0   43.185903549194336
1.0   58.63729000091553
1.0   39.50261306762695
1.0   45.63814640045166
1.0   45.47851800918579
1.0   41.97406768798828
1.0   41.37831211090088
1.0   38.897669315338135
1.0   53.793474197387695
1.0   44.44441223144531
1.0   35.86334943771362
1.0   46.702271938323975
1.0   36.10443687438965
1.0   27.479218006134033
1.0   28.132983446121216
1.0   51.78946590423584
1.0   23.58197593688965
1.0   39.861735820770264
1.0   50.871779441833496
1.0   53.10797691345215
1.0   46.02934169769287
1.0   53.25152635574341
1.0   43.002920150756836
1.0   39.361334800720215
1.0   46.62044429779053
1.0   20.421586513519287
1.0   40.223036766052246
1.0   33.30151057243347
1.0   34.56071186065674
1.0   47.53397226333618
1.0   40.731536865234375
1.0   46.91703987121582
1.0   67.433189868927
1.0   62.444058418273926
1.0   54.9845986366272
1.0   57.213229179382324
1.0   51.02549457550049
1.0   67.06978416442871
1.0   34.47398805618286
1.0   56.15631580352783
1.0   43.09675455093384
1.0   49.61678886413574
1.0   37.26400327682495
1.0   -5.511139452457428
1.0   32.18120765686035
1.0   2.2675254344940186
1.0   49.50440788269043
1.0   39.36137294769287
1.0   41.00057888031006
1.0   58.18174076080322
1.0   -5.476136744022369
1.0   22.264677047729492
1.0   -5.432966470718384
1.0   50.45565319061279
1.0   20.707039833068848
1.0   -1.9651055335998535
1.0   -0.498368501663208
1.0   40.34695625305176
0.0   -4.526658117771149
0.0   -4.047020792961121
0.0   -4.877520322799683
0.0   -5.01248574256897
0.0   -4.8610862493515015
0.0   -4.247040331363678
0.0   -4.736628293991089
0.0   -4.688639163970947
0.0   -3.962498664855957
0.0   -1.9467397928237915
0.0   -5.106051445007324
0.0   -4.756749629974365
0.0   -5.083553910255432
0.0   0.2886698246002197
0.0   -4.035110950469971
0.0   -2.8566282987594604
0.0   -5.079940319061279
0.0   -0.35377049446105957
0.0   -4.693617343902588
0.0   -4.9579949378967285
0.0   -4.2924686670303345
0.0   -5.030531525611877
0.0   -4.899670720100403
0.0   -5.244765996932983
0.0   -4.771858811378479
0.0   -3.39356005191803
0.0   -4.161450505256653
0.0   -4.607418656349182
1.0   19.546581745147705
1.0   39.76076412200928
1.0   32.44087219238281
1.0   21.68079376220703
1.0   17.877464771270752
1.0   21.876283645629883
1.0   21.5783748626709
1.0   37.56458377838135
1.0   25.174583911895752
1.0   28.005305290222168
1.0   32.63179636001587
1.0   -1.394191026687622
1.0   -2.95049512386322
1.0   -4.806190073490143
1.0   10.861343383789062
1.0   11.934463024139404
1.0   20.50927448272705
1.0   -0.5886032581329346
1.0   9.420898914337158
1.0   41.01207637786865
1.0   42.355473041534424
1.0   43.13630199432373
1.0   58.60873079299927
1.0   39.42226552963257
1.0   45.57479286193848
1.0   45.42587471008301
1.0   41.90944719314575
1.0   41.326563358306885
1.0   38.83175706863403
1.0   53.75479745864868
1.0   44.38531303405762
1.0   35.79494380950928
1.0   46.64537572860718
1.0   36.03573226928711
1.0   27.39760732650757
1.0   28.052164554595947
1.0   51.741944313049316
1.0   23.47585916519165
1.0   39.77084827423096
1.0   50.838440895080566
1.0   53.07516574859619
1.0   45.985018730163574
1.0   53.2110333442688
1.0   42.951849937438965
1.0   39.28298902511597
1.0   46.57160568237305
1.0   20.326366424560547
1.0   40.151222229003906
1.0   33.22819137573242
1.0   34.48056602478027
1.0   47.461814880371094
1.0   40.65383005142212
1.0   46.85158348083496
1.0   67.43129682540894
1.0   62.41118669509888
1.0   54.93881320953369
1.0   57.1768798828125
1.0   50.98114252090454
1.0   67.06993293762207
1.0   34.3946738243103
1.0   56.09891605377197
1.0   43.01855421066284
1.0   49.54695701599121
1.0   37.17769813537598
1.0   -5.604733467102051
1.0   32.08239459991455
1.0   2.164518117904663
1.0   49.440489768981934
1.0   39.31618404388428
1.0   40.915568351745605
1.0   58.131104469299316
1.0   -5.5693933963775635
1.0   22.1484956741333
1.0   -5.52539587020874
1.0   50.40478801727295
1.0   20.62799644470215
1.0   -2.0575977563858032
1.0   -0.5850009918212891
1.0   40.27173614501953
0.0   -4.59148383140564
0.0   -4.108705520629883
0.0   -4.945357978343964
0.0   -5.0828680992126465
0.0   -4.92858624458313
0.0   -4.309112548828125
0.0   -4.804133474826813
0.0   -4.754638433456421
0.0   -4.021876931190491
0.0   -2.016942858695984
0.0   -5.176580607891083
0.0   -4.823382377624512
0.0   -5.153604507446289
0.0   0.21974706649780273
0.0   -4.095542728900909
0.0   -2.925464630126953
0.0   -5.149821758270264
0.0   -0.42378830909729004
0.0   -4.760028958320618
0.0   -5.026961803436279
0.0   -4.355425953865051
0.0   -5.100599765777588
0.0   -4.968577682971954
0.0   -5.3168076276779175
0.0   -4.838445663452148
0.0   -3.4541289806365967
0.0   -4.223158299922943
0.0   -4.672932028770447
1.0   19.539858102798462
1.0   39.81583881378174
1.0   32.433655738830566
1.0   21.65962791442871
1.0   17.850430488586426
1.0   21.869744300842285
1.0   21.567542552947998
1.0   37.575910568237305
1.0   25.180728912353516
1.0   28.006688117980957
1.0   32.62321901321411
1.0   -1.4700124263763428
1.0   -3.0212889909744263
1.0   -4.87321674823761
1.0   10.817660808563232
1.0   11.889056205749512
1.0   20.497004985809326
1.0   -0.6623594760894775
1.0   9.356798648834229
1.0   41.0524320602417
1.0   42.3872857093811
1.0   43.187777519226074
1.0   58.72035026550293
1.0   39.43284034729004
1.0   45.60854244232178
1.0   45.47544860839844
1.0   41.927205085754395
1.0   41.38000679016113
1.0   38.850141525268555
1.0   53.83271789550781
1.0   44.42074966430664
1.0   35.817752838134766
1.0   46.687089920043945
1.0   36.05172157287598
1.0   27.37866449356079
1.0   28.036384105682373
1.0   51.80861043930054
1.0   23.433369159698486
1.0   39.76913070678711
1.0   50.90974140167236
1.0   53.159584045410156
1.0   46.042251110076904
1.0   53.28546905517578
1.0   42.9930477142334
1.0   39.29232215881348
1.0   46.626224994659424
1.0   20.28577709197998
1.0   40.16334629058838
1.0   33.22279071807861
1.0   34.47245264053345
1.0   47.49184608459473
1.0   40.65905952453613
1.0   46.87704658508301
1.0   67.57054424285889
1.0   62.50796699523926
1.0   55.01301717758179
1.0   57.272284507751465
1.0   51.04079532623291
1.0   67.19975423812866
1.0   34.39280462265015
1.0   56.161723613739014
1.0   43.028411865234375
1.0   49.58355712890625
1.0   37.16472578048706
1.0   -5.681091070175171
1.0   32.05740308761597
1.0   2.0891599655151367
1.0   49.50185203552246
1.0   39.39831352233887
1.0   40.9221773147583
1.0   58.21837329864502
1.0   -5.644705832004547
1.0   22.09220790863037
1.0   -5.600797474384308
1.0   50.460426807403564
1.0   20.60787868499756
1.0   -2.130791187286377
1.0   -0.6515154838562012
1.0   40.282774925231934
0.0   -4.654571890830994
0.0   -4.169538676738739
0.0   -5.011476993560791
0.0   -5.151523053646088
0.0   -4.994508922100067
0.0   -4.369830131530762
0.0   -4.869734287261963
0.0   -4.819339036941528
0.0   -4.0799400806427
0.0   -2.0835518836975098
0.0   -5.245062470436096
0.0   -4.88830840587616
0.0   -5.222306847572327
0.0   0.15618038177490234
0.0   -4.155382812023163
0.0   -2.989588141441345
0.0   -5.218323349952698
0.0   -0.4892849922180176
0.0   -4.825073063373566
0.0   -5.094339311122894
0.0   -4.416837573051453
0.0   -5.16930079460144
0.0   -5.035744905471802
0.0   -5.387166738510132
0.0   -4.9035961627960205
0.0   -3.5137133598327637
0.0   -4.2836467027664185
0.0   -4.736698150634766
1.0   19.560499906539917
1.0   39.92502307891846
1.0   32.473408699035645
1.0   21.669257164001465
1.0   17.85062026977539
1.0   21.90213394165039
1.0   21.594985961914062
1.0   37.642123222351074
1.0   25.22764492034912
1.0   28.05380344390869
1.0   32.65456199645996
1.0   -1.5415809154510498
1.0   -3.08803927898407
1.0   -4.93894624710083
1.0   10.791743755340576
1.0   11.861445903778076
1.0   20.518959522247314
1.0   -0.7317523956298828
1.0   9.305022239685059
1.0   41.147969245910645
1.0   42.48410224914551
1.0   43.303020000457764
1.0   58.92366600036621
1.0   39.49727249145508
1.0   45.70272970199585
1.0   45.58804702758789
1.0   41.99393272399902
1.0   41.49864387512207
1.0   38.91994094848633
1.0   53.986814975738525
1.0   44.51055431365967
1.0   35.89862537384033
1.0   46.79084539413452
1.0   36.12385845184326
1.0   27.391737461090088
1.0   28.057333946228027
1.0   51.94842338562012
1.0   23.419628143310547
1.0   39.815226554870605
1.0   51.05012655258179
1.0   53.32192659378052
1.0   46.1628532409668
1.0   53.43012094497681
1.0   43.09231758117676
1.0   39.351208209991455
1.0   46.743045806884766
1.0   20.27053213119507
1.0   40.22386884689331
1.0   33.25436997413635
1.0   34.50349140167236
1.0   47.58436441421509
1.0   40.71079635620117
1.0   46.95459794998169
1.0   67.80269241333008
1.0   62.68671131134033
1.0   55.16451025009155
1.0   57.45196342468262
1.0   51.17191410064697
1.0   67.41881799697876
1.0   34.43351125717163
1.0   56.29912519454956
1.0   43.087637424468994
1.0   49.68461608886719
1.0   37.189411640167236
1.0   -5.755363047122955
1.0   32.06693172454834
1.0   2.0188162326812744
1.0   49.64448642730713
1.0   39.56635284423828
1.0   40.97689867019653
1.0   58.39390754699707
1.0   -5.71820068359375
1.0   22.061213493347168
1.0   -5.67416787147522
1.0   50.58346462249756
1.0   20.61955165863037
1.0   -2.2010531425476074
1.0   -0.7139797210693359
1.0   40.33871269226074
0.0   -4.664098739624023
0.0   -4.178701281547546
0.0   -5.021435976028442
0.0   -5.161723256111145
0.0   -5.0044450759887695
0.0   -4.379019737243652
0.0   -4.879582583904266
0.0   -4.829102158546448
0.0   -4.0887943506240845
0.0   -2.092455506324768
0.0   -5.255273342132568
0.0   -4.89807391166687
0.0   -5.2326072454452515
0.0   0.1476435661315918
0.0   -4.164497017860413
0.0   -2.998615026473999
0.0   -5.228627443313599
0.0   -0.4981698989868164
0.0   -4.834869980812073
0.0   -5.1044663190841675
0.0   -4.4261314868927
0.0   -5.1796053647994995
0.0   -5.045841336250305
0.0   -5.3977051973342896
0.0   -4.913339138031006
0.0   -3.522699236869812
0.0   -4.292890906333923
0.0   -4.746337413787842
1.0   19.56337070465088
1.0   39.93935966491699
1.0   32.47887992858887
1.0   21.67028522491455
1.0   17.850369930267334
1.0   21.90556764602661
1.0   21.597633838653564
1.0   37.650816917419434
1.0   25.233678817749023
1.0   28.059589385986328
1.0   32.658491134643555
1.0   -1.5514323711395264
1.0   -3.0977275371551514
1.0   -4.948870837688446
1.0   10.787713050842285
1.0   11.857562065124512
1.0   20.521425247192383
1.0   -0.7413475513458252
1.0   9.298494815826416
1.0   41.15978527069092
1.0   42.49606800079346
1.0   43.3172812461853
1.0   58.948389530181885
1.0   39.50545692443848
1.0   45.71435499191284
1.0   45.60195255279541
1.0   42.00244188308716
1.0   41.513779640197754
1.0   38.92873001098633
1.0   54.00586748123169
1.0   44.52131748199463
1.0   35.909257888793945
1.0   46.80363750457764
1.0   36.13328695297241
1.0   27.39330792427063
1.0   28.060301780700684
1.0   51.96566295623779
1.0   23.417572498321533
1.0   39.82057285308838
1.0   51.06731033325195
1.0   53.34158134460449
1.0   46.17723512649536
1.0   53.44791793823242
1.0   43.10448932647705
1.0   39.3587532043457
1.0   46.757524490356445
1.0   20.268527507781982
1.0   40.23141956329346
1.0   33.258244037628174
1.0   34.5074143409729
1.0   47.595909118652344
1.0   40.71728229522705
1.0   46.9639778137207
1.0   67.83063888549805
1.0   62.70851373672485
1.0   55.18306064605713
1.0   57.473578453063965
1.0   51.18793821334839
1.0   67.44503116607666
1.0   34.438523292541504
1.0   56.316402435302734
1.0   43.094841957092285
1.0   49.69706153869629
1.0   37.192121505737305
1.0   -5.766433477401733
1.0   32.06759023666382
1.0   2.008821487426758
1.0   49.66215658187866
1.0   39.58717393875122
1.0   40.982954025268555
1.0   58.41496467590332
1.0   -5.729213893413544
1.0   22.05706214904785
1.0   -5.6851208209991455
1.0   50.598790645599365
1.0   20.620303630828857
1.0   -2.210227608680725
1.0   -0.7230496406555176
1.0   40.344757080078125
0.0   -4.672493040561676
0.0   -4.186754643917084
0.0   -5.030170559883118
0.0   -5.170735836029053
0.0   -5.013211727142334
0.0   -4.3870155811309814
0.0   -4.888306736946106
0.0   -4.8377097845077515
0.0   -4.096494436264038
0.0   -2.1018165349960327
0.0   -5.264286577701569
0.0   -4.906671762466431
0.0   -5.241640090942383
0.0   0.13883543014526367
0.0   -4.172414422035217
0.0   -3.0070849657058716
0.0   -5.237744629383087
0.0   -0.5073089599609375
0.0   -4.843496143817902
0.0   -5.113341212272644
0.0   -4.434311628341675
0.0   -5.188753724098206
0.0   -5.054753482341766
0.0   -5.407031238079071
0.0   -4.921859800815582
0.0   -3.530551314353943
0.0   -4.3009796142578125
0.0   -4.7548134326934814
1.0   19.563719272613525
1.0   39.95056962966919
1.0   32.48141813278198
1.0   21.669057369232178
1.0   17.848140716552734
1.0   21.907678604125977
1.0   21.598994255065918
1.0   37.6560320854187
1.0   25.237089157104492
1.0   28.063124179840088
1.0   32.659088134765625
1.0   -1.5616106986999512
1.0   -3.106341242790222
1.0   -4.957610726356506
1.0   10.78248929977417
1.0   11.852102279663086
1.0   20.522650718688965
1.0   -0.7511281967163086
1.0   9.290433406829834
1.0   41.168028831481934
1.0   42.50479698181152
1.0   43.32814693450928
1.0   58.96936655044556
1.0   39.51033353805542
1.0   45.722389698028564
1.0   45.612316608428955
1.0   42.00737380981445
1.0   41.52579212188721
1.0   38.93401288986206
1.0   54.02093315124512
1.0   44.52830219268799
1.0   35.91707754135132
1.0   46.812878131866455
1.0   36.13998317718506
1.0   27.392043113708496
1.0   28.06078290939331
1.0   51.97886657714844
1.0   23.412885665893555
1.0   39.82228183746338
1.0   51.08087396621704
1.0   53.35771131515503
1.0   46.18808460235596
1.0   53.461591720581055
1.0   43.11332654953003
1.0   39.36264705657959
1.0   46.76815700531006
1.0   20.26431918144226
1.0   40.23543739318848
1.0   33.25904130935669
1.0   34.508033752441406
1.0   47.603487968444824
1.0   40.720075607299805
1.0   46.969234466552734
1.0   67.8538703918457
1.0   62.7256441116333
1.0   55.1972393989563
1.0   57.49111890792847
1.0   51.200209617614746
1.0   67.46668910980225
1.0   34.44056510925293
1.0   56.32895803451538
1.0   43.09827184677124
1.0   49.70549821853638
1.0   37.1913104057312
1.0   -5.776312351226807
1.0   32.064706802368164
1.0   1.9986371994018555
1.0   49.67636203765869
1.0   39.60476636886597
1.0   40.98538684844971
1.0   58.4315185546875
1.0   -5.739026427268982
1.0   22.050227165222168
1.0   -5.694880962371826
1.0   50.61025381088257
1.0   20.61949062347412
1.0   -2.2199957370758057
1.0   -0.731680154800415
1.0   40.34688091278076
0.0   -4.677254915237427
0.0   -4.191312670707703
0.0   -5.035164475440979
0.0   -5.175872445106506
0.0   -5.0182400941848755
0.0   -4.39156836271286
0.0   -4.89332777261734
0.0   -4.842618048191071
0.0   -4.100883066654205
0.0   -2.1067193746566772
0.0   -5.269454598426819
0.0   -4.91157191991806
0.0   -5.246818542480469
0.0   0.1343700885772705
0.0   -4.176887571811676
0.0   -3.0116411447525024
0.0   -5.242964029312134
0.0   -0.5119743347167969
0.0   -4.848431348800659
0.0   -5.118427097797394
0.0   -4.438951730728149
0.0   -5.193970739841461
0.0   -5.059845805168152
0.0   -5.412358522415161
0.0   -4.9267178773880005
0.0   -3.534906268119812
0.0   -4.305579364299774
0.0   -4.7596412897109985
1.0   19.570433139801025
1.0   39.97008514404297
1.0   32.49223327636719
1.0   21.674957752227783
1.0   17.852821826934814
1.0   21.91664981842041
1.0   21.607348442077637
1.0   37.67023181915283
1.0   25.24794101715088
1.0   28.074243545532227
1.0   32.667901039123535
1.0   -1.5671217441558838
1.0   -3.111011266708374
1.0   -4.962626039981842
1.0   10.783185005187988
1.0   11.852675914764404
1.0   20.530131340026855
1.0   -0.756181001663208
1.0   9.288126945495605
1.0   41.18494987487793
1.0   42.52254915237427
1.0   43.34771013259888
1.0   59.00084686279297
1.0   39.52394723892212
1.0   45.73933553695679
1.0   45.63198137283325
1.0   42.02017259597778
1.0   41.54653835296631
1.0   38.94758892059326
1.0   54.04579162597656
1.0   44.54447031021118
1.0   35.933048725128174
1.0   46.83115196228027
1.0   36.154296875
1.0   27.397986888885498
1.0   28.06829023361206
1.0   52.00171756744385
1.0   23.41577434539795
1.0   39.83336162567139
1.0   51.10303020477295
1.0   53.383385181427
1.0   46.20840072631836
1.0   53.48489761352539
1.0   43.13086271286011
1.0   39.37522315979004
1.0   46.78789520263672
1.0   20.26692271232605
1.0   40.24789905548096
1.0   33.26734685897827
1.0   34.51639938354492
1.0   47.6205415725708
1.0   40.73136520385742
1.0   46.983352184295654
1.0   67.88786268234253
1.0   62.7533016204834
1.0   55.22206783294678
1.0   57.51891326904297
1.0   51.22172164916992
1.0   67.49844074249268
1.0   34.45035266876221
1.0   56.35177421569824
1.0   43.110623359680176
1.0   49.72386598587036
1.0   37.198752880096436
1.0   -5.7819244265556335
1.0   32.070624351501465
1.0   1.9936959743499756
1.0   49.70113563537598
1.0   39.63223218917847
1.0   40.99728488922119
1.0   58.459495544433594
1.0   -5.744613409042358
1.0   22.05105972290039
1.0   -5.700431287288666
1.0   50.63093042373657
1.0   20.62548542022705
1.0   -2.225278377532959
1.0   -0.7360591888427734
1.0   40.35820293426514
0.0   -4.678277015686035
0.0   -4.192239940166473
0.0   -5.036278128623962
0.0   -5.177057147026062
0.0   -5.019420504570007
0.0   -4.392477035522461
0.0   -4.894477486610413
0.0   -4.843679130077362
0.0   -4.1017473340034485
0.0   -2.1087220907211304
0.0   -5.270658195018768
0.0   -4.91259241104126
0.0   -5.248034834861755
0.0   0.13311767578125
0.0   -4.177733421325684
0.0   -3.012947678565979
0.0   -5.244186639785767
0.0   -0.5133256912231445
0.0   -4.849557936191559
0.0   -5.1195473074913025
0.0   -4.439915060997009
0.0   -5.195165991783142
0.0   -5.0609869956970215
0.0   -5.413601517677307
0.0   -4.927723526954651
0.0   -3.53570020198822
0.0   -4.306483089923859
0.0   -4.7606518268585205
1.0   19.580952882766724
1.0   39.995776653289795
1.0   32.508750438690186
1.0   21.685669898986816
1.0   17.862332344055176
1.0   21.93130397796631
1.0   21.621386528015137
1.0   37.69080877304077
1.0   25.263957977294922
1.0   28.09080457687378
1.0   32.68238639831543
1.0   -1.568795919418335
1.0   -3.111809492111206
1.0   -4.963740825653076
1.0   10.788278579711914
1.0   11.857522010803223
1.0   20.542858123779297
1.0   -0.7576775550842285
1.0   9.289622783660889
1.0   41.20855379104614
1.0   42.54739999771118
1.0   43.3744478225708
1.0   59.04120492935181
1.0   39.54446601867676
1.0   45.76348829269409
1.0   45.65927171707153
1.0   42.03931474685669
1.0   41.574514865875244
1.0   38.96758842468262
1.0   54.07876110076904
1.0   44.56792688369751
1.0   35.95561218261719
1.0   46.8567008972168
1.0   36.17470169067383
1.0   27.40943479537964
1.0   28.080841779708862
1.0   52.032615661621094
1.0   23.42448616027832
1.0   39.85186147689819
1.0   51.13255596160889
1.0   53.41721534729004
1.0   46.23625087738037
1.0   53.5168342590332
1.0   43.155588150024414
1.0   39.39467144012451
1.0   46.81479740142822
1.0   20.274420738220215
1.0   40.26699447631836
1.0   33.281232833862305
1.0   34.53054428100586
1.0   47.64526176452637
1.0   40.7491888999939
1.0   47.0046591758728
1.0   67.9311203956604
1.0   62.790019035339355
1.0   55.25594139099121
1.0   57.555559158325195
1.0   51.250596046447754
1.0   67.53901290893555
1.0   34.4658145904541
1.0   56.38318347930908
1.0   43.129807472229004
1.0   49.749847412109375
1.0   37.21259117126465
1.0   -5.783259034156799
1.0   32.082969188690186
1.0   1.9930284023284912
1.0   49.73425245285034
1.0   39.66759395599365
1.0   41.01657247543335
1.0   58.49673557281494
1.0   -5.745957970619202
1.0   22.057241439819336
1.0   -5.701756119728088
1.0   50.659358501434326
1.0   20.636762142181396
1.0   -2.227658748626709
1.0   -0.7368195056915283
1.0   40.376532554626465
0.0   -4.677881240844727
0.0   -4.19173800945282
0.0   -5.035929322242737
0.0   -5.176694869995117
0.0   -5.019147634506226
0.0   -4.392010807991028
0.0   -4.8941603899002075
0.0   -4.84330153465271
0.0   -4.101284742355347
0.0   -2.1092904806137085
0.0   -5.270368695259094
0.0   -4.912172794342041
0.0   -5.247755527496338
0.0   0.13318395614624023
0.0   -4.177191257476807
0.0   -3.012906551361084
0.0   -5.243882477283478
0.0   -0.5133326053619385
0.0   -4.849246263504028
0.0   -5.119196176528931
0.0   -4.439472317695618
0.0   -5.194868564605713
0.0   -5.060634732246399
0.0   -5.413302183151245
0.0   -4.927299439907074
0.0   -3.535064935684204
0.0   -4.3059916496276855
0.0   -4.760215163230896
1.0   19.593640089035034
1.0   40.02458477020264
1.0   32.52792739868164
1.0   21.69874095916748
1.0   17.874215126037598
1.0   21.948474884033203
1.0   21.63798475265503
1.0   37.71461629867554
1.0   25.282557487487793
1.0   28.110228538513184
1.0   32.699684143066406
1.0   -1.5692455768585205
1.0   -3.110993504524231
1.0   -4.963389158248901
1.0   10.795373439788818
1.0   11.864327430725098
1.0   20.557857513427734
1.0   -0.7577061653137207
1.0   9.29278039932251
1.0   41.23469638824463
1.0   42.57539653778076
1.0   43.40377616882324
1.0   59.08529233932495
1.0   39.56759262084961
1.0   45.790424823760986
1.0   45.68940544128418
1.0   42.060959815979004
1.0   41.60531711578369
1.0   38.9901328086853
1.0   54.114641189575195
1.0   44.59403896331787
1.0   35.980751037597656
1.0   46.88529682159424
1.0   36.19749164581299
1.0   27.422852039337158
1.0   28.095727920532227
1.0   52.066575050354004
1.0   23.43562412261963
1.0   39.87305212020874
1.0   51.16492462158203
1.0   53.45418167114258
1.0   46.26708984375
1.0   53.55162048339844
1.0   43.183372020721436
1.0   39.416839599609375
1.0   46.84449481964111
1.0   20.283891677856445
1.0   40.28868627548218
1.0   33.297481060028076
1.0   34.546868324279785
1.0   47.67294692993164
1.0   40.76953077316284
1.0   47.02859306335449
1.0   67.97799015045166
1.0   62.830121994018555
1.0   55.29296875
1.0   57.595824241638184
1.0   51.28257894515991
1.0   67.58267831802368
1.0   34.48354911804199
1.0   56.41809368133545
1.0   43.151601791381836
1.0   49.77890491485596
1.0   37.22877788543701
1.0   -5.783009350299835
1.0   32.097585678100586
1.0   1.9941015243530273
1.0   49.770880699157715
1.0   39.706257343292236
1.0   41.03838777542114
1.0   58.53769588470459
1.0   -5.745713949203491
1.0   22.065733909606934
1.0   -5.701466917991638
1.0   50.69108057022095
1.0   20.650303840637207
1.0   -2.2287025451660156
1.0   -0.7359557151794434
1.0   40.39738845825195
0.0   -4.6779075264930725
0.0   -4.191633582115173
0.0   -5.035999119281769
0.0   -5.17676317691803
0.0   -5.019333720207214
0.0   -4.391946017742157
0.0   -4.894295275211334
0.0   -4.843364179134369
0.0   -4.101205766201019
0.0   -2.110656499862671
0.0   -5.2705197930336
0.0   -4.9121968150138855
0.0   -5.247932493686676
0.0   0.13265657424926758
0.0   -4.177035808563232
0.0   -3.0134024620056152
0.0   -5.244047820568085
0.0   -0.5139882564544678
0.0   -4.849363625049591
0.0   -5.1192954778671265
0.0   -4.439449071884155
0.0   -5.195029973983765
0.0   -5.060726284980774
0.0   -5.413442373275757
0.0   -4.927309632301331
0.0   -3.5348060131073
0.0   -4.305893301963806
0.0   -4.7601988315582275
1.0   19.60568857192993
1.0   40.053308963775635
1.0   32.5463171005249
1.0   21.711052894592285
1.0   17.88527011871338
1.0   21.965062141418457
1.0   21.654036045074463
1.0   37.7376651763916
1.0   25.300397872924805
1.0   28.12878704071045
1.0   32.716121673583984
1.0   -1.5704444646835327
1.0   -3.110463261604309
1.0   -4.963478446006775
1.0   10.801761627197266
1.0   11.870499610900879
1.0   20.572494506835938
1.0   -0.7585265636444092
1.0   9.295076847076416
1.0   41.26040458679199
1.0   42.602646827697754
1.0   43.43272876739502
1.0   59.12886428833008
1.0   39.59009790420532
1.0   45.816887855529785
1.0   45.71901893615723
1.0   42.08207702636719
1.0   41.63565635681152
1.0   39.01195049285889
1.0   54.15034103393555
1.0   44.61949825286865
1.0   36.00541114807129
1.0   46.91330337524414
1.0   36.21975326538086
1.0   27.435495376586914
1.0   28.109869718551636
1.0   52.100040435791016
1.0   23.44550132751465
1.0   39.893203258514404
1.0   51.196972370147705
1.0   53.490657806396484
1.0   46.297202587127686
1.0   53.58599662780762
1.0   43.21034622192383
1.0   39.43832874298096
1.0   46.873929500579834
1.0   20.29266333580017
1.0   40.30981206893921
1.0   33.31287479400635
1.0   34.56266260147095
1.0   47.70024061203003
1.0   40.78954076766968
1.0   47.052120208740234
1.0   68.02508020401001
1.0   62.870015144348145
1.0   55.3297119140625
1.0   57.635643005371094
1.0   51.31423377990723
1.0   67.62646102905273
1.0   34.50072479248047
1.0   56.45293092727661
1.0   43.17301940917969
1.0   49.8075966835022
1.0   37.24419546127319
1.0   -5.783250331878662
1.0   32.11132049560547
1.0   1.9944725036621094
1.0   49.807066917419434
1.0   39.74444103240967
1.0   41.059494972229004
1.0   58.578369140625
1.0   -5.745966196060181
1.0   22.072988510131836
1.0   -5.701699376106262
1.0   50.72277021408081
1.0   20.663297653198242
1.0   -2.230686664581299
1.0   -0.7356266975402832
1.0   40.41762828826904
0.0   -4.678598046302795
0.0   -4.1920788288116455
0.0   -5.036771774291992
0.0   -5.177491307258606
0.0   -5.0201815366744995
0.0   -4.392472445964813
0.0   -4.895110070705414
0.0   -4.8441002368927
0.0   -4.10169780254364
0.0   -2.1128244400024414
0.0   -5.271385490894318
0.0   -4.912922620773315
0.0   -5.248810172080994
0.0   0.1313002109527588
0.0   -4.177475392818451
0.0   -3.014506220817566
0.0   -5.244890809059143
0.0   -0.5155019760131836
0.0   -4.850128173828125
0.0   -5.120098888874054
0.0   -4.4400723576545715
0.0   -5.195892095565796
0.0   -5.061520576477051
0.0   -5.414295077323914
0.0   -4.928012490272522
0.0   -3.535019040107727
0.0   -4.306423604488373
0.0   -4.760817766189575
1.0   19.61720561981201
1.0   40.081634521484375
1.0   32.56407833099365
1.0   21.72261142730713
1.0   17.89563751220703
1.0   21.981191635131836
1.0   21.66946029663086
1.0   37.76003646850586
1.0   25.317843437194824
1.0   28.14695119857788
1.0   32.73146438598633
1.0   -1.572800636291504
1.0   -3.1104869842529297
1.0   -4.964282214641571
1.0   10.807204246520996
1.0   11.875572681427002
1.0   20.586609840393066
1.0   -0.7601985931396484
1.0   9.296518325805664
1.0   41.28515338897705
1.0   42.629334449768066
1.0   43.461326599121094
1.0   59.172152042388916
1.0   39.61163091659546
1.0   45.84248113632202
1.0   45.748140811920166
1.0   42.10206604003906
1.0   41.665629386901855
1.0   39.03300666809082
1.0   54.18518877029419
1.0   44.64411926269531
1.0   36.02980613708496
1.0   46.94037961959839
1.0   36.241580963134766
1.0   27.447203636169434
1.0   28.123387336730957
1.0   52.132962226867676
1.0   23.45438241958618
1.0   39.91235828399658
1.0   51.228111267089844
1.0   53.52667045593262
1.0   46.32687330245972
1.0   53.61979675292969
1.0   43.236958503723145
1.0   39.45891857147217
1.0   46.90258598327637
1.0   20.300591468811035
1.0   40.33009386062622
1.0   33.32744240760803
1.0   34.577256202697754
1.0   47.726318359375
1.0   40.808143615722656
1.0   47.074113845825195
1.0   68.07080078125
1.0   62.908724784851074
1.0   55.36550998687744
1.0   57.67476558685303
1.0   51.34505081176758
1.0   67.66892957687378
1.0   34.516828536987305
1.0   56.486473083496094
1.0   43.19295072555542
1.0   49.834967613220215
1.0   37.25822591781616
1.0   -5.784247875213623
1.0   32.12350654602051
1.0   1.9938650131225586
1.0   49.84278106689453
1.0   39.78266668319702
1.0   41.079312324523926
1.0   58.617812156677246
1.0   -5.746972978115082
1.0   22.078933715820312
1.0   -5.702660441398621
1.0   50.753689765930176
1.0   20.675713062286377
1.0   -2.2332780361175537
1.0   -0.7358095645904541
1.0   40.43584966659546
0.0   -4.676285743713379
0.0   -4.189608454704285
0.0   -5.034426331520081
0.0   -5.175002455711365
0.0   -5.017929375171661
0.0   -4.390077829360962
0.0   -4.892806529998779
0.0   -4.841761648654938
0.0   -4.099398374557495
0.0   -2.1120448112487793
0.0   -5.269055068492889
0.0   -4.910548090934753
0.0   -5.246486783027649
0.0   0.13300156593322754
0.0   -4.175032258033752
0.0   -3.0127124786376953
0.0   -5.242546558380127
0.0   -0.5139310359954834
0.0   -4.847819447517395
0.0   -5.117721915245056
0.0   -4.437719225883484
0.0   -5.193525075912476
0.0   -5.059124708175659
0.0   -5.4118874073028564
0.0   -4.925621032714844
0.0   -3.5323861837387085
0.0   -4.303988456726074
0.0   -4.758398652076721
1.0   19.63268518447876
1.0   40.115478515625
1.0   32.58732795715332
1.0   21.73909568786621
1.0   17.91071128845215
1.0   22.002261638641357
1.0   21.689906120300293
1.0   37.78842878341675
1.0   25.34009599685669
1.0   28.170433044433594
1.0   32.75231075286865
1.0   -1.5715343952178955
1.0   -3.1073060035705566
1.0   -4.961926758289337
1.0   10.816921710968018
1.0   11.885149478912354
1.0   20.605266094207764
1.0   -0.7584939002990723
1.0   9.301932334899902
1.0   41.315664291381836
1.0   42.66215133666992
1.0   43.495734214782715
1.0   59.22284412384033
1.0   39.63918685913086
1.0   45.874319076538086
1.0   45.78354501724243
1.0   42.12762260437012
1.0   41.70172739028931
1.0   39.059593200683594
1.0   54.22692537307739
1.0   44.67472219467163
1.0   36.05971813201904
1.0   46.97376871109009
1.0   36.2685923576355
1.0   27.463820695877075
1.0   28.141454696655273
1.0   52.172356605529785
1.0   23.46873140335083
1.0   39.93798494338989
1.0   51.26539134979248
1.0   53.569458961486816
1.0   46.36270809173584
1.0   53.66010093688965
1.0   43.269508361816406
1.0   39.48540258407593
1.0   46.93745708465576
1.0   20.31317949295044
1.0   40.355966567993164
1.0   33.34695816040039
1.0   34.59726572036743
1.0   47.759085178375244
1.0   40.83279275894165
1.0   47.10239505767822
1.0   68.12455749511719
1.0   62.95505237579346
1.0   55.408531188964844
1.0   57.721312522888184
1.0   51.38236093521118
1.0   67.71885585784912
1.0   34.53835964202881
1.0   56.52742290496826
1.0   43.219149589538574
1.0   49.86949157714844
1.0   37.27802228927612
1.0   -5.781799256801605
1.0   32.141828536987305
1.0   1.9972829818725586
1.0   49.88606786727905
1.0   39.82803535461426
1.0   41.10581874847412
1.0   58.665772914886475
1.0   -5.7445456981658936
1.0   22.09054946899414
1.0   -5.700217127799988
1.0   50.79101896286011
1.0   20.692906379699707
1.0   -2.232574701309204
1.0   -0.7327041625976562
1.0   40.46099853515625
0.0   -4.675308346748352
0.0   -4.188479781150818
0.0   -5.033447027206421
0.0   -5.174017906188965
0.0   -5.017059087753296
0.0   -4.388971209526062
0.0   -4.891948938369751
0.0   -4.840804636478424
0.0   -4.098322629928589
0.0   -2.1134653091430664
0.0   -5.2681645154953
0.0   -4.909542441368103
0.0   -5.245611488819122
0.0   0.1326436996459961
0.0   -4.173843622207642
0.0   -3.012590169906616
0.0   -5.241626024246216
0.0   -0.5144157409667969
0.0   -4.846914768218994
0.0   -5.116780161857605
0.0   -4.436722457408905
0.0   -5.192621231079102
0.0   -5.058175683021545
0.0   -5.410930395126343
0.0   -4.92460423707962
0.0   -3.5311144590377808
0.0   -4.3028982281684875
0.0   -4.757344484329224
1.0   19.64470362663269
1.0   40.14438724517822
1.0   32.6057333946228
1.0   21.751341819763184
1.0   17.921775341033936
1.0   22.019453048706055
1.0   21.70670986175537
1.0   37.811458587646484
1.0   25.357887744903564
1.0   28.189374923706055
1.0   32.76840114593506
1.0   -1.572871208190918
1.0   -3.1056950092315674
1.0   -4.9610050320625305
1.0   10.823254585266113
1.0   11.891294002532959
1.0   20.620325565338135
1.0   -0.7591631412506104
1.0   9.304041385650635
1.0   41.34074258804321
1.0   42.68973779678345
1.0   43.524502754211426
1.0   59.26677131652832
1.0   39.661513328552246
1.0   45.90063524246216
1.0   45.81315994262695
1.0   42.148539543151855
1.0   41.732216358184814
1.0   39.08133506774902
1.0   54.26259899139404
1.0   44.69998264312744
1.0   36.08435678482056
1.0   47.001891136169434
1.0   36.29085826873779
1.0   27.476178646087646
1.0   28.155638694763184
1.0   52.20600509643555
1.0   23.478169441223145
1.0   39.95784664154053
1.0   51.297261238098145
1.0   53.606443881988525
1.0   46.39279747009277
1.0   53.694403648376465
1.0   43.29640531539917
1.0   39.50653839111328
1.0   46.967098236083984
1.0   20.3217134475708
1.0   40.37693405151367
1.0   33.362269163131714
1.0   34.612751960754395
1.0   47.78606700897217
1.0   40.852379322052
1.0   47.125481605529785
1.0   68.17136859893799
1.0   62.99488639831543
1.0   55.44523620605469
1.0   57.76145076751709
1.0   51.41408443450928
1.0   67.76234722137451
1.0   34.55545616149902
1.0   56.56184959411621
1.0   43.2399959564209
1.0   49.898043155670166
1.0   37.29296350479126
1.0   -5.780942797660828
1.0   32.15460014343262
1.0   1.9981064796447754
1.0   49.92224979400635
1.0   39.86613750457764
1.0   41.126195430755615
1.0   58.70599842071533
1.0   -5.74368155002594
1.0   22.09720277786255
1.0   -5.699332118034363
1.0   50.822662353515625
1.0   20.706170082092285
1.0   -2.2338205575942993
1.0   -0.7316484451293945
1.0   40.48030185699463
0.0   -4.6746121644973755
0.0   -4.187577724456787
0.0   -5.032770752906799
0.0   -5.173247337341309
0.0   -5.016461074352264
0.0   -4.3881553411483765
0.0   -4.891333103179932
0.0   -4.840130865573883
0.0   -4.097537159919739
0.0   -2.1140894889831543
0.0   -5.267549216747284
0.0   -4.908826589584351
0.0   -5.245006620883942
0.0   0.13291120529174805
0.0   -4.172943830490112
0.0   -3.0122510194778442
0.0   -5.240980625152588
0.0   -0.5142807960510254
0.0   -4.846264839172363
0.0   -5.116118431091309
0.0   -4.435964822769165
0.0   -5.192002177238464
0.0   -5.057494401931763
0.0   -5.410260379314423
0.0   -4.923881411552429
0.0   -3.53000545501709
0.0   -4.302072882652283
0.0   -4.756558775901794
1.0   19.658089637756348
1.0   40.175782203674316
1.0   32.6266975402832
1.0   21.76545524597168
1.0   17.93453884124756
1.0   22.038262367248535
1.0   21.724740028381348
1.0   37.83682346343994
1.0   25.37769317626953
1.0   28.210509300231934
1.0   32.78645420074463
1.0   -1.5731918811798096
1.0   -3.104116439819336
1.0   -4.960348427295685
1.0   10.830921173095703
1.0   11.898804664611816
1.0   20.636923789978027
1.0   -0.7590179443359375
1.0   9.307692527770996
1.0   41.368531703948975
1.0   42.71989631652832
1.0   43.55625915527344
1.0   59.314276695251465
1.0   39.686570167541504
1.0   45.929872035980225
1.0   45.84584331512451
1.0   42.171443939208984
1.0   41.765581130981445
1.0   39.10605001449585
1.0   54.30127143859863
1.0   44.72756338119507
1.0   36.11211967468262
1.0   47.03266477584839
1.0   36.3157639503479
1.0   27.49087381362915
1.0   28.17195749282837
1.0   52.24260187149048
1.0   23.490079402923584
1.0   39.98041534423828
1.0   51.33164167404175
1.0   53.646196365356445
1.0   46.42567253112793
1.0   53.73195171356201
1.0   43.32625865936279
1.0   39.53049850463867
1.0   46.99935817718506
1.0   20.33217716217041
1.0   40.40036106109619
1.0   33.37964582443237
1.0   34.630322217941284
1.0   47.815975189208984
1.0   40.874370098114014
1.0   47.150959968566895
1.0   68.22125911712646
1.0   63.038010597229004
1.0   55.48516130447388
1.0   57.80476379394531
1.0   51.44834518432617
1.0   67.80880784988403
1.0   34.57461476325989
1.0   56.59933614730835
1.0   43.26332187652588
1.0   49.929771423339844
1.0   37.31020402908325
1.0   -5.7803274393081665
1.0   32.16993045806885
1.0   1.9995417594909668
1.0   49.96212196350098
1.0   39.90798377990723
1.0   41.14938163757324
1.0   58.749953746795654
1.0   -5.743100106716156
1.0   22.106330394744873
1.0   -5.69869065284729
1.0   50.8570613861084
1.0   20.721263885498047
1.0   -2.2338616847991943
1.0   -0.7301926612854004
1.0   40.501967430114746
