0.0   1.7103144526481628
0.0   0.8868023157119751
0.0   1.7370069026947021
0.0   0.7793552875518799
0.0   0.7391777038574219
0.0   1.0751408338546753
0.0   1.2611390948295593
0.0   1.5228798389434814
0.0   1.7686371803283691
0.0   1.186479091644287
0.0   1.4451990127563477
0.0   0.9214327335357666
0.0   0.8346271514892578
0.0   0.8401006460189819
0.0   6.9271581172943115
0.0   0.8675358295440674
0.0   0.812971830368042
0.0   0.9010177254676819
0.0   0.9937952756881714
0.0   0.7474895715713501
0.0   0.8346271514892578
0.0   0.9634197950363159
0.0   0.7585687637329102
0.0   0.7850693464279175
0.0   0.9181636571884155
0.0   1.4658907651901245
0.0   1.033915638923645
0.0   1.2109594345092773
0.0   0.8405501842498779
0.0   0.9163411855697632
0.0   3.33923602104187
0.0   0.9698017835617065
0.0   0.7619166374206543
0.0   0.9625382423400879
0.0   0.7500674724578857
0.0   1.1993670463562012
0.0   0.8429746627807617
0.0   1.3716233968734741
1.0   6.063038110733032
1.0   7.736545562744141
1.0   1.1008186340332031
1.0   2.4832613468170166
1.0   16.679071187973022
1.0   7.700181722640991
1.0   6.462000370025635
1.0   3.64006507396698
1.0   14.180573463439941
1.0   1.6425838470458984
1.0   1.4223273396492004
1.0   16.794561862945557
1.0   2.554829478263855
1.0   20.11001181602478
1.0   6.291362881660461
1.0   9.646406173706055
1.0   6.487901091575623
1.0   3.060167908668518
1.0   8.117146134376526
1.0   9.251105070114136
1.0   8.441519260406494
1.0   7.838117599487305
1.0   12.993999719619751
1.0   0.9093436002731323
1.0   1.172178864479065
1.0   0.9910463094711304
1.0   1.069080114364624
1.0   3.9542200565338135
1.0   11.173624277114868
1.0   11.196233034133911
1.0   1.198997139930725
0.0   -1.3996620774269104
0.0   -3.2943285703659058
0.0   -0.9282286167144775
0.0   -3.0577648282051086
0.0   -3.2015591263771057
0.0   -2.5831332206726074
0.0   -1.9233129024505615
0.0   -1.32450532913208
0.0   -0.9568611979484558
0.0   -2.2324329614639282
0.0   -1.981718897819519
0.0   -2.5161280035972595
0.0   -3.101603388786316
0.0   -3.174075126647949
0.0   6.849232196807861
0.0   -3.0679197311401367
0.0   -3.073349416255951
0.0   -2.962771773338318
0.0   -2.7727665305137634
0.0   -3.1877264976501465
0.0   -3.101603388786316
0.0   -2.8186899423599243
0.0   -3.1658464670181274
0.0   -3.204218864440918
0.0   -2.6684399843215942
0.0   -1.5846188068389893
0.0   -2.6910511255264282
0.0   -2.11775666475296
0.0   -3.2349902391433716
0.0   -3.0283851623535156
0.0   1.5347813367843628
0.0   -3.1970906257629395
0.0   -3.379486858844757
0.0   -3.2166824340820312
0.0   -3.226129412651062
0.0   -2.5052573680877686
0.0   -3.229640007019043
0.0   -2.0703567266464233
1.0   8.963564395904541
1.0   7.344890594482422
1.0   -2.241282105445862
1.0   2.308291733264923
1.0   21.160333156585693
1.0   7.129547476768494
1.0   5.442697525024414
1.0   2.392728090286255
1.0   19.20390033721924
1.0   -1.1065319776535034
1.0   -1.7051051259040833
1.0   18.415277004241943
1.0   0.4638993740081787
1.0   24.59515142440796
1.0   5.902305901050568
1.0   11.62365436553955
1.0   5.267774283885956
1.0   1.3358153104782104
1.0   7.987467348575592
1.0   11.42574667930603
1.0   9.904487133026123
1.0   11.744656085968018
1.0   13.623215436935425
1.0   -3.0075392723083496
1.0   -2.1692479848861694
1.0   -2.7561870217323303
1.0   -2.1427428126335144
1.0   2.717204213142395
1.0   13.447182178497314
1.0   13.340781688690186
1.0   -2.3343262672424316
0.0   -3.8094402551651
0.0   -6.155998408794403
0.0   -3.1352936029434204
0.0   -5.723242819309235
0.0   -5.90887588262558
0.0   -5.108508110046387
0.0   -4.295031309127808
0.0   -3.505218029022217
0.0   -3.208846390247345
0.0   -4.731694340705872
0.0   -4.500982880592346
0.0   -5.006767749786377
0.0   -5.826571226119995
0.0   -5.940437614917755
0.0   6.668978691101074
0.0   -5.797838807106018
0.0   -5.753973662853241
0.0   -5.631151080131531
0.0   -5.398653268814087
0.0   -5.8959269523620605
0.0   -5.826571226119995
0.0   -5.466523885726929
0.0   -5.881907105445862
0.0   -5.932297050952911
0.0   -5.196564316749573
0.0   -3.9756508469581604
0.0   -5.319440960884094
0.0   -4.489914834499359
0.0   -6.026836454868317
0.0   -5.773487985134125
0.0   0.20292985439300537
0.0   -6.056487560272217
0.0   -6.215353965759277
0.0   -6.078210830688477
0.0   -5.964152693748474
0.0   -5.144384741783142
0.0   -6.034938335418701
0.0   -4.5459728837013245
1.0   8.79453730583191
1.0   7.216454863548279
1.0   -4.706831693649292
1.0   1.4331547021865845
1.0   24.084125518798828
1.0   7.070749759674072
1.0   5.205311059951782
1.0   1.4606539011001587
1.0   21.696836948394775
1.0   -3.3688233494758606
1.0   -4.103281021118164
1.0   20.40372657775879
1.0   -1.0837808847427368
1.0   28.249320030212402
1.0   5.767941832542419
1.0   12.688365936279297
1.0   4.979233026504517
1.0   -0.0046759843826293945
1.0   8.30659294128418
1.0   12.44784951210022
1.0   10.553059101104736
1.0   11.844751179218292
1.0   14.653467297554016
1.0   -5.703222215175629
1.0   -4.65605902671814
1.0   -5.388921856880188
1.0   -4.545813083648682
1.0   1.7762560844421387
1.0   14.602764368057251
1.0   14.477264404296875
1.0   -4.837889492511749
0.0   -5.821828842163086
0.0   -8.478075742721558
0.0   -5.053961157798767
0.0   -7.907915115356445
0.0   -8.123561263084412
0.0   -7.191986560821533
0.0   -6.28272819519043
0.0   -5.389173924922943
0.0   -5.10935914516449
0.0   -6.793128728866577
0.0   -6.559039235115051
0.0   -7.0522876381874084
0.0   -8.04505330324173
0.0   -8.189715921878815
0.0   4.998187065124512
0.0   -8.019757866859436
0.0   -7.953675627708435
0.0   -7.7963239550590515
0.0   -7.512531816959381
0.0   -8.104225039482117
0.0   -8.04505330324173
0.0   -7.636375665664673
0.0   -8.094566345214844
0.0   -8.161194682121277
0.0   -7.286110937595367
0.0   -6.075087070465088
0.0   -7.486813426017761
0.0   -6.4236496686935425
0.0   -8.304055035114288
0.0   -7.991170942783356
0.0   -1.4918708801269531
0.0   -8.386555910110474
0.0   -8.52041107416153
0.0   -8.417324423789978
0.0   -8.202741384506226
0.0   -7.276863396167755
0.0   -8.308933854103088
0.0   -6.572711944580078
1.0   9.213414430618286
1.0   5.979814291000366
1.0   -6.789229214191437
1.0   -0.09608376026153564
1.0   22.552474975585938
1.0   5.889856576919556
1.0   4.082243919372559
1.0   -0.17012739181518555
1.0   19.42347002029419
1.0   -5.393685340881348
1.0   -6.117773652076721
1.0   19.767888069152832
1.0   -2.6828343868255615
1.0   27.018344163894653
1.0   4.622542381286621
1.0   11.186708450317383
1.0   3.9403162002563477
1.0   -1.4159841537475586
1.0   7.337751150131226
1.0   10.76787805557251
1.0   8.923830509185791
1.0   12.570428133010864
1.0   14.05373740196228
1.0   -7.906371772289276
1.0   -6.749095141887665
1.0   -7.5615814328193665
1.0   -6.573694229125977
1.0   0.14727997779846191
1.0   12.508784770965576
1.0   12.384549379348755
1.0   -6.917193055152893
0.0   -6.259943723678589
0.0   -9.170020461082458
0.0   -5.50065678358078
0.0   -8.533011019229889
0.0   -8.782075762748718
0.0   -7.78452342748642
0.0   -6.786754846572876
0.0   -5.835341453552246
0.0   -5.525450587272644
0.0   -7.349466472864151
0.0   -7.111534357070923
0.0   -7.657589137554169
0.0   -8.701061010360718
0.0   -8.849850118160248
0.0   4.467436790466309
0.0   -8.671397656202316
0.0   -8.588484823703766
0.0   -8.399369716644287
0.0   -8.10036027431488
0.0   -8.752557128667831
0.0   -8.701061010360718
0.0   -8.238657593727112
0.0   -8.747647941112518
0.0   -8.826379805803299
0.0   -7.8887059688568115
0.0   -6.575672209262848
0.0   -8.15214991569519
0.0   -6.871951937675476
0.0   -8.953292697668076
0.0   -8.586053133010864
0.0   -1.8596813678741455
0.0   -9.076664417982101
0.0   -9.197474837303162
0.0   -9.112083852291107
0.0   -8.851074010133743
0.0   -7.89341926574707
0.0   -8.970807701349258
0.0   -7.037738680839539
1.0   11.153334259986877
1.0   5.98333477973938
1.0   -7.431406915187836
1.0   -0.35795891284942627
1.0   22.147565603256226
1.0   5.948299884796143
1.0   4.127986669540405
1.0   -0.5514957904815674
1.0   18.417794942855835
1.0   -5.854768991470337
1.0   -6.702122628688812
1.0   20.04295778274536
1.0   -2.995675206184387
1.0   26.8981511592865
1.0   4.547397136688232
1.0   10.836118221282959
1.0   4.021695852279663
1.0   -1.596449613571167
1.0   7.4397594928741455
1.0   10.333524465560913
1.0   8.443846702575684
1.0   14.75636112689972
1.0   14.390445470809937
1.0   -8.549718976020813
1.0   -7.3779560923576355
1.0   -8.206984221935272
1.0   -7.1318197548389435
1.0   -0.1908278465270996
1.0   11.65763545036316
1.0   11.541229963302612
1.0   -7.519966900348663
0.0   -5.582041501998901
0.0   -8.482049018144608
0.0   -4.8749788999557495
0.0   -7.884635925292969
0.0   -8.085819005966187
0.0   -7.1403243243694305
0.0   -6.151728630065918
0.0   -5.2132426500320435
0.0   -4.899808406829834
0.0   -6.7116172313690186
0.0   -6.521024584770203
0.0   -7.0854580998420715
0.0   -8.077146112918854
0.0   -8.18437123298645
0.0   4.959517002105713
0.0   -7.992983460426331
0.0   -7.941052138805389
0.0   -7.717423975467682
0.0   -7.459549307823181
0.0   -8.075567454099655
0.0   -8.077146112918854
0.0   -7.572474032640457
0.0   -8.049592673778534
0.0   -8.083299994468689
0.0   -7.2407854199409485
0.0   -5.912441730499268
0.0   -7.5482534766197205
0.0   -6.213263154029846
0.0   -8.189599633216858
0.0   -7.838465690612793
0.0   -1.237101435661316
0.0   -8.31775027513504
0.0   -8.415414333343506
0.0   -8.38577064871788
0.0   -8.064757525920868
0.0   -7.2549567222595215
0.0   -8.250712007284164
0.0   -6.351407945156097
1.0   13.70984673500061
1.0   6.766464710235596
1.0   -6.827236473560333
1.0   0.31148862838745117
1.0   23.048573970794678
1.0   6.777369737625122
1.0   4.971437454223633
1.0   0.03956639766693115
1.0   19.235142469406128
1.0   -5.2370341420173645
1.0   -6.143628895282745
1.0   21.032976150512695
1.0   -2.3937121629714966
1.0   28.074344396591187
1.0   5.225644588470459
1.0   11.64243483543396
1.0   4.855218172073364
1.0   -0.9383853673934937
1.0   8.225038170814514
1.0   11.154876232147217
1.0   9.06003189086914
1.0   17.446654796600342
1.0   15.40706992149353
1.0   -7.883647948503494
1.0   -6.8135097324848175
1.0   -7.605065882205963
1.0   -6.54810693860054
1.0   0.4133564233779907
1.0   12.226040124893188
1.0   12.106821537017822
1.0   -6.8358824253082275
0.0   -4.81121438741684
0.0   -7.521323502063751
0.0   -4.141968131065369
0.0   -6.998326808214188
0.0   -7.168310046195984
0.0   -6.332269132137299
0.0   -5.399739325046539
0.0   -4.458115339279175
0.0   -4.214390575885773
0.0   -5.921506583690643
0.0   -5.755522131919861
0.0   -6.244850218296051
0.0   -7.1904274225234985
0.0   -7.257996499538422
0.0   5.78843092918396
0.0   -7.097769379615784
0.0   -7.046956419944763
0.0   -6.849280834197998
0.0   -6.629510760307312
0.0   -7.166365146636963
0.0   -7.1904274225234985
0.0   -6.6953284740448
0.0   -7.129656225442886
0.0   -7.149169385433197
0.0   -6.4085447788238525
0.0   -5.152279913425446
0.0   -6.680895566940308
0.0   -5.438469350337982
0.0   -7.256481051445007
0.0   -6.917964994907379
0.0   -0.5416353940963745
0.0   -7.362463653087616
0.0   -7.443908184766769
0.0   -7.430856317281723
0.0   -7.155026078224182
0.0   -6.413905501365662
0.0   -7.324093163013458
0.0   -5.569183349609375
1.0   15.36906623840332
1.0   7.487157464027405
1.0   -6.033480226993561
1.0   1.0548311471939087
1.0   24.464391708374023
1.0   7.458392858505249
1.0   5.644664525985718
1.0   0.7351503372192383
1.0   21.0609450340271
1.0   -4.540881276130676
1.0   -5.336629331111908
1.0   22.085411071777344
1.0   -1.752550721168518
1.0   29.909022331237793
1.0   5.8650336265563965
1.0   12.751585483551025
1.0   5.530683279037476
1.0   -0.31233227252960205
1.0   8.896964073181152
1.0   12.354750394821167
1.0   10.00766634941101
1.0   19.11702299118042
1.0   16.35105276107788
1.0   -6.999507039785385
1.0   -5.99355348944664
1.0   -6.744274735450745
1.0   -5.74164679646492
1.0   1.0601377487182617
1.0   13.497129917144775
1.0   13.384406089782715
1.0   -6.0363757610321045
0.0   -3.6932671666145325
0.0   -6.127343058586121
0.0   -3.0902270078659058
0.0   -5.702172696590424
0.0   -5.848462402820587
0.0   -5.117367088794708
0.0   -4.250123560428619
0.0   -3.3641610145568848
0.0   -3.1640974283218384
0.0   -4.725168585777283
0.0   -4.571806073188782
0.0   -4.927698135375977
0.0   -5.868084579706192
0.0   -5.9151648581027985
0.0   6.988027095794678
0.0   -5.780684232711792
0.0   -5.737780660390854
0.0   -5.562725067138672
0.0   -5.359985947608948
0.0   -5.846627861261368
0.0   -5.868084579706192
0.0   -5.388208419084549
0.0   -5.8083717823028564
0.0   -5.805518090724945
0.0   -5.155015647411346
0.0   -4.0231019258499146
0.0   -5.398690313100815
0.0   -4.300693333148956
0.0   -5.888704478740692
0.0   -5.5686425268650055
0.0   0.42409753799438477
0.0   -5.969597697257996
0.0   -6.053322046995163
0.0   -6.033222079277039
0.0   -5.812523305416107
0.0   -5.14597886800766
0.0   -5.9668800830841064
0.0   -4.420910179615021
1.0   16.77083396911621
1.0   8.296240091323853
1.0   -4.804648697376251
1.0   2.1181687116622925
1.0   26.0827374458313
1.0   8.181891798973083
1.0   6.3441139459609985
1.0   1.7142207622528076
1.0   23.39167070388794
1.0   -3.494582772254944
1.0   -4.134621500968933
1.0   22.992117404937744
1.0   -0.7936109304428101
1.0   31.84308433532715
1.0   6.566403031349182
1.0   14.069307327270508
1.0   6.18577042222023
1.0   0.5358328819274902
1.0   9.606516599655151
1.0   13.86829423904419
1.0   11.26242709159851
1.0   20.52066421508789
1.0   17.180631160736084
1.0   -5.6966636180877686
1.0   -4.760893285274506
1.0   -5.461563229560852
1.0   -4.516781121492386
1.0   1.960418701171875
1.0   15.276339292526245
1.0   15.136133193969727
1.0   -4.818319320678711
0.0   -2.663575291633606
0.0   -4.739140659570694
0.0   -2.1202459037303925
0.0   -4.411373257637024
0.0   -4.541424095630646
0.0   -3.9071609377861023
0.0   -3.1136520504951477
0.0   -2.3625999689102173
0.0   -2.214938759803772
0.0   -3.5444383025169373
0.0   -3.3923911452293396
0.0   -3.629624366760254
0.0   -4.550473690032959
0.0   -4.57527768611908
0.0   7.341469764709473
0.0   -4.464182764291763
0.0   -4.431325256824493
0.0   -4.268857896327972
0.0   -4.087843179702759
0.0   -4.538142263889313
0.0   -4.550473690032959
0.0   -4.086684048175812
0.0   -4.49879378080368
0.0   -4.478813469409943
0.0   -3.9132922887802124
0.0   -2.9078462719917297
0.0   -4.132256895303726
0.0   -3.1722372174263
0.0   -4.521506071090698
0.0   -4.224623084068298
0.0   1.0327188968658447
0.0   -4.578691273927689
0.0   -4.6745805740356445
0.0   -4.636999279260635
0.0   -4.469662308692932
0.0   -3.88357675075531
0.0   -4.609205007553101
0.0   -3.300348401069641
1.0   18.076430797576904
1.0   8.278802990913391
1.0   -3.5705018043518066
1.0   2.7657034397125244
1.0   25.177988529205322
1.0   8.088504195213318
1.0   6.2942410707473755
1.0   2.228548765182495
1.0   23.161031246185303
1.0   -2.4724762439727783
1.0   -2.977914869785309
1.0   22.09902811050415
1.0   -0.02283608913421631
1.0   30.745816946029663
1.0   6.5562708377838135
1.0   13.887617111206055
1.0   6.213114023208618
1.0   1.0538042187690735
1.0   9.388628005981445
1.0   13.781840920448303
1.0   11.214584589004517
1.0   21.7616229057312
1.0   16.71580934524536
1.0   -4.380316317081451
1.0   -3.5212711691856384
1.0   -4.180664271116257
1.0   -3.3244665563106537
1.0   2.365026593208313
1.0   15.497650623321533
1.0   15.31913423538208
1.0   -3.6166887879371643
0.0   -2.156550645828247
0.0   -3.9254475235939026
0.0   -1.6145980954170227
0.0   -3.6715396642684937
0.0   -3.787246972322464
0.0   -3.225271701812744
0.0   -2.4868345260620117
0.0   -1.7936513423919678
0.0   -1.6895803213119507
0.0   -2.897321879863739
0.0   -2.7293797731399536
0.0   -2.8783689737319946
0.0   -3.788308411836624
0.0   -3.804275631904602
0.0   6.955134987831116
0.0   -3.709729641675949
0.0   -3.676138460636139
0.0   -3.525624394416809
0.0   -3.3612449169158936
0.0   -3.786757379770279
0.0   -3.788308411836624
0.0   -3.327092081308365
0.0   -3.7467296719551086
0.0   -3.7119495272636414
0.0   -3.2137120962142944
0.0   -2.3273208141326904
0.0   -3.4032391905784607
0.0   -2.5509655475616455
0.0   -3.729451984167099
0.0   -3.448981821537018
0.0   1.1121509671211243
0.0   -3.7718568444252014
0.0   -3.8733652234077454
0.0   -3.8298510909080505
0.0   -3.6938154101371765
0.0   -3.181954801082611
0.0   -3.825797379016876
0.0   -2.6583606004714966
1.0   18.523330450057983
1.0   7.549405813217163
1.0   -2.873797059059143
1.0   3.037530779838562
1.0   23.043138027191162
1.0   7.286401391029358
1.0   5.633298754692078
1.0   2.243324100971222
1.0   21.599186897277832
1.0   -1.9403739273548126
1.0   -2.3567866683006287
1.0   20.266703605651855
1.0   0.24601471424102783
1.0   28.35226583480835
1.0   5.985944390296936
1.0   12.787525653839111
1.0   5.815638542175293
1.0   1.180209755897522
1.0   8.520720481872559
1.0   12.773481369018555
1.0   10.310340642929077
1.0   22.097320079803467
1.0   15.517786979675293
1.0   -3.615428000688553
1.0   -2.7739624977111816
1.0   -3.442357987165451
1.0   -2.668436676263809
1.0   2.292046904563904
1.0   14.709923267364502
1.0   14.488044023513794
1.0   -2.9349564909934998
0.0   -2.137048900127411
0.0   -3.881204307079315
0.0   -1.5950798392295837
0.0   -3.633174240589142
0.0   -3.747663378715515
0.0   -3.191460609436035
0.0   -2.4565526247024536
0.0   -1.7679958045482635
0.0   -1.6718186736106873
0.0   -2.86659574508667
0.0   -2.696145176887512
0.0   -2.839515447616577
0.0   -3.7482638359069824
0.0   -3.7638509273529053
0.0   6.874439001083374
0.0   -3.6704757809638977
0.0   -3.6367183923721313
0.0   -3.4864678978919983
0.0   -3.3239227533340454
0.0   -3.747556686401367
0.0   -3.7482638359069824
0.0   -3.286642849445343
0.0   -3.707930088043213
0.0   -3.6712937355041504
0.0   -3.1780062317848206
0.0   -2.304585874080658
0.0   -3.365418493747711
0.0   -2.524034857749939
0.0   -3.68732887506485
0.0   -3.407374620437622
0.0   1.0943747758865356
0.0   -3.7287636399269104
0.0   -3.830860733985901
0.0   -3.7863014936447144
0.0   -3.6524471044540405
0.0   -3.1475996375083923
0.0   -3.7842445969581604
0.0   -2.6289612650871277
1.0   18.517500162124634
1.0   7.441387176513672
1.0   -2.839722216129303
1.0   3.020451307296753
1.0   22.767013788223267
1.0   7.169921278953552
1.0   5.5403666496276855
1.0   2.214983582496643
1.0   21.361496210098267
1.0   -1.9162763357162476
1.0   -2.3297656774520874
1.0   20.050273895263672
1.0   0.2428538203239441
1.0   28.050424098968506
1.0   5.897507667541504
1.0   12.629309892654419
1.0   5.7508968114852905
1.0   1.1658062934875488
1.0   8.407058596611023
1.0   12.62252652645111
1.0   10.178600907325745
1.0   22.077248096466064
1.0   15.367003679275513
1.0   -3.575050473213196
1.0   -2.7359336614608765
1.0   -3.4036401510238647
1.0   -2.6373797059059143
1.0   2.2594529390335083
1.0   14.574229955673218
1.0   14.348529815673828
1.0   -2.9007179141044617
0.0   -2.128346085548401
0.0   -3.8494958877563477
0.0   -1.5887960493564606
0.0   -3.606539785861969
0.0   -3.7198304533958435
0.0   -3.168497681617737
0.0   -2.438095301389694
0.0   -1.7570734918117523
0.0   -1.6683266162872314
0.0   -2.8450396060943604
0.0   -2.6728736758232117
0.0   -2.8154817819595337
0.0   -3.7201709151268005
0.0   -3.7354159355163574
0.0   6.791837573051453
0.0   -3.6428956389427185
0.0   -3.6091875433921814
0.0   -3.458618700504303
0.0   -3.2976231575012207
0.0   -3.7200382351875305
0.0   -3.7201709151268005
0.0   -3.25791198015213
0.0   -3.6809404492378235
0.0   -3.643154799938202
0.0   -3.1541596353054047
0.0   -2.293379992246628
0.0   -3.3397727012634277
0.0   -2.5072092413902283
0.0   -3.65751314163208
0.0   -3.3774791061878204
0.0   1.073323369026184
0.0   -3.698246121406555
0.0   -3.8010733127593994
0.0   -3.75485497713089
0.0   -3.623477816581726
0.0   -3.124446749687195
0.0   -3.7548837065696716
0.0   -2.6108468174934387
1.0   18.52518892288208
1.0   7.347801566123962
1.0   -2.8195247650146484
1.0   2.9766950607299805
1.0   22.514595985412598
1.0   7.073152184486389
1.0   5.463419318199158
1.0   2.1785138845443726
1.0   21.113154649734497
1.0   -1.9064360558986664
1.0   -2.313922882080078
1.0   19.88263487815857
1.0   0.2304149866104126
1.0   27.783990383148193
1.0   5.81946063041687
1.0   12.47740638256073
1.0   5.69574636220932
1.0   1.1433092951774597
1.0   8.314109086990356
1.0   12.471308708190918
1.0   10.046347737312317
1.0   22.077258110046387
1.0   15.250263690948486
1.0   -3.546528398990631
1.0   -2.7141151428222656
1.0   -3.3771041929721832
1.0   -2.6193354427814484
1.0   2.218551814556122
1.0   14.433004140853882
1.0   14.205711603164673
1.0   -2.8791854679584503
0.0   -2.0886242389678955
0.0   -3.786657989025116
0.0   -1.5528793334960938
0.0   -3.5506635904312134
0.0   -3.6625508666038513
0.0   -3.1164666414260864
0.0   -2.390570282936096
0.0   -1.7178524434566498
0.0   -1.6331548690795898
0.0   -2.7929643988609314
0.0   -2.6192617416381836
0.0   -2.764498710632324
0.0   -3.6603698134422302
0.0   -3.675256311893463
0.0   6.758855819702148
0.0   -3.5852505564689636
0.0   -3.551598906517029
0.0   -3.400088310241699
0.0   -3.2405179738998413
0.0   -3.6620959043502808
0.0   -3.6603698134422302
0.0   -3.1990567445755005
0.0   -3.623471260070801
0.0   -3.5860092639923096
0.0   -3.101342797279358
0.0   -2.250968635082245
0.0   -3.2842883467674255
0.0   -2.4614929258823395
0.0   -3.5967429876327515
0.0   -3.3159213066101074
0.0   1.087674617767334
0.0   -3.636622667312622
0.0   -3.740488052368164
0.0   -3.690695643424988
0.0   -3.565069258213043
0.0   -3.0700197219848633
0.0   -3.6943401098251343
0.0   -2.561667501926422
1.0   18.609126329421997
1.0   7.326928019523621
1.0   -2.770736575126648
1.0   2.95871365070343
1.0   22.372169971466064
1.0   7.053788185119629
1.0   5.455942749977112
1.0   2.1794715523719788
1.0   20.944169998168945
1.0   -1.867330014705658
1.0   -2.268357753753662
1.0   19.83847188949585
1.0   0.2500579357147217
1.0   27.656442880630493
1.0   5.796732783317566
1.0   12.40052056312561
1.0   5.705674052238464
1.0   1.1594208478927612
1.0   8.29358685016632
1.0   12.389492511749268
1.0   9.978212118148804
1.0   22.1611967086792
1.0   15.23120641708374
1.0   -3.4867506623268127
1.0   -2.6663064062595367
1.0   -3.3204029500484467
1.0   -2.571948289871216
1.0   2.2180718779563904
1.0   14.349104642868042
1.0   14.124162673950195
1.0   -2.8281606435775757
0.0   -2.0199973583221436
0.0   -3.697352707386017
0.0   -1.489420771598816
0.0   -3.4680970311164856
0.0   -3.578123927116394
0.0   -3.037328362464905
0.0   -2.317889988422394
0.0   -1.6539891362190247
0.0   -1.570137619972229
0.0   -2.7146501541137695
0.0   -2.53969806432724
0.0   -2.690154492855072
0.0   -3.5735297799110413
0.0   -3.587051033973694
0.0   6.777262091636658
0.0   -3.499999701976776
0.0   -3.4674094319343567
0.0   -3.3154300451278687
0.0   -3.157006084918976
0.0   -3.576409786939621
0.0   -3.5735297799110413
0.0   -3.113189220428467
0.0   -3.5384520292282104
0.0   -3.501815974712372
0.0   -3.0232160091400146
0.0   -2.1811782717704773
0.0   -3.2023046910762787
0.0   -2.38883638381958
0.0   -3.5079633593559265
0.0   -3.228023737668991
0.0   1.1356894969940186
0.0   -3.5478975772857666
0.0   -3.6528468132019043
0.0   -3.5989286303520203
0.0   -3.479287624359131
0.0   -2.9878956079483032
0.0   -3.606853485107422
0.0   -2.48512065410614
1.0   18.76423931121826
1.0   7.378698945045471
1.0   -2.6963322460651398
1.0   2.9655425548553467
1.0   22.35116147994995
1.0   7.111138224601746
1.0   5.516856551170349
1.0   2.2165377140045166
1.0   20.870580673217773
1.0   -1.802811086177826
1.0   -2.196923017501831
1.0   19.91868281364441
1.0   0.29956793785095215
1.0   27.672218799591064
1.0   5.828546404838562
1.0   12.40210509300232
1.0   5.77572226524353
1.0   1.2094817757606506
1.0   8.343215227127075
1.0   12.381429553031921
1.0   9.978328704833984
1.0   22.324045181274414
1.0   15.30658745765686
1.0   -3.4002876579761505
1.0   -2.5954424142837524
1.0   -3.237716019153595
1.0   -2.499725878238678
1.0   2.2562524676322937
1.0   14.331791400909424
1.0   14.112796545028687
1.0   -2.750847637653351
0.0   -1.9197871088981628
0.0   -3.5758127570152283
0.0   -1.3950212597846985
0.0   -3.355020225048065
0.0   -3.463441640138626
0.0   -2.929054617881775
0.0   -2.216617226600647
0.0   -1.5598515272140503
0.0   -1.4759616255760193
0.0   -2.6062039136886597
0.0   -2.431549906730652
0.0   -2.5890196561813354
0.0   -3.4567200541496277
0.0   -3.4686660766601562
0.0   6.8496938943862915
0.0   -3.384190797805786
0.0   -3.3530825674533844
0.0   -3.201687455177307
0.0   -3.044230818748474
0.0   -3.460819959640503
0.0   -3.4567200541496277
0.0   -2.998984932899475
0.0   -3.4237201511859894
0.0   -3.3870328068733215
0.0   -2.916246175765991
0.0   -2.079869329929352
0.0   -3.0908321142196655
0.0   -2.2848730981349945
0.0   -3.388158142566681
0.0   -3.110603153705597
0.0   1.2209848761558533
0.0   -3.426970422267914
0.0   -3.5337544083595276
0.0   -3.4761080741882324
0.0   -3.362283408641815
0.0   -2.8751720190048218
0.0   -3.487295150756836
0.0   -2.378390908241272
1.0   18.978347778320312
1.0   7.496661186218262
1.0   -2.5929238200187683
1.0   3.0081505179405212
1.0   22.446610927581787
1.0   7.238954782485962
1.0   5.640782952308655
1.0   2.2929245829582214
1.0   20.90080952644348
1.0   -1.7081710994243622
1.0   -2.0958943367004395
1.0   20.10114336013794
1.0   0.38108211755752563
1.0   27.82733917236328
1.0   5.912682056427002
1.0   12.486622333526611
1.0   5.901482939720154
1.0   1.295436441898346
1.0   8.457788705825806
1.0   12.444196462631226
1.0   10.048779726028442
1.0   22.555674076080322
1.0   15.465304851531982
1.0   -3.283265233039856
1.0   -2.497530311346054
1.0   -3.125900149345398
1.0   -2.398789167404175
1.0   2.335562527179718
1.0   14.385947704315186
1.0   14.174626350402832
1.0   -2.643769145011902
0.0   -1.784994125366211
0.0   -3.4197418689727783
0.0   -1.2673815190792084
0.0   -3.209053188562393
0.0   -3.3149452209472656
0.0   -2.7882519960403442
0.0   -2.0835845172405243
0.0   -1.4339382946491241
0.0   -1.349257230758667
0.0   -2.466286778450012
0.0   -2.2928950786590576
0.0   -2.4588648080825806
0.0   -3.3073939085006714
0.0   -3.3174346685409546
0.0   6.989584684371948
0.0   -3.235080063343048
0.0   -3.2057474851608276
0.0   -3.0561976432800293
0.0   -2.89954674243927
0.0   -3.311847507953644
0.0   -3.3073939085006714
0.0   -2.8537701964378357
0.0   -3.2763434052467346
0.0   -3.2394246459007263
0.0   -2.7775470316410065
0.0   -1.9449540674686432
0.0   -2.9470423460006714
0.0   -2.1470297276973724
0.0   -3.234447181224823
0.0   -2.9598196744918823
0.0   1.3491304516792297
0.0   -3.270890474319458
0.0   -3.37883198261261
0.0   -3.318797767162323
0.0   -3.2119471728801727
0.0   -2.729281783103943
0.0   -3.33362352848053
0.0   -2.23733252286911
1.0   19.23253345489502
1.0   7.6932761669158936
1.0   -2.4585962295532227
1.0   3.087972402572632
1.0   22.694122314453125
1.0   7.450482726097107
1.0   5.838892698287964
1.0   2.4142603874206543
1.0   21.070438385009766
1.0   -1.581677407026291
1.0   -1.9621762037277222
1.0   20.42181634902954
1.0   0.4980434775352478
1.0   28.163297414779663
1.0   6.060452461242676
1.0   12.673573970794678
1.0   6.093039631843567
1.0   1.422087848186493
1.0   8.65053105354309
1.0   12.608497738838196
1.0   10.209031581878662
1.0   22.833702087402344
1.0   15.726706504821777
1.0   -3.133886158466339
1.0   -2.372037649154663
1.0   -2.9821562469005585
1.0   -2.2657716870307922
1.0   2.462062656879425
1.0   14.531283617019653
1.0   14.330108165740967
1.0   -2.504520058631897
0.0   -1.680921733379364
0.0   -3.2963814735412598
0.0   -1.1716404557228088
0.0   -3.0940134525299072
0.0   -3.1976528763771057
0.0   -2.6776926517486572
0.0   -1.978833556175232
0.0   -1.340303897857666
0.0   -1.2555080652236938
0.0   -2.357263922691345
0.0   -2.1847527027130127
0.0   -2.3590394258499146
0.0   -3.189716100692749
0.0   -3.1983197927474976
0.0   7.0896782875061035
0.0   -3.117637574672699
0.0   -3.0893661975860596
0.0   -2.941481292247772
0.0   -2.7855491638183594
0.0   -3.193980574607849
0.0   -3.189716100692749
0.0   -2.7390607595443726
0.0   -3.1594958305358887
0.0   -3.122788667678833
0.0   -2.6679843366146088
0.0   -1.8413989543914795
0.0   -2.833778828382492
0.0   -2.0396418273448944
0.0   -3.1125913858413696
0.0   -2.8404533863067627
0.0   1.4433053731918335
0.0   -3.1481199264526367
0.0   -3.2566970586776733
0.0   -3.1943185329437256
0.0   -3.0929270684719086
0.0   -2.615008234977722
0.0   -3.212266206741333
0.0   -2.1277554631233215
1.0   19.406436443328857
1.0   7.839523792266846
1.0   -2.3551105260849
1.0   3.1293734312057495
1.0   22.870115756988525
1.0   7.612472057342529
1.0   5.991379022598267
1.0   2.502930462360382
1.0   21.169893264770508
1.0   -1.4858648478984833
1.0   -1.8590430617332458
1.0   20.67603373527527
1.0   0.5845748782157898
1.0   28.414599895477295
1.0   6.170968651771545
1.0   12.80190134048462
1.0   6.24018919467926
1.0   1.5154547691345215
1.0   8.799461841583252
1.0   12.717819929122925
1.0   10.32098114490509
1.0   23.027005672454834
1.0   15.931337118148804
1.0   -3.0160041451454163
1.0   -2.277871400117874
1.0   -2.8684773445129395
1.0   -2.1624666154384613
1.0   2.5525755286216736
1.0   14.62293553352356
1.0   14.432790279388428
1.0   -2.395668387413025
0.0   -1.6049972176551819
0.0   -3.2039449214935303
0.0   -1.1052298843860626
0.0   -3.0081062614917755
0.0   -3.1099446415901184
0.0   -2.5957566499710083
0.0   -1.9020975828170776
0.0   -1.2763105928897858
0.0   -1.192878782749176
0.0   -2.276943802833557
0.0   -2.1031200885772705
0.0   -2.285097360610962
0.0   -3.101755827665329
0.0   -3.1093862652778625
0.0   7.157031059265137
0.0   -3.030143916606903
0.0   -3.002563238143921
0.0   -2.856043517589569
0.0   -2.7007921934127808
0.0   -3.105863571166992
0.0   -3.101755827665329
0.0   -2.6535485982894897
0.0   -3.072287678718567
0.0   -3.0356154441833496
0.0   -2.5863426327705383
0.0   -1.7669284641742706
0.0   -2.749269872903824
0.0   -1.9607370793819427
0.0   -3.0216764211654663
0.0   -2.7513490319252014
0.0   1.5099899768829346
0.0   -3.0564789175987244
0.0   -3.1655452251434326
0.0   -3.101251244544983
0.0   -3.004249155521393
0.0   -2.530096173286438
0.0   -3.1217554807662964
0.0   -2.047587752342224
1.0   19.51260471343994
1.0   7.947505950927734
1.0   -2.2798498272895813
1.0   3.134900689125061
1.0   22.994945526123047
1.0   7.734464645385742
1.0   6.106812477111816
1.0   2.5607783794403076
1.0   21.216640949249268
1.0   -1.4194424152374268
1.0   -1.784959852695465
1.0   20.881444454193115
1.0   0.6432793736457825
1.0   28.60182547569275
1.0   6.252290725708008
1.0   12.885354995727539
1.0   6.348070979118347
1.0   1.5779480338096619
1.0   8.912402272224426
1.0   12.782862663269043
1.0   10.394794225692749
1.0   23.145954608917236
1.0   16.090489625930786
1.0   -2.9279429018497467
1.0   -2.212743103504181
1.0   -2.784063935279846
1.0   -2.087735891342163
1.0   2.610762298107147
1.0   14.674400806427002
1.0   14.49497938156128
1.0   -2.3156368732452393
0.0   -1.5504544973373413
0.0   -3.1354883909225464
0.0   -1.0586521625518799
0.0   -2.944419026374817
0.0   -3.044842004776001
0.0   -2.5356534123420715
0.0   -1.846914529800415
0.0   -1.2318989634513855
0.0   -1.154155671596527
0.0   -2.218658924102783
0.0   -2.04244726896286
0.0   -2.232421398162842
0.0   -3.036446690559387
0.0   -3.0434772968292236
0.0   7.201212406158447
0.0   -2.9655258655548096
0.0   -2.9382768273353577
0.0   -2.7929725646972656
0.0   -2.638424515724182
0.0   -3.0404163599014282
0.0   -3.036446690559387
0.0   -2.5901995301246643
0.0   -3.0077550411224365
0.0   -2.971079707145691
0.0   -2.525884658098221
0.0   -1.7150121331214905
0.0   -2.6867282390594482
0.0   -1.9037679135799408
0.0   -2.9543142914772034
0.0   -2.6855677366256714
0.0   1.5526325702667236
0.0   -2.9887388944625854
0.0   -3.0980668663978577
0.0   -3.032066762447357
0.0   -2.938671827316284
0.0   -2.4679203033447266
0.0   -3.0548832416534424
0.0   -1.9899454712867737
1.0   19.55784034729004
1.0   8.021714568138123
1.0   -2.224498927593231
1.0   3.1150012016296387
1.0   23.07244563102722
1.0   7.820963621139526
1.0   6.189344644546509
1.0   2.59538471698761
1.0   21.2204430103302
1.0   -1.3755255043506622
1.0   -1.7330763936042786
1.0   21.03984260559082
1.0   0.6827845573425293
1.0   28.73399591445923
1.0   6.308689713478088
1.0   12.932880401611328
1.0   6.424571871757507
1.0   1.6147628426551819
1.0   8.994218587875366
1.0   12.813655853271484
1.0   10.43827772140503
1.0   23.200475215911865
1.0   16.210610389709473
1.0   -2.8625012636184692
1.0   -2.167546033859253
1.0   -2.721922755241394
1.0   -2.0347217321395874
1.0   2.6477203965187073
1.0   14.695193767547607
1.0   14.525799036026001
1.0   -2.25760555267334
0.0   -1.5141992568969727
0.0   -3.086487293243408
0.0   -1.0313924849033356
0.0   -2.8987587690353394
0.0   -2.99799644947052
0.0   -2.4931467175483704
0.0   -1.809281349182129
0.0   -1.2032365500926971
0.0   -1.135381281375885
0.0   -2.1778926849365234
0.0   -1.9993932247161865
0.0   -2.197611451148987
0.0   -2.9894447326660156
0.0   -2.9962393045425415
0.0   7.222805380821228
0.0   -2.9195034503936768
0.0   -2.892290949821472
0.0   -2.7481584548950195
0.0   -2.5941596031188965
0.0   -2.9932634234428406
0.0   -2.9894447326660156
0.0   -2.5448625087738037
0.0   -2.961539626121521
0.0   -2.9247607588768005
0.0   -2.4825945496559143
0.0   -1.6816771626472473
0.0   -2.641791820526123
0.0   -1.8647795617580414
0.0   -2.906127452850342
0.0   -2.638716995716095
0.0   1.5748201608657837
0.0   -2.9404842853546143
0.0   -3.0498321056365967
0.0   -2.9824938774108887
0.0   -2.8918811082839966
0.0   -2.424108624458313
0.0   -3.0068267583847046
0.0   -1.9502373933792114
1.0   19.550665140151978
1.0   8.06391990184784
1.0   -2.187075972557068
1.0   3.072704553604126
1.0   23.103055000305176
1.0   7.8734447956085205
1.0   6.241724133491516
1.0   2.609240174293518
1.0   21.185139894485474
1.0   -1.3497266173362732
1.0   -1.6994123458862305
1.0   21.153292179107666
1.0   0.7039297819137573
1.0   28.8106369972229
1.0   6.341148376464844
1.0   12.945642232894897
1.0   6.469800710678101
1.0   1.6307094097137451
1.0   9.046745300292969
1.0   12.81154751777649
1.0   10.445960879325867
1.0   23.19955825805664
1.0   16.29114580154419
1.0   -2.815418541431427
1.0   -2.138110965490341
1.0   -2.6777502298355103
1.0   -1.9992204308509827
1.0   2.663600206375122
1.0   14.682965993881226
1.0   14.523642539978027
1.0   -2.217100501060486
0.0   -1.5073500275611877
0.0   -3.078281044960022
0.0   -1.0254358053207397
0.0   -2.8910999596118927
0.0   -2.990156412124634
0.0   -2.4858498573303223
0.0   -1.8024860620498657
0.0   -1.1971182525157928
0.0   -1.130167841911316
0.0   -2.1707584261894226
0.0   -1.9920475482940674
0.0   -2.1910903453826904
0.0   -2.9815927147865295
0.0   -2.9883403182029724
0.0   7.231139898300171
0.0   -2.9117279052734375
0.0   -2.8845632672309875
0.0   -2.74059134721756
0.0   -2.586682081222534
0.0   -2.9853397607803345
0.0   -2.9815927147865295
0.0   -2.537286400794983
0.0   -2.953750193119049
0.0   -2.916931390762329
0.0   -2.4752266705036163
0.0   -1.6751412749290466
0.0   -2.634152829647064
0.0   -1.857794851064682
0.0   -2.898053765296936
0.0   -2.6307581663131714
0.0   1.5814456343650818
0.0   -2.932378649711609
0.0   -3.0417416095733643
0.0   -2.9742133021354675
0.0   -2.8839765787124634
0.0   -2.416522264480591
0.0   -2.9987924695014954
0.0   -1.9430684447288513
1.0   19.551631927490234
1.0   8.0746009349823
1.0   -2.1801421642303467
1.0   3.0732295513153076
1.0   23.118958711624146
1.0   7.885032296180725
1.0   6.252282977104187
1.0   2.614808678627014
1.0   21.195789575576782
1.0   -1.343975841999054
1.0   -1.6929064989089966
1.0   21.174386739730835
1.0   0.7092905044555664
1.0   28.832963466644287
1.0   6.349626302719116
1.0   12.956021547317505
1.0   6.478861331939697
1.0   1.6364209651947021
1.0   9.057889699935913
1.0   12.820479154586792
1.0   10.455342769622803
1.0   23.201319694519043
1.0   16.30712604522705
1.0   -2.8075838685035706
1.0   -2.131968528032303
1.0   -2.6702229976654053
1.0   -1.9925703406333923
1.0   2.6696462631225586
1.0   14.691586971282959
1.0   14.533478736877441
1.0   -2.209894835948944
0.0   -1.499221920967102
0.0   -3.0686827898025513
0.0   -1.01858389377594
0.0   -2.8820419311523438
0.0   -2.9809497594833374
0.0   -2.477220594882965
0.0   -1.7944993376731873
0.0   -1.190032035112381
0.0   -1.1235885620117188
0.0   -2.1623330116271973
0.0   -1.9835283756256104
0.0   -2.1832566261291504
0.0   -2.9723681807518005
0.0   -2.97904235124588
0.0   7.2403517961502075
0.0   -2.9025773406028748
0.0   -2.875460386276245
0.0   -2.7316566705703735
0.0   -2.577868938446045
0.0   -2.976048231124878
0.0   -2.9723681807518005
0.0   -2.5283517837524414
0.0   -2.944521903991699
0.0   -2.907670319080353
0.0   -2.4664477705955505
0.0   -1.667324721813202
0.0   -2.6250898838043213
0.0   -1.8495466709136963
0.0   -2.8886226415634155
0.0   -2.621577024459839
0.0   1.588667392730713
0.0   -2.9228909015655518
0.0   -3.0322364568710327
0.0   -2.9645884037017822
0.0   -2.8747414350509644
0.0   -2.4076337814331055
0.0   -2.989389419555664
0.0   -1.9346003532409668
1.0   19.550658702850342
1.0   8.083935499191284
1.0   -2.171891927719116
1.0   3.074360191822052
1.0   23.1329562664032
1.0   7.89463472366333
1.0   6.260694980621338
1.0   2.6209475994110107
1.0   21.208149671554565
1.0   -1.3367953896522522
1.0   -1.6851140856742859
1.0   21.19084906578064
1.0   0.715272068977356
1.0   28.85149312019348
1.0   6.357385516166687
1.0   12.965367794036865
1.0   6.485476016998291
1.0   1.6420666575431824
1.0   9.066858649253845
1.0   12.829474687576294
1.0   10.46517550945282
1.0   23.20040273666382
1.0   16.31893014907837
1.0   -2.7983977794647217
1.0   -2.124528169631958
1.0   -2.6613065004348755
1.0   -1.9845839142799377
1.0   2.676044285297394
1.0   14.701831817626953
1.0   14.544835567474365
1.0   -2.201234817504883
0.0   -1.4882073402404785
0.0   -3.056197762489319
0.0   -1.0092848539352417
0.0   -2.870188385248184
0.0   -2.9689424633979797
0.0   -2.465826392173767
0.0   -1.7837787866592407
0.0   -1.1802120208740234
0.0   -1.1141184568405151
0.0   -2.151167631149292
0.0   -1.9722527265548706
0.0   -2.1727885007858276
0.0   -2.9603663086891174
0.0   -2.966912865638733
0.0   7.254365801811218
0.0   -2.890598773956299
0.0   -2.8635607957839966
0.0   -2.7199211716651917
0.0   -2.56626558303833
0.0   -2.9639346599578857
0.0   -2.9603663086891174
0.0   -2.516700267791748
0.0   -2.9324231147766113
0.0   -2.895575523376465
0.0   -2.4549503922462463
0.0   -1.656710684299469
0.0   -2.613236665725708
0.0   -1.8384651243686676
0.0   -2.876357078552246
0.0   -2.609503388404846
0.0   1.5992208123207092
0.0   -2.910555899143219
0.0   -3.0199034810066223
0.0   -2.9520702958106995
0.0   -2.862698793411255
0.0   -2.395815849304199
0.0   -2.9771507382392883
0.0   -1.9232724905014038
1.0   19.550063371658325
1.0   8.097316026687622
1.0   -2.160770893096924
1.0   3.079140841960907
1.0   23.15529179573059
1.0   7.908304929733276
1.0   6.272676944732666
1.0   2.630485415458679
1.0   21.22992444038391
1.0   -1.3268007040023804
1.0   -1.674504041671753
1.0   21.213802337646484
1.0   0.724045991897583
1.0   28.879390478134155
1.0   6.368850111961365
1.0   12.980875968933105
1.0   6.494953036308289
1.0   1.6504544019699097
1.0   9.079914450645447
1.0   12.845221996307373
1.0   10.48078966140747
1.0   23.19982624053955
1.0   16.335481882095337
1.0   -2.786427140235901
1.0   -2.1144930124282837
1.0   -2.6496763825416565
1.0   -1.9738291203975677
1.0   2.6857751607894897
1.0   14.719433784484863
1.0   14.563367366790771
1.0   -2.189770817756653
0.0   -1.4753319025039673
0.0   -3.041389226913452
0.0   -0.9982919692993164
0.0   -2.8561779260635376
0.0   -2.954680919647217
0.0   -2.4524170756340027
0.0   -1.7710102796554565
0.0   -1.1685366034507751
0.0   -1.102493405342102
0.0   -2.1380553245544434
0.0   -1.9588022232055664
0.0   -2.160406768321991
0.0   -2.946118175983429
0.0   -2.9525723457336426
0.0   7.269884824752808
0.0   -2.876391887664795
0.0   -2.8494943380355835
0.0   -2.706055700778961
0.0   -2.5525434017181396
0.0   -2.9495626091957092
0.0   -2.946118175983429
0.0   -2.5028648376464844
0.0   -2.9180632829666138
0.0   -2.8812731504440308
0.0   -2.441294312477112
0.0   -1.6439464688301086
0.0   -2.59915691614151
0.0   -1.825350821018219
0.0   -2.8617961406707764
0.0   -2.5951982736587524
0.0   1.6109892129898071
0.0   -2.895892858505249
0.0   -3.0052491426467896
0.0   -2.9372111558914185
0.0   -2.8484142422676086
0.0   -2.38183331489563
0.0   -2.962617516517639
0.0   -1.9098355174064636
1.0   19.55007529258728
1.0   8.11256730556488
1.0   -2.147493362426758
1.0   3.085302770137787
1.0   23.180217742919922
1.0   7.9235899448394775
1.0   6.2856972217559814
1.0   2.6413440704345703
1.0   21.254645824432373
1.0   -1.3146679401397705
1.0   -1.661845088005066
1.0   21.237267017364502
1.0   0.7343086004257202
1.0   28.908299446105957
1.0   6.381369590759277
1.0   12.998008728027344
1.0   6.504682898521423
1.0   1.6601374745368958
1.0   9.093683242797852
1.0   12.862989783287048
1.0   10.498271822929382
1.0   23.19991111755371
1.0   16.352521419525146
1.0   -2.7722336053848267
1.0   -2.102503627538681
1.0   -2.635726034641266
1.0   -1.9609382152557373
1.0   2.6970452070236206
1.0   14.739411354064941
1.0   14.584126949310303
1.0   -2.1761059761047363
0.0   -1.462733805179596
0.0   -3.0267065167427063
0.0   -0.9871936440467834
0.0   -2.842277228832245
0.0   -2.9405627250671387
0.0   -2.4392181634902954
0.0   -1.758419394493103
0.0   -1.1573717296123505
0.0   -1.0912208557128906
0.0   -2.1251001358032227
0.0   -1.9455718994140625
0.0   -2.148063838481903
0.0   -2.932010054588318
0.0   -2.9383912086486816
0.0   7.283681750297546
0.0   -2.862370789051056
0.0   -2.835551619529724
0.0   -2.6924078464508057
0.0   -2.539026975631714
0.0   -2.9353264570236206
0.0   -2.932010054588318
0.0   -2.4892232418060303
0.0   -2.903825283050537
0.0   -2.867086887359619
0.0   -2.427738845348358
0.0   -1.631473183631897
0.0   -2.5851300954818726
0.0   -1.812486469745636
0.0   -2.8474044799804688
0.0   -2.5811222791671753
0.0   1.6217691898345947
0.0   -2.881383001804352
0.0   -2.990750014781952
0.0   -2.9224627017974854
0.0   -2.83429878950119
0.0   -2.3680717945098877
0.0   -2.948247194290161
0.0   -1.8966504335403442
1.0   19.544193267822266
1.0   8.124453783035278
1.0   -2.134397864341736
1.0   3.0904423594474792
1.0   23.198598384857178
1.0   7.935059189796448
1.0   6.295264959335327
1.0   2.651029407978058
1.0   21.27461290359497
1.0   -1.3027846217155457
1.0   -1.6494958996772766
1.0   21.255226373672485
1.0   0.743859052658081
1.0   28.92934226989746
1.0   6.3913127183914185
1.0   13.011015892028809
1.0   6.511635899543762
1.0   1.6683579683303833
1.0   9.103946089744568
1.0   12.876636624336243
1.0   10.513037323951721
1.0   23.193796634674072
1.0   16.36470603942871
1.0   -2.7581629157066345
1.0   -2.0905970335006714
1.0   -2.621865391731262
1.0   -1.9482037723064423
1.0   2.706628203392029
1.0   14.75680661201477
1.0   14.60242247581482
1.0   -2.162627696990967
0.0   -1.448731780052185
0.0   -3.010885238647461
0.0   -0.9748622179031372
0.0   -2.827244907617569
0.0   -2.9253360629081726
0.0   -2.424844264984131
0.0   -1.7447104454040527
0.0   -1.145010232925415
0.0   -1.0787092447280884
0.0   -2.111032783985138
0.0   -1.9312883615493774
0.0   -2.13468599319458
0.0   -2.916833758354187
0.0   -2.9230343103408813
0.0   7.298903703689575
0.0   -2.8471498489379883
0.0   -2.820502519607544
0.0   -2.6776095628738403
0.0   -2.5244046449661255
0.0   -2.919954478740692
0.0   -2.916833758354187
0.0   -2.474458158016205
0.0   -2.888418436050415
0.0   -2.851701021194458
0.0   -2.413141906261444
0.0   -1.6178009510040283
0.0   -2.570014476776123
0.0   -1.7984956800937653
0.0   -2.831818461418152
0.0   -2.565896987915039
0.0   1.6340619325637817
0.0   -2.865711033344269
0.0   -2.9751017093658447
0.0   -2.9065341353416443
0.0   -2.819053590297699
0.0   -2.353033661842346
0.0   -2.9327332973480225
0.0   -1.8822590708732605
1.0   19.538297176361084
1.0   8.13637924194336
1.0   -2.1201584339141846
1.0   3.0974806547164917
1.0   23.216278076171875
1.0   7.946878433227539
1.0   6.30545961856842
1.0   2.662169337272644
1.0   21.297017097473145
1.0   -1.2897714376449585
1.0   -1.6359421610832214
1.0   21.270241737365723
1.0   0.7545789480209351
1.0   28.948956966400146
1.0   6.402383208274841
1.0   13.025534629821777
1.0   6.518926501274109
1.0   1.677996039390564
1.0   9.114359259605408
1.0   12.892452001571655
1.0   10.529197692871094
1.0   23.18715238571167
1.0   16.375232219696045
1.0   -2.742997944355011
1.0   -2.0777000188827515
1.0   -2.606967568397522
1.0   -1.9343370199203491
1.0   2.717597484588623
1.0   14.775943994522095
1.0   14.622188329696655
1.0   -2.14797580242157
0.0   -1.4318538308143616
0.0   -2.9915084838867188
0.0   -0.9592720866203308
0.0   -2.808899760246277
0.0   -2.906678080558777
0.0   -2.4072360396385193
0.0   -1.7277392148971558
0.0   -1.1293576657772064
0.0   -1.0626539587974548
0.0   -2.0937634110450745
0.0   -1.9138374328613281
0.0   -2.1180280447006226
0.0   -2.8982032537460327
0.0   -2.9042452573776245
0.0   7.31903874874115
0.0   -2.8285218477249146
0.0   -2.802063465118408
0.0   -2.659459948539734
0.0   -2.5063809156417847
0.0   -2.901178300380707
0.0   -2.8982032537460327
0.0   -2.45631605386734
0.0   -2.8696324229240417
0.0   -2.832937240600586
0.0   -2.3952691555023193
0.0   -1.600772500038147
0.0   -2.55157208442688
0.0   -1.7812253832817078
0.0   -2.812769293785095
0.0   -2.54721200466156
0.0   1.6499395370483398
0.0   -2.846474528312683
0.0   -2.955874741077423
0.0   -2.8870311975479126
0.0   -2.800344944000244
0.0   -2.334692895412445
0.0   -2.9137067794799805
0.0   -1.8646039962768555
1.0   19.53675127029419
1.0   8.155256509780884
1.0   -2.1025670766830444
1.0   3.1083545088768005
1.0   23.245604515075684
1.0   7.965460300445557
1.0   6.321134805679321
1.0   2.676767945289612
1.0   21.32886505126953
1.0   -1.2733279466629028
1.0   -1.6190932989120483
1.0   21.296221256256104
1.0   0.7684808373451233
1.0   28.98195171356201
1.0   6.417997479438782
1.0   13.047076106071472
1.0   6.531292796134949
1.0   1.6912125945091248
1.0   9.130716800689697
1.0   12.915294647216797
1.0   10.551722288131714
1.0   23.18481731414795
1.0   16.394014358520508
1.0   -2.7244532108306885
1.0   -2.0608640015125275
1.0   -2.5886515378952026
1.0   -1.9172057211399078
1.0   2.73263680934906
1.0   14.80205512046814
1.0   14.649042129516602
1.0   -2.1299521923065186
0.0   -1.414097785949707
0.0   -2.9712154865264893
0.0   -0.9431891441345215
0.0   -2.78966623544693
0.0   -2.8871124982833862
0.0   -2.388728141784668
0.0   -1.7099705934524536
0.0   -1.1132321953773499
0.0   -1.0457192659378052
0.0   -2.0754843950271606
0.0   -1.8954827785491943
0.0   -2.100042700767517
0.0   -2.8787147402763367
0.0   -2.8845707178115845
0.0   7.339931964874268
0.0   -2.8089932203292847
0.0   -2.782722234725952
0.0   -2.640439450740814
0.0   -2.487497568130493
0.0   -2.8814010620117188
0.0   -2.8787147402763367
0.0   -2.4373313188552856
0.0   -2.8499456644058228
0.0   -2.813248634338379
0.0   -2.376486301422119
0.0   -1.5828837156295776
0.0   -2.5322238206863403
0.0   -1.763161301612854
0.0   -2.7927645444869995
0.0   -2.5276702642440796
0.0   1.6660656929016113
0.0   -2.826315402984619
0.0   -2.9357540607452393
0.0   -2.8665748834609985
0.0   -2.7807825207710266
0.0   -2.3154042959213257
0.0   -2.8937752842903137
0.0   -1.8459724187850952
1.0   19.535213232040405
1.0   8.17455279827118
1.0   -2.0840824842453003
1.0   3.119080662727356
1.0   23.275819301605225
1.0   7.984097003936768
1.0   6.337032198905945
1.0   2.6916234493255615
1.0   21.362786769866943
1.0   -1.2560328245162964
1.0   -1.6012191772460938
1.0   21.3223237991333
1.0   0.7828818559646606
1.0   29.014418601989746
1.0   6.43403422832489
1.0   13.068889141082764
1.0   6.542928338050842
1.0   1.7045639157295227
1.0   9.14702320098877
1.0   12.938673257827759
1.0   10.575376510620117
1.0   23.182793617248535
1.0   16.411713361740112
1.0   -2.705031633377075
1.0   -2.0431751012802124
1.0   -2.569522261619568
1.0   -1.8992474675178528
1.0   2.7480579614639282
1.0   14.829134225845337
1.0   14.676913738250732
1.0   -2.1110235452651978
0.0   -1.394465446472168
0.0   -2.9487695693969727
0.0   -0.9252853393554688
0.0   -2.76836895942688
0.0   -2.8655160069465637
0.0   -2.368311882019043
0.0   -1.6901885271072388
0.0   -1.0951931178569794
0.0   -1.02683424949646
0.0   -2.055239677429199
0.0   -1.8752079010009766
0.0   -2.0800251364707947
0.0   -2.8571839928627014
0.0   -2.862854540348053
0.0   7.360982656478882
0.0   -2.7874647974967957
0.0   -2.761272668838501
0.0   -2.6194860339164734
0.0   -2.4667001962661743
0.0   -2.8595207929611206
0.0   -2.8571839928627014
0.0   -2.4162920117378235
0.0   -2.8281902074813843
0.0   -2.791514575481415
0.0   -2.3557419180870056
0.0   -1.5630151629447937
0.0   -2.5108472108840942
0.0   -1.7430296838283539
0.0   -2.770691394805908
0.0   -2.506124198436737
0.0   1.6831728219985962
0.0   -2.8040562868118286
0.0   -2.9135391116142273
0.0   -2.844038248062134
0.0   -2.759193778038025
0.0   -2.294222414493561
0.0   -2.8717758655548096
0.0   -1.8253598809242249
1.0   19.531085968017578
1.0   8.192379474639893
1.0   -2.0636602640151978
1.0   3.1310311555862427
1.0   23.30150580406189
1.0   8.001394748687744
1.0   6.3512492179870605
1.0   2.7073261737823486
1.0   21.394834518432617
1.0   -1.2367798686027527
1.0   -1.581503987312317
1.0   21.343297958374023
1.0   0.7986742258071899
1.0   29.041472911834717
1.0   6.449455738067627
1.0   13.088836073875427
1.0   6.553302764892578
1.0   1.7186704874038696
1.0   9.161852359771729
1.0   12.96045708656311
1.0   10.597842693328857
1.0   23.177637577056885
1.0   16.427287101745605
1.0   -2.6835687160491943
1.0   -2.023538649082184
1.0   -2.548307716846466
1.0   -1.8793317079544067
1.0   2.7639132738113403
1.0   14.856470584869385
1.0   14.704634428024292
1.0   -2.0901044607162476
0.0   -1.3739998936653137
0.0   -2.925451874732971
0.0   -0.906482458114624
0.0   -2.746328830718994
0.0   -2.8429941534996033
0.0   -2.3470664024353027
0.0   -1.6697285175323486
0.0   -1.0763318538665771
0.0   -1.0066079497337341
0.0   -2.034172773361206
0.0   -1.854153037071228
0.0   -2.0590792298316956
0.0   -2.83484148979187
0.0   -2.8403117656707764
0.0   7.3849828243255615
0.0   -2.7650997638702393
0.0   -2.7390153408050537
0.0   -2.5976407527923584
0.0   -2.445022165775299
0.0   -2.836815357208252
0.0   -2.83484148979187
0.0   -2.3945153951644897
0.0   -2.805596649646759
0.0   -2.768970489501953
0.0   -2.334226608276367
0.0   -1.5423446893692017
0.0   -2.4886467456817627
0.0   -1.7222427129745483
0.0   -2.747759222984314
0.0   -2.4836318492889404
0.0   1.7019684314727783
0.0   -2.780928373336792
0.0   -2.890445351600647
0.0   -2.8206567764282227
0.0   -2.7367982864379883
0.0   -2.2720978260040283
0.0   -2.8489352464675903
0.0   -1.8039865493774414
1.0   19.53150510787964
1.0   8.215128183364868
1.0   -2.042303204536438
1.0   3.145162343978882
1.0   23.336483001708984
1.0   8.023090362548828
1.0   6.370115160942078
1.0   2.7246535420417786
1.0   21.434590578079224
1.0   -1.216646432876587
1.0   -1.5607881546020508
1.0   21.37356948852539
1.0   0.8156073093414307
1.0   29.07949995994568
1.0   6.467853665351868
1.0   13.114661574363708
1.0   6.56752872467041
1.0   1.7345829010009766
1.0   9.180384874343872
1.0   12.98808228969574
1.0   10.625301122665405
1.0   23.177393436431885
1.0   16.448283195495605
1.0   -2.661301851272583
1.0   -2.0029866099357605
1.0   -2.526323914527893
1.0   -1.8585991859436035
1.0   2.7818069458007812
1.0   14.888066053390503
1.0   14.736948251724243
1.0   -2.0683451890945435
