0.0   2.4276012033224106
0.0   3.9377797096967697
0.0   1.923500895500183
0.0   2.485031947493553
0.0   3.5730918049812317
0.0   1.9058408737182617
0.0   1.9951499700546265
0.0   2.134517125785351
0.0   3.4716691821813583
0.0   4.85657411813736
0.0   2.127047523856163
0.0   2.4365569949150085
0.0   4.442629978060722
0.0   1.7536159604787827
0.0   3.8159501999616623
0.0   3.618419110774994
0.0   2.133878156542778
0.0   3.3828485012054443
0.0   2.3941260278224945
0.0   2.3759771585464478
0.0   4.25922717154026
0.0   1.5365938544273376
0.0   2.759382352232933
0.0   2.0223034024238586
0.0   1.99738010764122
0.0   2.8870813846588135
0.0   3.779571995139122
0.0   3.118826597929001
1.0   4.924925088882446
1.0   6.2127320766448975
1.0   6.218902230262756
1.0   8.194132208824158
1.0   7.79849374294281
1.0   6.091570019721985
1.0   4.5693549066782
1.0   6.379390478134155
1.0   5.411133676767349
1.0   3.435250699520111
1.0   3.355350896716118
1.0   1.9113323092460632
1.0   6.453513979911804
1.0   6.147895336151123
1.0   7.17754265666008
1.0   4.90509757399559
1.0   6.309378027915955
1.0   9.711002230644226
1.0   10.135019540786743
1.0   8.048362970352173
1.0   9.19012439250946
1.0   7.719965875148773
1.0   7.699341893196106
1.0   9.158943176269531
1.0   5.040394924581051
1.0   6.8082594871521
1.0   8.62448799610138
1.0   7.23912239074707
1.0   8.407740354537964
1.0   8.807181477546692
1.0   6.190540254116058
1.0   8.298357963562012
1.0   8.096705675125122
1.0   6.30786857008934
1.0   5.084623351693153
1.0   7.060040712356567
1.0   6.999657392501831
1.0   11.776045203208923
1.0   7.8647825717926025
1.0   7.518307447433472
1.0   10.480957746505737
1.0   6.947437167167664
1.0   5.046608179807663
1.0   8.611555099487305
1.0   7.999002933502197
1.0   7.423606634140015
1.0   7.34399026632309
1.0   4.860602840781212
1.0   9.570802330970764
1.0   6.812584757804871
1.0   7.973325133323669
1.0   8.500226736068726
1.0   9.646878123283386
1.0   7.6775360107421875
1.0   12.510370254516602
1.0   8.056448221206665
1.0   8.066774487495422
1.0   8.71909487247467
1.0   6.701798319816589
1.0   7.425247550010681
1.0   6.713608264923096
1.0   4.825218990445137
1.0   7.389567971229553
1.0   7.987011194229126
1.0   9.772690117359161
1.0   7.691359966993332
1.0   1.18561190366745
1.0   7.5217772126197815
1.0   5.0943542420864105
1.0   5.149247169494629
1.0   10.449930548667908
1.0   6.759559273719788
1.0   1.0385136902332306
1.0   6.848784387111664
1.0   7.555988594889641
1.0   7.002847909927368
1.0   5.013528287410736
1.0   4.524506837129593
1.0   3.1998629570007324
0.0   0.8436645269393921
0.0   2.816605806350708
0.0   -0.008248984813690186
0.0   0.7693719267845154
0.0   2.2244396209716797
0.0   0.1695062518119812
0.0   0.09001237154006958
0.0   0.46227705478668213
0.0   2.075255274772644
0.0   4.444466829299927
0.0   0.2666049003601074
0.0   0.6463991403579712
0.0   4.088018298149109
0.0   -0.03220820426940918
0.0   2.7215616703033447
0.0   2.2249367237091064
0.0   0.26727837324142456
0.0   2.3496350049972534
0.0   0.5717052221298218
0.0   0.6673418283462524
0.0   3.546924591064453
0.0   -0.4606303572654724
0.0   1.1666659116744995
0.0   0.027063608169555664
0.0   0.15884798765182495
0.0   1.2238141298294067
0.0   2.3844175338745117
0.0   1.5774284601211548
1.0   7.701884746551514
1.0   10.19309487938881
1.0   8.95130729675293
1.0   11.751682102680206
1.0   10.943400263786316
1.0   8.2980135679245
1.0   4.5666656494140625
1.0   10.680398762226105
1.0   7.141584575176239
1.0   4.528325915336609
1.0   3.080240249633789
1.0   -0.07611256837844849
1.0   11.896951287984848
1.0   11.325890094041824
1.0   9.733859717845917
1.0   4.677798867225647
1.0   8.64552104473114
1.0   20.111417770385742
1.0   20.651936769485474
1.0   18.669224739074707
1.0   19.494137048721313
1.0   10.978188812732697
1.0   13.283169686794281
1.0   19.402175188064575
1.0   6.198644578456879
1.0   15.52733838558197
1.0   15.500550270080566
1.0   17.18259906768799
1.0   18.59355139732361
1.0   15.565770983695984
1.0   9.890049517154694
1.0   20.52584409713745
1.0   14.01851037144661
1.0   9.541336297988892
1.0   4.798880100250244
1.0   13.23769223690033
1.0   12.781603693962097
1.0   20.44175088405609
1.0   14.958875894546509
1.0   15.15410053730011
1.0   20.175858974456787
1.0   11.786252990365028
1.0   5.435239672660828
1.0   15.320699751377106
1.0   13.388916958123446
1.0   11.800026804208755
1.0   11.412627443671227
1.0   4.551243782043457
1.0   14.563110411167145
1.0   11.47385323047638
1.0   11.967889606952667
1.0   16.87290459871292
1.0   19.86635196208954
1.0   14.107187137007713
1.0   22.996880173683167
1.0   16.650558948516846
1.0   12.44132125377655
1.0   18.684802174568176
1.0   9.683136105537415
1.0   12.871682077646255
1.0   8.88181847333908
1.0   5.659814953804016
1.0   11.057497143745422
1.0   11.403009116649628
1.0   13.761224329471588
1.0   10.88521820306778
1.0   -0.8374249935150146
1.0   10.732913255691528
1.0   8.332226246595383
1.0   8.754353404045105
1.0   18.363334625959396
1.0   13.088085353374481
1.0   -1.0519772171974182
1.0   10.970294192433357
1.0   8.881160974502563
1.0   14.925923585891724
1.0   5.296334385871887
1.0   7.3593316823244095
1.0   2.6805977821350098
0.0   -0.03284871578216553
0.0   3.002070903778076
0.0   -1.4488219618797302
0.0   0.02336573600769043
0.0   2.0283358097076416
0.0   -1.092795968055725
0.0   -1.1951852440834045
0.0   -0.2993772625923157
0.0   1.6251462697982788
0.0   5.434510827064514
0.0   -0.8629583716392517
0.0   -0.4840813875198364
0.0   4.940775752067566
0.0   -1.0815650820732117
0.0   2.7301666736602783
0.0   2.1157379150390625
0.0   -0.8660516142845154
0.0   2.3702410459518433
0.0   -0.6290558576583862
0.0   -0.3430083990097046
0.0   3.8942534923553467
0.0   -1.9025741815567017
0.0   0.5042043328285217
0.0   -1.4370115101337433
0.0   -1.0498233437538147
0.0   0.5196791291236877
0.0   2.2457520961761475
0.0   1.1413291096687317
1.0   11.256963968276978
1.0   14.595128536224365
1.0   13.340232849121094
1.0   16.26786243915558
1.0   14.946489810943604
1.0   11.95991176366806
1.0   5.5944987535476685
1.0   15.640886306762695
1.0   9.998343288898468
1.0   7.194403886795044
1.0   4.099698185920715
1.0   -1.4574887156486511
1.0   17.982677578926086
1.0   18.205286026000977
1.0   13.620013654232025
1.0   5.9691361784935
1.0   12.176600694656372
1.0   29.36121368408203
1.0   30.44233226776123
1.0   28.591415882110596
1.0   28.57831621170044
1.0   15.420600414276123
1.0   19.921953201293945
1.0   28.539109706878662
1.0   8.380077600479126
1.0   23.466917037963867
1.0   22.1698260307312
1.0   26.257824897766113
1.0   27.831814289093018
1.0   22.5165798664093
1.0   14.16299021244049
1.0   31.379757404327393
1.0   20.423949241638184
1.0   13.995970249176025
1.0   5.8447265625
1.0   19.894845962524414
1.0   18.79204511642456
1.0   28.85393190383911
1.0   21.875312089920044
1.0   22.578750133514404
1.0   29.032631874084473
1.0   16.969675302505493
1.0   7.194389641284943
1.0   22.2548565864563
1.0   19.528687238693237
1.0   16.694963216781616
1.0   16.192642092704773
1.0   5.46910548210144
1.0   20.70992159843445
1.0   17.24269187450409
1.0   17.6573166847229
1.0   25.792470455169678
1.0   29.47401762008667
1.0   21.49350619316101
1.0   33.63649225234985
1.0   25.230735301971436
1.0   18.645275831222534
1.0   27.77823543548584
1.0   13.981702744960785
1.0   19.35213613510132
1.0   12.290810406208038
1.0   7.747919142246246
1.0   16.050201416015625
1.0   16.691507041454315
1.0   19.233673095703125
1.0   15.744447708129883
1.0   -2.5670615136623383
1.0   16.419048309326172
1.0   12.706766247749329
1.0   14.275431156158447
1.0   28.23706579208374
1.0   20.139649629592896
1.0   -2.8576507568359375
1.0   16.631246328353882
1.0   11.957513451576233
1.0   21.99957275390625
1.0   7.285790324211121
1.0   11.211370587348938
1.0   3.6158971786499023
