0.0   2.0027158856391907
0.0   2.0192784667015076
0.0   1.9726829528808594
0.0   2.0492553114891052
0.0   2.0712004899978638
0.0   1.9346293807029724
0.0   1.9665133953094482
0.0   1.9629974365234375
0.0   1.962116301059723
0.0   2.000792145729065
0.0   1.9436717629432678
0.0   1.9928962588310242
0.0   2.0150986313819885
0.0   1.9757486581802368
0.0   2.0614171028137207
0.0   2.004185676574707
0.0   1.9763922095298767
0.0   1.9819998741149902
0.0   1.971944510936737
0.0   1.988793432712555
0.0   1.955238163471222
0.0   2.034652292728424
0.0   1.9844658374786377
1.0   1.8839967250823975
1.0   10.259022116661072
1.0   1.962051272392273
1.0   9.173322796821594
1.0   5.935358703136444
1.0   1.9683581590652466
1.0   23.614920139312744
1.0   1.926615297794342
1.0   2.0140358209609985
1.0   4.886862352490425
1.0   3.3530933558940887
1.0   2.0050116181373596
1.0   2.005245625972748
1.0   1.926289677619934
1.0   1.9533849358558655
1.0   20.626800060272217
1.0   18.54788589477539
1.0   1.9754084348678589
1.0   1.9632455110549927
1.0   1.9828892350196838
1.0   13.368812918663025
1.0   6.084396317601204
1.0   1.8254016041755676
1.0   5.9443314373493195
1.0   1.8134523630142212
1.0   1.8599403500556946
1.0   3.6964035630226135
1.0   2.36326801776886
1.0   13.018249988555908
1.0   22.463422060012817
1.0   1.8830651640892029
1.0   9.503776907920837
1.0   31.557207107543945
1.0   26.564300537109375
1.0   5.044887825846672
1.0   17.89055347442627
1.0   9.065183341503143
1.0   1.9474006295204163
1.0   1.9833568334579468
1.0   16.610782980918884
1.0   17.74133324623108
1.0   30.794744968414307
1.0   17.273486018180847
1.0   2.314410001039505
1.0   21.931400537490845
1.0   5.433171510696411
1.0   1.9826560616493225
1.0   7.4727895855903625
1.0   13.466540336608887
1.0   5.456723108887672
1.0   7.549864411354065
1.0   21.809246063232422
1.0   8.386634886264801
1.0   19.443485975265503
1.0   15.217203140258789
1.0   1.9316765666007996
1.0   11.444443702697754
1.0   23.360944509506226
1.0   13.399630069732666
1.0   1.7765790224075317
1.0   2.0281649827957153
1.0   1.8164100646972656
1.0   1.7854075729846954
1.0   8.313401460647583
1.0   11.086924314498901
1.0   2.353467673063278
1.0   4.287837013602257
1.0   1.824980765581131
1.0   1.9733776450157166
1.0   9.931362509727478
1.0   4.714047789573669
1.0   2.0132956504821777
1.0   2.545410931110382
1.0   1.9409958124160767
1.0   1.9223372340202332
1.0   3.813701704144478
1.0   3.164776921272278
1.0   1.9724379181861877
1.0   1.925090253353119
1.0   1.9142723083496094
1.0   1.9100465774536133
1.0   11.829346299171448
1.0   1.8625455498695374
1.0   1.9151854515075684
1.0   1.958120048046112
1.0   2.0028364658355713
1.0   1.9874095916748047
1.0   2.083052396774292
1.0   1.996611475944519
1.0   1.9758203625679016
1.0   1.991848647594452
1.0   2.012071132659912
1.0   1.8882534503936768
1.0   1.9754016399383545
1.0   2.047496974468231
1.0   3.1840716898441315
1.0   2.019459545612335
1.0   2.0424020886421204
1.0   1.8324537873268127
0.0   -0.7974960207939148
0.0   -0.7977654337882996
0.0   -0.8436973094940186
0.0   -0.768713116645813
0.0   -0.7507990002632141
0.0   -0.8521008491516113
0.0   -0.8074347972869873
0.0   -0.7949829697608948
0.0   -0.8290624618530273
0.0   -0.8053754568099976
0.0   -0.8402465581893921
0.0   -0.8086764812469482
0.0   -0.7744269967079163
0.0   -0.818669319152832
0.0   -0.7652144432067871
0.0   -0.794696033000946
0.0   -0.8229926526546478
0.0   -0.8346751928329468
0.0   -0.8426811099052429
0.0   -0.8181702792644501
0.0   -0.8295990824699402
0.0   -0.7885479927062988
0.0   -0.808515727519989
1.0   -0.8165616989135742
1.0   13.952800273895264
1.0   -0.7993437647819519
1.0   11.428261518478394
1.0   7.322035074234009
1.0   -0.7082526087760925
1.0   34.22284913063049
1.0   -0.8380798101425171
1.0   -0.8098602294921875
1.0   4.931988596916199
1.0   2.5937176942825317
1.0   -0.7431632280349731
1.0   -0.8038606643676758
1.0   -0.799344539642334
1.0   -0.8323948383331299
1.0   29.834185361862183
1.0   27.106032133102417
1.0   -0.8319775462150574
1.0   -0.8290597200393677
1.0   -0.8136028349399567
1.0   18.215922355651855
1.0   6.510119438171387
1.0   -0.6734126210212708
1.0   5.890517473220825
1.0   -0.9422682821750641
1.0   -0.9150671362876892
1.0   2.1022647619247437
1.0   0.23219120502471924
1.0   17.972153425216675
1.0   32.77162218093872
1.0   -0.879260778427124
1.0   12.532144367694855
1.0   45.63070631027222
1.0   38.51065135002136
1.0   4.70597243309021
1.0   25.016485452651978
1.0   9.858412981033325
1.0   -0.8681517243385315
1.0   -0.8271175622940063
1.0   23.475762128829956
1.0   25.42237949371338
1.0   45.39719820022583
1.0   23.763131499290466
1.0   1.0168817043304443
1.0   32.28534436225891
1.0   4.364335060119629
1.0   -0.7832888960838318
1.0   9.055108904838562
1.0   18.55930995941162
1.0   4.503361225128174
1.0   10.023647725582123
1.0   32.60411882400513
1.0   11.502144515514374
1.0   29.221492767333984
1.0   21.96254527568817
1.0   -0.820996880531311
1.0   15.578886985778809
1.0   33.55525517463684
1.0   17.85962152481079
1.0   -0.7919156551361084
1.0   -0.7441293597221375
1.0   -0.8994710445404053
1.0   -0.5814682245254517
1.0   11.014397263526917
1.0   14.952321827411652
1.0   0.9560056924819946
1.0   3.0126819610595703
1.0   -0.6488314867019653
1.0   -0.04504352807998657
1.0   12.997444972395897
1.0   5.135981380939484
1.0   -0.79817333817482
1.0   0.5764243602752686
1.0   -0.8180618584156036
1.0   -0.8820712566375732
1.0   3.185823678970337
1.0   2.4427294731140137
1.0   -0.8055428862571716
1.0   -0.8692491054534912
1.0   -0.8720723986625671
1.0   -0.8486244082450867
1.0   16.792271375656128
1.0   -0.76057368516922
1.0   -0.8539731800556183
1.0   -0.8383084237575531
1.0   -0.7945353984832764
1.0   -0.8178791403770447
1.0   -0.7392757534980774
1.0   -0.7866578698158264
1.0   -0.8068864941596985
1.0   -0.771085798740387
1.0   -0.7954107820987701
1.0   -0.8277736604213715
1.0   -0.7973081171512604
1.0   -0.7589532732963562
1.0   2.5143924951553345
1.0   -0.7908313572406769
1.0   -0.7264200747013092
1.0   -0.5650722980499268
0.0   -3.2770546674728394
0.0   -3.3042104840278625
0.0   -3.343795657157898
0.0   -3.2698543071746826
0.0   -3.2540419697761536
0.0   -3.3126383423805237
0.0   -3.2674874365329742
0.0   -3.24458110332489
0.0   -3.307000994682312
0.0   -3.2941830158233643
0.0   -3.3197322487831116
0.0   -3.301230788230896
0.0   -3.2588473856449127
0.0   -3.2991567254066467
0.0   -3.282911002635956
0.0   -3.2853126525878906
0.0   -3.306793987751007
0.0   -3.3321140706539154
0.0   -3.3409836292266846
0.0   -3.3111605048179626
0.0   -3.2993938326835632
0.0   -3.2986050844192505
0.0   -3.284625381231308
1.0   -3.2081764936447144
1.0   16.04485845565796
1.0   -3.2356804609298706
1.0   12.22716635465622
1.0   7.468250751495361
1.0   -3.086088627576828
1.0   39.743953704833984
1.0   -3.2864204943180084
1.0   -3.31947124004364
1.0   4.459711074829102
1.0   1.5492428541183472
1.0   -3.1849300861358643
1.0   -3.3064326345920563
1.0   -3.212546706199646
1.0   -3.299187421798706
1.0   34.1793007850647
1.0   31.298799753189087
1.0   -3.3237558603286743
1.0   -3.2917563915252686
1.0   -3.298067629337311
1.0   20.625877499580383
1.0   6.192651271820068
1.0   -2.867709845304489
1.0   5.248670339584351
1.0   -3.378508150577545
1.0   -3.3669938445091248
1.0   0.4777548313140869
1.0   -1.73916757106781
1.0   20.297110557556152
1.0   37.98975896835327
1.0   -3.3237617015838623
1.0   13.741171658039093
1.0   53.062007904052734
1.0   44.73755645751953
1.0   3.92221736907959
1.0   28.588496685028076
1.0   9.77435851097107
1.0   -3.362035870552063
1.0   -3.3227832317352295
1.0   26.572279930114746
1.0   29.108596086502075
1.0   52.89101600646973
1.0   27.214077949523926
1.0   -0.4790782928466797
1.0   37.328120708465576
1.0   3.053706407546997
1.0   -3.2430278956890106
1.0   9.48152780532837
1.0   21.110117554664612
1.0   3.272202491760254
1.0   10.733096361160278
1.0   37.616848945617676
1.0   12.77064299583435
1.0   33.8027024269104
1.0   25.128615617752075
1.0   -3.270935893058777
1.0   17.386837542057037
1.0   38.78781700134277
1.0   20.10148274898529
1.0   -3.069402366876602
1.0   -3.209540605545044
1.0   -3.2875131368637085
1.0   -2.723404347896576
1.0   11.857019782066345
1.0   16.472404837608337
1.0   -0.555182933807373
1.0   1.6069576740264893
1.0   -2.852666914463043
1.0   -1.9516823291778564
1.0   14.331287443637848
1.0   4.677303433418274
1.0   -3.2844330072402954
1.0   -1.3105249404907227
1.0   -3.2534787952899933
1.0   -3.365063786506653
1.0   2.2060526609420776
1.0   1.3347375392913818
1.0   -3.2702539563179016
1.0   -3.3349790573120117
1.0   -3.3283932507038116
1.0   -3.2887157201766968
1.0   18.737826228141785
1.0   -3.0767113864421844
1.0   -3.3104851245880127
1.0   -3.3124998807907104
1.0   -3.279373288154602
1.0   -3.2965524196624756
1.0   -3.2493330240249634
1.0   -3.2554986476898193
1.0   -3.279810667037964
1.0   -3.211819887161255
1.0   -3.2869250178337097
1.0   -3.229047119617462
1.0   -3.255404829978943
1.0   -3.2543128728866577
1.0   1.4263815879821777
1.0   -3.2940598130226135
1.0   -3.176900625228882
1.0   -2.728352665901184
0.0   -4.807640016078949
0.0   -4.8530605137348175
0.0   -4.882143050432205
0.0   -4.814325511455536
0.0   -4.794664055109024
0.0   -4.823921501636505
0.0   -4.792110085487366
0.0   -4.7537431716918945
0.0   -4.837575614452362
0.0   -4.83696323633194
0.0   -4.856852173805237
0.0   -4.836002171039581
0.0   -4.795575946569443
0.0   -4.822908639907837
0.0   -4.833449125289917
0.0   -4.819727182388306
0.0   -4.841310262680054
0.0   -4.875316262245178
0.0   -4.889822483062744
0.0   -4.856163322925568
0.0   -4.819750666618347
0.0   -4.856973886489868
0.0   -4.813293159008026
1.0   -4.687981069087982
1.0   16.326200008392334
1.0   -4.73680505156517
1.0   12.247775793075562
1.0   7.044665098190308
1.0   -4.547804951667786
1.0   41.201762437820435
1.0   -4.7955819964408875
1.0   -4.860357463359833
1.0   4.1056482791900635
1.0   0.7035516500473022
1.0   -4.669905960559845
1.0   -4.8549462258815765
1.0   -4.692292749881744
1.0   -4.830275535583496
1.0   35.15777945518494
1.0   32.321502447128296
1.0   -4.856718838214874
1.0   -4.80992865562439
1.0   -4.832208275794983
1.0   21.352625221014023
1.0   5.9036335945129395
1.0   -4.238668739795685
1.0   4.812820196151733
1.0   -4.8887819647789
1.0   -4.89228630065918
1.0   -0.5093307495117188
1.0   -2.9302098751068115
1.0   20.886415123939514
1.0   39.31962490081787
1.0   -4.8252221047878265
1.0   13.946608066558838
1.0   55.17745494842529
1.0   46.40831184387207
1.0   3.4305052757263184
1.0   29.55637812614441
1.0   9.549838542938232
1.0   -4.905000686645508
1.0   -4.868791103363037
1.0   27.177836179733276
1.0   29.903480887413025
1.0   54.73710870742798
1.0   28.275899410247803
1.0   -1.5057783126831055
1.0   38.503092765808105
1.0   2.239619016647339
1.0   -4.76369121670723
1.0   9.47134256362915
1.0   21.813345730304718
1.0   2.5109009742736816
1.0   10.39398980140686
1.0   38.62820339202881
1.0   12.868637561798096
1.0   34.76369905471802
1.0   25.87131142616272
1.0   -4.783565580844879
1.0   17.756101608276367
1.0   40.12727642059326
1.0   20.788415551185608
1.0   -4.490131318569183
1.0   -4.736243486404419
1.0   -4.756768628954887
1.0   -4.043487012386322
1.0   11.59963595867157
1.0   16.516907811164856
1.0   -1.5663414001464844
1.0   0.7412583827972412
1.0   -4.227721005678177
1.0   -3.136963963508606
1.0   14.690925121307373
1.0   3.972278118133545
1.0   -4.818624675273895
1.0   -2.4439481496810913
1.0   -4.757265865802765
1.0   -4.896111875772476
1.0   1.5435899496078491
1.0   0.46178436279296875
1.0   -4.786038309335709
1.0   -4.857611536979675
1.0   -4.842761039733887
1.0   -4.78669285774231
1.0   18.615708827972412
1.0   -4.523113518953323
1.0   -4.8302634954452515
1.0   -4.8430545926094055
1.0   -4.814437508583069
1.0   -4.827781677246094
1.0   -4.804892361164093
1.0   -4.7829790115356445
1.0   -4.809043526649475
1.0   -4.70625239610672
1.0   -4.814086854457855
1.0   -4.715095937252045
1.0   -4.773250490427017
1.0   -4.795831054449081
1.0   0.538062334060669
1.0   -4.838494598865509
1.0   -4.6942954659461975
1.0   -4.069928050041199
0.0   -6.283842518925667
0.0   -6.3334536999464035
0.0   -6.349464952945709
0.0   -6.296318054199219
0.0   -6.275498032569885
0.0   -6.263316810131073
0.0   -6.256047695875168
0.0   -6.172838568687439
0.0   -6.291885361075401
0.0   -6.318648099899292
0.0   -6.2994068413972855
0.0   -6.301563858985901
0.0   -6.2615053951740265
0.0   -6.289396718144417
0.0   -6.3234085738658905
0.0   -6.287776976823807
0.0   -6.313577815890312
0.0   -6.330805569887161
0.0   -6.354212284088135
0.0   -6.331325978040695
0.0   -6.259616285562515
0.0   -6.344362989068031
0.0   -6.288106068968773
1.0   -6.118668645620346
1.0   15.01065707206726
1.0   -6.163246154785156
1.0   11.248851299285889
1.0   5.894165277481079
1.0   -5.9747185707092285
1.0   39.80101716518402
1.0   -6.2457581758499146
1.0   -6.3061826676130295
1.0   3.1474690437316895
1.0   -0.4220997095108032
1.0   -6.105316996574402
1.0   -6.334902212023735
1.0   -6.114813059568405
1.0   -6.274314746260643
1.0   33.74036955833435
1.0   31.124744534492493
1.0   -6.318827420473099
1.0   -6.273214221000671
1.0   -6.298242211341858
1.0   20.553513050079346
1.0   4.972486257553101
1.0   -5.581250607967377
1.0   3.845370054244995
1.0   -6.287410140037537
1.0   -6.322486504912376
1.0   -1.6828949451446533
1.0   -4.2043009996414185
1.0   19.989794969558716
1.0   37.994928658008575
1.0   -6.256685137748718
1.0   12.975019693374634
1.0   53.82039523124695
1.0   44.95746719837189
1.0   2.442612648010254
1.0   28.633517146110535
1.0   8.595491409301758
1.0   -6.382646143436432
1.0   -6.336423352360725
1.0   25.837759971618652
1.0   28.79033935070038
1.0   53.01518899202347
1.0   27.383665561676025
1.0   -2.7252124547958374
1.0   37.01647353172302
1.0   1.0621833801269531
1.0   -6.202780902385712
1.0   8.586916446685791
1.0   20.8460910320282
1.0   1.343665599822998
1.0   9.169228076934814
1.0   36.95666229724884
1.0   11.811217308044434
1.0   33.26832032203674
1.0   24.847971200942993
1.0   -6.216082185506821
1.0   16.788183450698853
1.0   38.93949741125107
1.0   20.117453813552856
1.0   -5.862487971782684
1.0   -6.192600667476654
1.0   -6.152980715036392
1.0   -5.39598548412323
1.0   10.35333514213562
1.0   15.282231330871582
1.0   -2.7842265367507935
1.0   -0.3701210021972656
1.0   -5.583993464708328
1.0   -4.418659567832947
1.0   13.905242443084717
1.0   2.707676410675049
1.0   -6.270829066634178
1.0   -3.6831328868865967
1.0   -6.192888557910919
1.0   -6.356503814458847
1.0   0.48490703105926514
1.0   -0.7284684181213379
1.0   -6.234769567847252
1.0   -6.311799719929695
1.0   -6.296706020832062
1.0   -6.229311227798462
1.0   17.095786571502686
1.0   -5.905516088008881
1.0   -6.265691861510277
1.0   -6.311305522918701
1.0   -6.270864322781563
1.0   -6.301071375608444
1.0   -6.283041596412659
1.0   -6.2297442108392715
1.0   -6.2509724497795105
1.0   -6.148779779672623
1.0   -6.29200142621994
1.0   -6.140436738729477
1.0   -6.244568914175034
1.0   -6.243379294872284
1.0   -0.654869556427002
1.0   -6.318004369735718
1.0   -6.144157558679581
1.0   -5.404498815536499
0.0   -7.3631609082221985
0.0   -7.427628964185715
0.0   -7.427701830863953
0.0   -7.4001021683216095
0.0   -7.373367220163345
0.0   -7.34855443239212
0.0   -7.342585474252701
0.0   -7.249439835548401
0.0   -7.376203954219818
0.0   -7.430863380432129
0.0   -7.363711476325989
0.0   -7.382286012172699
0.0   -7.35007843375206
0.0   -7.376820951700211
0.0   -7.4297511875629425
0.0   -7.362682938575745
0.0   -7.418651223182678
0.0   -7.400488078594208
0.0   -7.435493648052216
0.0   -7.418601036071777
0.0   -7.324554055929184
0.0   -7.454664722084999
0.0   -7.3861720860004425
1.0   -7.205314606428146
1.0   13.608202934265137
1.0   -7.213745713233948
1.0   10.377084255218506
1.0   4.954602956771851
1.0   -7.053770303726196
1.0   38.61180830001831
1.0   -7.320361137390137
1.0   -7.3593302965164185
1.0   2.3335280418395996
1.0   -1.3338418006896973
1.0   -7.211013674736023
1.0   -7.439128816127777
1.0   -7.190088391304016
1.0   -7.3559064865112305
1.0   32.71821856498718
1.0   30.159379959106445
1.0   -7.411083847284317
1.0   -7.370349436998367
1.0   -7.400885701179504
1.0   19.829516410827637
1.0   4.211093425750732
1.0   -6.6493014097213745
1.0   3.0526297092437744
1.0   -7.32854962348938
1.0   -7.390608996152878
1.0   -2.6295870542526245
1.0   -5.187327861785889
1.0   19.246994018554688
1.0   36.961639642715454
1.0   -7.32836651802063
1.0   12.184507369995117
1.0   52.71789598464966
1.0   43.70858097076416
1.0   1.6254725456237793
1.0   27.811524391174316
1.0   7.7762227058410645
1.0   -7.479956388473511
1.0   -7.445217102766037
1.0   24.778093338012695
1.0   27.95504331588745
1.0   51.65173101425171
1.0   26.52306079864502
1.0   -3.6398931741714478
1.0   35.88540840148926
1.0   0.11317586898803711
1.0   -7.2807281613349915
1.0   7.837337017059326
1.0   19.93591833114624
1.0   0.3902914524078369
1.0   8.216534614562988
1.0   35.82417345046997
1.0   10.998704433441162
1.0   32.271854400634766
1.0   24.033855438232422
1.0   -7.283799707889557
1.0   16.04474401473999
1.0   37.94929885864258
1.0   19.463911533355713
1.0   -6.912218928337097
1.0   -7.2845733761787415
1.0   -7.196535617113113
1.0   -6.426897406578064
1.0   9.35303544998169
1.0   14.283900737762451
1.0   -3.7378313541412354
1.0   -1.3003501892089844
1.0   -6.6492286920547485
1.0   -5.3909406661987305
1.0   13.215149879455566
1.0   1.739123821258545
1.0   -7.341192603111267
1.0   -4.651566743850708
1.0   -7.264275550842285
1.0   -7.422018587589264
1.0   -0.3783687353134155
1.0   -1.6709160804748535
1.0   -7.294910728931427
1.0   -7.372301071882248
1.0   -7.376892536878586
1.0   -7.310165643692017
1.0   15.904154300689697
1.0   -6.95060259103775
1.0   -7.335420578718185
1.0   -7.386108338832855
1.0   -7.324297457933426
1.0   -7.3966144323349
1.0   -7.380782306194305
1.0   -7.293002605438232
1.0   -7.300833642482758
1.0   -7.222724080085754
1.0   -7.378630340099335
1.0   -7.195355832576752
1.0   -7.360523238778114
1.0   -7.323435485363007
1.0   -1.5686404705047607
1.0   -7.425853908061981
1.0   -7.220708340406418
1.0   -6.4228715896606445
0.0   -7.900578498840332
0.0   -7.9636000990867615
0.0   -7.962827771902084
0.0   -7.9378131330013275
0.0   -7.902147531509399
0.0   -7.909473776817322
0.0   -7.897417634725571
0.0   -7.789877116680145
0.0   -7.920987248420715
0.0   -7.974385023117065
0.0   -7.914765775203705
0.0   -7.9205213487148285
0.0   -7.901696592569351
0.0   -7.930178761482239
0.0   -7.972900629043579
0.0   -7.904977977275848
0.0   -7.95589080452919
0.0   -7.9442222118377686
0.0   -7.971107065677643
0.0   -7.961741358041763
0.0   -7.864545851945877
0.0   -7.994519591331482
0.0   -7.927958369255066
1.0   -7.741772681474686
1.0   12.470834255218506
1.0   -7.752344250679016
1.0   9.911709785461426
1.0   4.418934345245361
1.0   -7.61427715420723
1.0   37.74322986602783
1.0   -7.854202091693878
1.0   -7.895000994205475
1.0   1.9458789825439453
1.0   -1.8571765422821045
1.0   -7.772485792636871
1.0   -7.980954647064209
1.0   -7.745066702365875
1.0   -7.898387581110001
1.0   32.05352067947388
1.0   29.571787357330322
1.0   -7.958911955356598
1.0   -7.923893064260483
1.0   -7.946398496627808
1.0   19.552155017852783
1.0   3.9090757369995117
1.0   -7.215973436832428
1.0   2.705535650253296
1.0   -7.858018904924393
1.0   -7.921295166015625
1.0   -3.1043516397476196
1.0   -5.710028886795044
1.0   18.910312175750732
1.0   36.2409782409668
1.0   -7.86765718460083
1.0   11.832758903503418
1.0   51.88657474517822
1.0   42.79002904891968
1.0   1.2153701782226562
1.0   27.407179832458496
1.0   7.408445358276367
1.0   -8.015248239040375
1.0   -7.980681300163269
1.0   24.152295112609863
1.0   27.45804452896118
1.0   50.58808755874634
1.0   26.047640323638916
1.0   -4.07798707485199
1.0   35.15296936035156
1.0   -0.3064737319946289
1.0   -7.809020280838013
1.0   7.509314060211182
1.0   19.42997455596924
1.0   -0.02726912498474121
1.0   7.699717044830322
1.0   35.059818267822266
1.0   10.61931324005127
1.0   31.581063747406006
1.0   23.61569595336914
1.0   -7.833866357803345
1.0   15.767458438873291
1.0   37.31098175048828
1.0   19.14151382446289
1.0   -7.437649875879288
1.0   -7.829905033111572
1.0   -7.729634642601013
1.0   -6.951367259025574
1.0   8.778221607208252
1.0   13.72555685043335
1.0   -4.207305669784546
1.0   -1.7763457298278809
1.0   -7.239534318447113
1.0   -5.907012701034546
1.0   12.915664672851562
1.0   1.2347378730773926
1.0   -7.88003408908844
1.0   -5.168149709701538
1.0   -7.805994868278503
1.0   -7.964339941740036
1.0   -0.8211451768875122
1.0   -2.14510178565979
1.0   -7.836394041776657
1.0   -7.903623342514038
1.0   -7.915749549865723
1.0   -7.843365281820297
1.0   15.077770233154297
1.0   -7.483320236206055
1.0   -7.876263678073883
1.0   -7.927761942148209
1.0   -7.853223204612732
1.0   -7.948953777551651
1.0   -7.9246193170547485
1.0   -7.833780437707901
1.0   -7.838128089904785
1.0   -7.767085909843445
1.0   -7.91696959733963
1.0   -7.721684157848358
1.0   -7.8979401886463165
1.0   -7.863280296325684
1.0   -2.013464093208313
1.0   -7.954121530056
1.0   -7.769165456295013
1.0   -6.9921510219573975
0.0   -7.984190464019775
0.0   -8.043609917163849
0.0   -8.039148092269897
0.0   -8.023404359817505
0.0   -7.979468584060669
0.0   -8.003530502319336
0.0   -7.9921552538871765
0.0   -7.8699071407318115
0.0   -8.0056654214859
0.0   -8.06001901626587
0.0   -8.000856459140778
0.0   -8.003930151462555
0.0   -7.995690584182739
0.0   -8.021947741508484
0.0   -8.061378359794617
0.0   -7.99296236038208
0.0   -8.03856873512268
0.0   -8.029006361961365
0.0   -8.051303029060364
0.0   -8.049104392528534
0.0   -7.944644510746002
0.0   -8.07787948846817
0.0   -8.009294152259827
1.0   -7.822142720222473
1.0   12.583207130432129
1.0   -7.8322566747665405
1.0   10.289382934570312
1.0   4.658617258071899
1.0   -7.706093907356262
1.0   38.739572525024414
1.0   -7.937546491622925
1.0   -7.974546670913696
1.0   2.128304958343506
1.0   -1.8230462074279785
1.0   -7.860783815383911
1.0   -8.06095039844513
1.0   -7.833105087280273
1.0   -7.982533097267151
1.0   33.03659152984619
1.0   30.52512550354004
1.0   -8.042317271232605
1.0   -8.018704652786255
1.0   -8.030906438827515
1.0   20.237772941589355
1.0   4.18991494178772
1.0   -7.305482387542725
1.0   2.9262194633483887
1.0   -7.93358987569809
1.0   -7.997206270694733
1.0   -3.0898102521896362
1.0   -5.748260140419006
1.0   19.545427799224854
1.0   37.31111526489258
1.0   -7.9493759870529175
1.0   12.336174011230469
1.0   53.30359125137329
1.0   43.9464898109436
1.0   1.3774762153625488
1.0   28.28411865234375
1.0   7.7004499435424805
1.0   -8.095809936523438
1.0   -8.05930346250534
1.0   24.941746711730957
1.0   28.32869815826416
1.0   51.891539573669434
1.0   26.77427339553833
1.0   -4.026158809661865
1.0   36.2408332824707
1.0   -0.19011354446411133
1.0   -7.886818289756775
1.0   7.893518447875977
1.0   19.99588680267334
1.0   0.11542415618896484
1.0   8.06863021850586
1.0   36.122395515441895
1.0   11.121341705322266
1.0   32.59576940536499
1.0   24.447811126708984
1.0   -7.925097584724426
1.0   16.41396713256836
1.0   38.458595752716064
1.0   19.789327144622803
1.0   -7.503998041152954
1.0   -7.919122934341431
1.0   -7.809433937072754
1.0   -6.999961197376251
1.0   9.150031089782715
1.0   14.209782600402832
1.0   -4.173795223236084
1.0   -1.7309410572052002
1.0   -7.3384705781936646
1.0   -5.9313414096832275
1.0   13.39351224899292
1.0   1.4340100288391113
1.0   -7.961244225502014
1.0   -5.192539691925049
1.0   -7.893024682998657
1.0   -8.043914437294006
1.0   -0.7340847253799438
1.0   -2.078596830368042
1.0   -7.9257893562316895
1.0   -7.982403635978699
1.0   -7.99628758430481
1.0   -7.922872066497803
1.0   15.546054363250732
1.0   -7.552182614803314
1.0   -7.96243155002594
1.0   -8.011301517486572
1.0   -7.933619499206543
1.0   -8.040060877799988
1.0   -8.013297259807587
1.0   -7.917293727397919
1.0   -7.920870900154114
1.0   -7.855660080909729
1.0   -7.998096585273743
1.0   -7.800002694129944
1.0   -7.981630325317383
1.0   -7.9522512555122375
1.0   -1.923222541809082
1.0   -8.029909670352936
1.0   -7.860596120357513
1.0   -7.081596195697784
0.0   -7.76300722360611
0.0   -7.8190178871154785
0.0   -7.810945689678192
0.0   -7.799800276756287
0.0   -7.753111898899078
0.0   -7.784473121166229
0.0   -7.77483731508255
0.0   -7.649067521095276
0.0   -7.781553268432617
0.0   -7.834852457046509
0.0   -7.7792195081710815
0.0   -7.7833476066589355
0.0   -7.777677536010742
0.0   -7.808238625526428
0.0   -7.839884877204895
0.0   -7.772481441497803
0.0   -7.815654873847961
0.0   -7.803442716598511
0.0   -7.825166046619415
0.0   -7.8273797035217285
0.0   -7.720907688140869
0.0   -7.851995587348938
0.0   -7.785687983036041
1.0   -7.597810626029968
1.0   13.427772521972656
1.0   -7.606509447097778
1.0   11.166513442993164
1.0   5.3461244106292725
1.0   -7.490365266799927
1.0   40.71627140045166
1.0   -7.7205294370651245
1.0   -7.74928891658783
1.0   2.6827322244644165
1.0   -1.4401370286941528
1.0   -7.637123703956604
1.0   -7.83768904209137
1.0   -7.617552995681763
1.0   -7.762104153633118
1.0   34.82109498977661
1.0   32.26535081863403
1.0   -7.816993296146393
1.0   -7.7997854351997375
1.0   -7.809138655662537
1.0   21.475598335266113
1.0   4.810447692871094
1.0   -7.077390491962433
1.0   3.478029251098633
1.0   -7.711215972900391
1.0   -7.7705159187316895
1.0   -2.759527564048767
1.0   -5.486602067947388
1.0   20.733599185943604
1.0   39.27368640899658
1.0   -7.730120360851288
1.0   13.328594207763672
1.0   55.84479475021362
1.0   46.099140644073486
1.0   1.8816661834716797
1.0   29.87820339202881
1.0   8.381289005279541
1.0   -7.870290637016296
1.0   -7.8327956199646
1.0   26.502280712127686
1.0   29.953171253204346
1.0   54.39462375640869
1.0   28.209146976470947
1.0   -3.646209478378296
1.0   38.196120738983154
1.0   0.2688627243041992
1.0   -7.666027903556824
1.0   8.710850715637207
1.0   21.18183422088623
1.0   0.5978517532348633
1.0   8.9488525390625
1.0   38.14761972427368
1.0   12.148448944091797
1.0   34.483882904052734
1.0   25.932910919189453
1.0   -7.704251408576965
1.0   17.586068630218506
1.0   40.46751165390015
1.0   20.9390869140625
1.0   -7.264916002750397
1.0   -7.703512907028198
1.0   -7.5874751806259155
1.0   -6.741391360759735
1.0   10.051562309265137
1.0   15.291650772094727
1.0   -3.8101646900177
1.0   -1.3451743125915527
1.0   -7.125123143196106
1.0   -5.641409277915955
1.0   14.333500862121582
1.0   2.056117534637451
1.0   -7.735057592391968
1.0   -4.890755891799927
1.0   -7.673638820648193
1.0   -7.818188190460205
1.0   -0.29424166679382324
1.0   -1.6502302885055542
1.0   -7.704290390014648
1.0   -7.758792400360107
1.0   -7.772083222866058
1.0   -7.700445055961609
1.0   16.70988368988037
1.0   -7.321900486946106
1.0   -7.742112994194031
1.0   -7.790041506290436
1.0   -7.712266564369202
1.0   -7.82332968711853
1.0   -7.79474675655365
1.0   -7.699350297451019
1.0   -7.702214479446411
1.0   -7.638221621513367
1.0   -7.769813776016235
1.0   -7.578838109970093
1.0   -7.758376717567444
1.0   -7.729477763175964
1.0   -1.4887025356292725
1.0   -7.800937473773956
1.0   -7.648942172527313
1.0   -6.854172945022583
0.0   -7.288643300533295
0.0   -7.344168543815613
0.0   -7.327381253242493
0.0   -7.326656460762024
0.0   -7.272593557834625
0.0   -7.305196762084961
0.0   -7.298211693763733
0.0   -7.1703782081604
0.0   -7.30431854724884
0.0   -7.3583701848983765
0.0   -7.305079936981201
0.0   -7.3083802461624146
0.0   -7.301430821418762
0.0   -7.340130865573883
0.0   -7.367400050163269
0.0   -7.298297166824341
0.0   -7.336856842041016
0.0   -7.318311333656311
0.0   -7.345713973045349
0.0   -7.3527281284332275
0.0   -7.243045091629028
0.0   -7.371867537498474
0.0   -7.306201994419098
1.0   -7.119333982467651
1.0   14.641240358352661
1.0   -7.127954602241516
1.0   12.359336376190186
1.0   6.319958448410034
1.0   -7.018234014511108
1.0   43.107688426971436
1.0   -7.245740532875061
1.0   -7.271108865737915
1.0   3.5131160020828247
1.0   -0.7933884859085083
1.0   -7.17034524679184
1.0   -7.360263645648956
1.0   -7.146081328392029
1.0   -7.284030199050903
1.0   36.95628356933594
1.0   34.319329023361206
1.0   -7.338718056678772
1.0   -7.32651960849762
1.0   -7.334601521492004
1.0   23.018569469451904
1.0   5.668548583984375
1.0   -6.603077590465546
1.0   4.254970073699951
1.0   -7.228585779666901
1.0   -7.284501254558563
1.0   -2.1661691665649414
1.0   -4.9697325229644775
1.0   22.253440618515015
1.0   41.6085262298584
1.0   -7.2543405294418335
1.0   14.587220191955566
1.0   58.7725088596344
1.0   48.67810654640198
1.0   2.6251912117004395
1.0   31.756743669509888
1.0   9.365612506866455
1.0   -7.388829588890076
1.0   -7.353938460350037
1.0   28.30257272720337
1.0   31.867805242538452
1.0   57.35779404640198
1.0   29.975937366485596
1.0   -3.0139341354370117
1.0   40.548478841781616
1.0   0.9881813526153564
1.0   -7.194671034812927
1.0   9.829462766647339
1.0   22.694535970687866
1.0   1.345597267150879
1.0   10.116978645324707
1.0   40.55899930000305
1.0   13.480018615722656
1.0   36.72134208679199
1.0   27.710281133651733
1.0   -7.232092320919037
1.0   19.064054012298584
1.0   42.82434630393982
1.0   22.414198875427246
1.0   -6.77792501449585
1.0   -7.230623245239258
1.0   -7.109049677848816
1.0   -6.226935386657715
1.0   11.255834102630615
1.0   16.703973293304443
1.0   -3.1796534061431885
1.0   -0.6955804824829102
1.0   -6.6335859298706055
1.0   -5.104984879493713
1.0   15.58769416809082
1.0   2.9732182025909424
1.0   -7.253584384918213
1.0   -4.327196478843689
1.0   -7.1969053745269775
1.0   -7.3341224193573
1.0   0.401364803314209
1.0   -0.9421484470367432
1.0   -7.229548990726471
1.0   -7.277136266231537
1.0   -7.290225863456726
1.0   -7.2187498807907104
1.0   18.13465452194214
1.0   -6.840620279312134
1.0   -7.2683857679367065
1.0   -7.313672363758087
1.0   -7.236515998840332
1.0   -7.344774901866913
1.0   -7.320269227027893
1.0   -7.223947525024414
1.0   -7.233874440193176
1.0   -7.1618688106536865
1.0   -7.283015251159668
1.0   -7.099304556846619
1.0   -7.278292000293732
1.0   -7.253627002239227
1.0   -0.7682528495788574
1.0   -7.31959855556488
1.0   -7.180237531661987
1.0   -6.378074049949646
0.0   -7.212892174720764
0.0   -7.268682360649109
0.0   -7.251140475273132
0.0   -7.251162886619568
0.0   -7.196820914745331
0.0   -7.2298582792282104
0.0   -7.222778558731079
0.0   -7.09540867805481
0.0   -7.229223966598511
0.0   -7.282885193824768
0.0   -7.229921102523804
0.0   -7.233091473579407
0.0   -7.2262890338897705
0.0   -7.264885663986206
0.0   -7.291953980922699
0.0   -7.222636938095093
0.0   -7.2613911628723145
0.0   -7.242447733879089
0.0   -7.269951105117798
0.0   -7.27732241153717
0.0   -7.167826890945435
0.0   -7.2959988713264465
0.0   -7.230791687965393
1.0   -7.045282244682312
1.0   14.76252818107605
1.0   -7.053270220756531
1.0   12.484872817993164
1.0   6.423416614532471
1.0   -6.944178819656372
1.0   43.31606447696686
1.0   -7.171507954597473
1.0   -7.19562554359436
1.0   3.61108136177063
1.0   -0.7106459140777588
1.0   -7.097179710865021
1.0   -7.284489035606384
1.0   -7.0713794231414795
1.0   -7.208737373352051
1.0   37.140684843063354
1.0   34.496949434280396
1.0   -7.262950658798218
1.0   -7.251398086547852
1.0   -7.259388089179993
1.0   23.167178630828857
1.0   5.767838478088379
1.0   -6.531563639640808
1.0   4.347322940826416
1.0   -7.153306722640991
1.0   -7.208731114864349
1.0   -2.0872081518173218
1.0   -4.895110249519348
1.0   22.39546537399292
1.0   41.80599641799927
1.0   -7.179489612579346
1.0   14.713160991668701
1.0   59.019202709198
1.0   48.898417711257935
1.0   2.7156293392181396
1.0   31.917839527130127
1.0   9.475887298583984
1.0   -7.313344478607178
1.0   -7.277989625930786
1.0   28.462873935699463
1.0   32.032235860824585
1.0   57.60531544685364
1.0   30.135667324066162
1.0   -2.9324958324432373
1.0   40.75100588798523
1.0   1.0784554481506348
1.0   -7.120524883270264
1.0   9.948179721832275
1.0   22.835768699645996
1.0   1.4418354034423828
1.0   10.235238075256348
1.0   40.76654553413391
1.0   13.613142967224121
1.0   36.91484451293945
1.0   27.867791891098022
1.0   -7.157717823982239
1.0   19.209050178527832
1.0   43.02792239189148
1.0   22.559484004974365
1.0   -6.703170895576477
1.0   -7.156063199043274
1.0   -7.034562468528748
1.0   -6.150806546211243
1.0   11.375648498535156
1.0   16.836931228637695
1.0   -3.09926438331604
1.0   -0.612515926361084
1.0   -6.557992458343506
1.0   -5.02689790725708
1.0   15.715852499008179
1.0   3.0775442123413086
1.0   -7.177851319313049
1.0   -4.248229742050171
1.0   -7.121792912483215
1.0   -7.25836706161499
1.0   0.48679447174072266
1.0   -0.8544889688491821
1.0   -7.154394209384918
1.0   -7.201540529727936
1.0   -7.214778482913971
1.0   -7.143514513969421
1.0   18.264789581298828
1.0   -6.767122566699982
1.0   -7.193902373313904
1.0   -7.238453209400177
1.0   -7.1611398458480835
1.0   -7.269171118736267
1.0   -7.244786381721497
1.0   -7.14888334274292
1.0   -7.159263730049133
1.0   -7.086972951889038
1.0   -7.20697557926178
1.0   -7.024706304073334
1.0   -7.2029629945755005
1.0   -7.17833799123764
1.0   -0.6787559986114502
1.0   -7.243851065635681
1.0   -7.1057674288749695
1.0   -6.303170204162598
0.0   -7.118710517883301
0.0   -7.174267649650574
0.0   -7.156254529953003
0.0   -7.156965255737305
0.0   -7.102241396903992
0.0   -7.136104106903076
0.0   -7.128973960876465
0.0   -7.002175867557526
0.0   -7.135167598724365
0.0   -7.188969850540161
0.0   -7.136104941368103
0.0   -7.139068841934204
0.0   -7.132796823978424
0.0   -7.171373188495636
0.0   -7.197837948799133
0.0   -7.128494620323181
0.0   -7.167488098144531
0.0   -7.1479034423828125
0.0   -7.17535924911499
0.0   -7.183179557323456
0.0   -7.07405412197113
0.0   -7.201499283313751
0.0   -7.1367692947387695
1.0   -6.952749609947205
1.0   14.887349367141724
1.0   -6.9601675271987915
1.0   12.614399433135986
1.0   6.530591726303101
1.0   -6.851855397224426
1.0   43.50148069858551
1.0   -7.078385353088379
1.0   -7.101254463195801
1.0   3.719517707824707
1.0   -0.6158533096313477
1.0   -7.004539489746094
1.0   -7.1903403997421265
1.0   -6.9782527685165405
1.0   -7.1152602434158325
1.0   37.30162739753723
1.0   34.65185236930847
1.0   -7.168726563453674
1.0   -7.158001065254211
1.0   -7.165264189243317
1.0   23.308732748031616
1.0   5.875861167907715
1.0   -6.443251192569733
1.0   4.4495155811309814
1.0   -7.059650540351868
1.0   -7.11446225643158
1.0   -1.9940534830093384
1.0   -4.804437637329102
1.0   22.530722618103027
1.0   41.976601362228394
1.0   -7.086112380027771
1.0   14.839741706848145
1.0   59.22913944721222
1.0   49.09028434753418
1.0   2.8164029121398926
1.0   32.06303429603577
1.0   9.593984127044678
1.0   -7.2189836502075195
1.0   -7.183708965778351
1.0   28.60567283630371
1.0   32.17916917800903
1.0   57.81784987449646
1.0   30.28380298614502
1.0   -2.8368072509765625
1.0   40.9276487827301
1.0   1.1819369792938232
1.0   -7.027452826499939
1.0   10.070572853088379
1.0   22.96969985961914
1.0   1.5507121086120605
1.0   10.353864192962646
1.0   40.946014642715454
1.0   13.742493152618408
1.0   37.082273721694946
1.0   28.006838083267212
1.0   -7.064848065376282
1.0   19.34835410118103
1.0   43.20336675643921
1.0   22.701781749725342
1.0   -6.6105154156684875
1.0   -7.062701106071472
1.0   -6.941320955753326
1.0   -6.057302832603455
1.0   11.493743419647217
1.0   16.962584257125854
1.0   -3.0060670375823975
1.0   -0.5156962871551514
1.0   -6.464459180831909
1.0   -4.932724475860596
1.0   15.843867778778076
1.0   3.1902594566345215
1.0   -7.083516895771027
1.0   -4.153195858001709
1.0   -7.028290867805481
1.0   -7.164091408252716
1.0   0.5816590785980225
1.0   -0.7551729679107666
1.0   -7.060978174209595
1.0   -7.107633471488953
1.0   -7.120971322059631
1.0   -7.04990029335022
1.0   18.384023666381836
1.0   -6.675794541835785
1.0   -7.10063636302948
1.0   -7.1447014808654785
1.0   -7.067077279090881
1.0   -7.175005197525024
1.0   -7.150470495223999
1.0   -7.055466175079346
1.0   -7.065724611282349
1.0   -6.993535995483398
1.0   -7.112258553504944
1.0   -6.931669056415558
1.0   -7.109044790267944
1.0   -7.084439158439636
1.0   -0.5773329734802246
1.0   -7.1495726108551025
1.0   -7.0125943422317505
1.0   -6.211793065071106
0.0   -7.0084962248802185
0.0   -7.063926100730896
0.0   -7.045091032981873
0.0   -7.046879172325134
0.0   -6.99190366268158
0.0   -7.025716543197632
0.0   -7.0193082094192505
0.0   -6.892685115337372
0.0   -7.025505065917969
0.0   -7.078942000865936
0.0   -7.0264400243759155
0.0   -7.029173135757446
0.0   -7.0232208371162415
0.0   -7.06192409992218
0.0   -7.087616980075836
0.0   -7.018516421318054
0.0   -7.057816386222839
0.0   -7.037279725074768
0.0   -7.065064907073975
0.0   -7.073049783706665
0.0   -6.964125335216522
0.0   -7.090956926345825
0.0   -7.026922583580017
1.0   -6.8448861837387085
1.0   15.01500129699707
1.0   -6.850828051567078
1.0   12.747776985168457
1.0   6.642056226730347
1.0   -6.743642568588257
1.0   43.66938936710358
1.0   -6.969579458236694
1.0   -6.990617752075195
1.0   3.836826205253601
1.0   -0.5104475021362305
1.0   -6.896416544914246
1.0   -7.080239534378052
1.0   -6.868696570396423
1.0   -7.005694031715393
1.0   37.44456601142883
1.0   34.79177188873291
1.0   -7.0583720207214355
1.0   -7.048478722572327
1.0   -7.055417537689209
1.0   23.447354316711426
1.0   5.990706920623779
1.0   -6.339602589607239
1.0   4.559469699859619
1.0   -6.950060606002808
1.0   -7.004377722740173
1.0   -1.8888084888458252
1.0   -4.699197053909302
1.0   22.660807371139526
1.0   42.12918722629547
1.0   -6.976683139801025
1.0   14.968627452850342
1.0   59.41241097450256
1.0   49.259074211120605
1.0   2.925063133239746
1.0   32.196956157684326
1.0   9.72138500213623
1.0   -7.108770132064819
1.0   -7.073372721672058
1.0   28.73597025871277
1.0   32.31333303451538
1.0   58.00681126117706
1.0   30.42667865753174
1.0   -2.7305219173431396
1.0   41.08438301086426
1.0   1.2971811294555664
1.0   -6.917899966239929
1.0   10.198779582977295
1.0   23.099803924560547
1.0   1.671391487121582
1.0   10.472951412200928
1.0   41.099071741104126
1.0   13.86869192123413
1.0   37.23118734359741
1.0   28.1354877948761
1.0   -6.95632129907608
1.0   19.47959280014038
1.0   43.35969877243042
1.0   22.842726469039917
1.0   -6.501607298851013
1.0   -6.953492641448975
1.0   -6.832584023475647
1.0   -5.948954343795776
1.0   11.612579345703125
1.0   17.07848048210144
1.0   -2.9022467136383057
1.0   -0.4066123962402344
1.0   -6.355840444564819
1.0   -4.825292348861694
1.0   15.97371530532837
1.0   3.3100473880767822
1.0   -6.973267912864685
1.0   -4.044147729873657
1.0   -6.919041633605957
1.0   -7.053800821304321
1.0   0.6853244304656982
1.0   -0.6456940174102783
1.0   -6.951139509677887
1.0   -6.998115003108978
1.0   -7.0112584233284
1.0   -6.940213978290558
1.0   18.49401569366455
1.0   -6.5691821575164795
1.0   -6.991580009460449
1.0   -7.034743010997772
1.0   -6.957194447517395
1.0   -7.0649110078811646
1.0   -7.040198743343353
1.0   -6.946380615234375
1.0   -6.956523954868317
1.0   -6.883777499198914
1.0   -7.001464903354645
1.0   -6.823209762573242
1.0   -6.99942547082901
1.0   -6.974478006362915
1.0   -0.4669140577316284
1.0   -7.03942596912384
1.0   -6.903451323509216
1.0   -6.106236696243286
0.0   -6.890908241271973
0.0   -6.946096241474152
0.0   -6.925391316413879
0.0   -6.929363489151001
0.0   -6.873856902122498
0.0   -6.907277941703796
0.0   -6.90219783782959
0.0   -6.775666415691376
0.0   -6.908304870128632
0.0   -6.9612717628479
0.0   -6.908391296863556
0.0   -6.911805152893066
0.0   -6.905922532081604
0.0   -6.9444862604141235
0.0   -6.969728350639343
0.0   -6.901084303855896
0.0   -6.939280867576599
0.0   -6.918119370937347
0.0   -6.947301268577576
0.0   -6.955175518989563
0.0   -6.8454039096832275
0.0   -6.972941160202026
0.0   -6.908742189407349
1.0   -6.72977602481842
1.0   15.13771939277649
1.0   -6.733562588691711
1.0   12.879698753356934
1.0   6.751122713088989
1.0   -6.628136038780212
1.0   43.80752611160278
1.0   -6.853087544441223
1.0   -6.871511101722717
1.0   3.955393075942993
1.0   -0.4011925458908081
1.0   -6.7791255712509155
1.0   -6.962079048156738
1.0   -6.751547694206238
1.0   -6.887883901596069
1.0   37.55516767501831
1.0   34.90543007850647
1.0   -6.939432501792908
1.0   -6.930967688560486
1.0   -6.938108861446381
1.0   23.577836751937866
1.0   6.107500791549683
1.0   -6.227705478668213
1.0   4.672645568847656
1.0   -6.83206707239151
1.0   -6.88655960559845
1.0   -1.7771276235580444
1.0   -4.586679935455322
1.0   22.777469158172607
1.0   42.2519953250885
1.0   -6.858242869377136
1.0   15.093397617340088
1.0   59.55446135997772
1.0   49.39213252067566
1.0   3.036530017852783
1.0   32.31269359588623
1.0   9.85061502456665
1.0   -6.989913105964661
1.0   -6.955409049987793
1.0   28.843982696533203
1.0   32.4218887090683
1.0   58.15227138996124
1.0   30.552681922912598
1.0   -2.6191701889038086
1.0   41.20674550533295
1.0   1.4190754890441895
1.0   -6.800547957420349
1.0   10.324731826782227
1.0   23.215455293655396
1.0   1.7958333492279053
1.0   10.584594488143921
1.0   41.21519708633423
1.0   13.985054016113281
1.0   37.34776544570923
1.0   28.245084285736084
1.0   -6.839599609375
1.0   19.60222864151001
1.0   43.48672938346863
1.0   22.977823495864868
1.0   -6.385455369949341
1.0   -6.836621522903442
1.0   -6.716171383857727
1.0   -5.833809494972229
1.0   11.72471809387207
1.0   17.180665254592896
1.0   -2.7915695905685425
1.0   -0.29223060607910156
1.0   -6.239615082740784
1.0   -4.711060881614685
1.0   16.099114894866943
1.0   3.4289050102233887
1.0   -6.85534942150116
1.0   -3.927947759628296
1.0   -6.802173376083374
1.0   -6.9359612464904785
1.0   0.7939921617507935
1.0   -0.5321735143661499
1.0   -6.83341908454895
1.0   -6.880064010620117
1.0   -6.893089294433594
1.0   -6.822059988975525
1.0   18.58509087562561
1.0   -6.4544912576675415
1.0   -6.874623775482178
1.0   -6.917306423187256
1.0   -6.839869022369385
1.0   -6.947062134742737
1.0   -6.922412395477295
1.0   -6.828990578651428
1.0   -6.83991277217865
1.0   -6.765847325325012
1.0   -6.882091283798218
1.0   -6.706476867198944
1.0   -6.882228314876556
1.0   -6.856683135032654
1.0   -0.35344362258911133
1.0   -6.921512007713318
1.0   -6.786186575889587
1.0   -5.993825793266296
0.0   -6.76355642080307
0.0   -6.818565726280212
0.0   -6.797034442424774
0.0   -6.802929639816284
0.0   -6.74612295627594
0.0   -6.77973484992981
0.0   -6.774579763412476
0.0   -6.649728417396545
0.0   -6.781235933303833
0.0   -6.83479380607605
0.0   -6.78061056137085
0.0   -6.7844555377960205
0.0   -6.77811324596405
0.0   -6.817130446434021
0.0   -6.842307806015015
0.0   -6.773489475250244
0.0   -6.812015056610107
0.0   -6.78916609287262
0.0   -6.819862008094788
0.0   -6.827387094497681
0.0   -6.717305898666382
0.0   -6.846320748329163
0.0   -6.781592965126038
1.0   -6.6057703495025635
1.0   15.256178855895996
1.0   -6.606775939464569
1.0   13.008615493774414
1.0   6.857711315155029
1.0   -6.503673553466797
1.0   43.916534066200256
1.0   -6.726961612701416
1.0   -6.743030786514282
1.0   4.0776578187942505
1.0   -0.28859972953796387
1.0   -6.652725100517273
1.0   -6.83439439535141
1.0   -6.624809741973877
1.0   -6.760152459144592
1.0   37.639829874038696
1.0   34.992557406425476
1.0   -6.81049656867981
1.0   -6.803587436676025
1.0   -6.810578167438507
1.0   23.69961929321289
1.0   6.226291179656982
1.0   -6.106781244277954
1.0   4.790634632110596
1.0   -6.704778611660004
1.0   -6.75936496257782
1.0   -1.6581803560256958
1.0   -4.465591549873352
1.0   22.880424976348877
1.0   42.34378969669342
1.0   -6.730386197566986
1.0   15.209313869476318
1.0   59.65914440155029
1.0   49.496129870414734
1.0   3.153687000274658
1.0   32.40852880477905
1.0   9.980913162231445
1.0   -6.862176895141602
1.0   -6.82887077331543
1.0   28.932958126068115
1.0   32.509103417396545
1.0   58.25696527957916
1.0   30.66513204574585
1.0   -2.5026235580444336
1.0   41.30008256435394
1.0   1.547497034072876
1.0   -6.673945486545563
1.0   10.44763994216919
1.0   23.318233728408813
1.0   1.9266936779022217
1.0   10.689775466918945
1.0   41.30056095123291
1.0   14.092960834503174
1.0   37.43525040149689
1.0   28.335240602493286
1.0   -6.713581204414368
1.0   19.71423053741455
1.0   43.58792293071747
1.0   23.106669664382935
1.0   -6.261052131652832
1.0   -6.709288060665131
1.0   -6.590843081474304
1.0   -5.710500121116638
1.0   11.829021453857422
1.0   17.27266550064087
1.0   -2.6746283769607544
1.0   -0.17165207862854004
1.0   -6.114826500415802
1.0   -4.588031053543091
1.0   16.21846866607666
1.0   3.5480778217315674
1.0   -6.727576196193695
1.0   -3.803493022918701
1.0   -6.675433874130249
1.0   -6.807595193386078
1.0   0.9064710140228271
1.0   -0.4154587984085083
1.0   -6.707078158855438
1.0   -6.752938747406006
1.0   -6.765438377857208
1.0   -6.694387793540955
1.0   18.662750482559204
1.0   -6.331180095672607
1.0   -6.747475624084473
1.0   -6.790861129760742
1.0   -6.7133448123931885
1.0   -6.819728136062622
1.0   -6.796051979064941
1.0   -6.702430009841919
1.0   -6.713675260543823
1.0   -6.6387717723846436
1.0   -6.754015564918518
1.0   -6.581256151199341
1.0   -6.754437685012817
1.0   -6.729561448097229
1.0   -0.23580408096313477
1.0   -6.795060634613037
1.0   -6.658257484436035
1.0   -5.871125936508179
0.0   -6.62404990196228
0.0   -6.678939580917358
0.0   -6.656619727611542
0.0   -6.663429141044617
0.0   -6.606926262378693
0.0   -6.64017379283905
0.0   -6.6358619928359985
0.0   -6.512457609176636
0.0   -6.642488539218903
0.0   -6.695627272129059
0.0   -6.641846835613251
0.0   -6.64526104927063
0.0   -6.639343023300171
0.0   -6.678124904632568
0.0   -6.702390074729919
0.0   -6.634245216846466
0.0   -6.67283821105957
0.0   -6.649176716804504
0.0   -6.680236637592316
0.0   -6.6878491044044495
0.0   -6.578256845474243
0.0   -6.707375764846802
0.0   -6.642385244369507
1.0   -6.469773769378662
1.0   15.365610837936401
1.0   -6.469040334224701
1.0   13.131702899932861
1.0   6.957695960998535
1.0   -6.367530584335327
1.0   43.99508440494537
1.0   -6.589001655578613
1.0   -6.602864623069763
1.0   4.201448917388916
1.0   -0.1727766990661621
1.0   -6.5154812932014465
1.0   -6.694692134857178
1.0   -6.48723965883255
1.0   -6.621519029140472
1.0   37.69537436962128
1.0   35.05416643619537
1.0   -6.670462012290955
1.0   -6.664614200592041
1.0   -6.671385705471039
1.0   23.81112813949585
1.0   6.345920562744141
1.0   -5.975200533866882
1.0   4.910513877868652
1.0   -6.566364884376526
1.0   -6.6199198961257935
1.0   -1.5322411060333252
1.0   -4.3358399868011475
1.0   22.969040870666504
1.0   42.40320408344269
1.0   -6.591631650924683
1.0   15.318416118621826
1.0   59.72220289707184
1.0   49.56343299150467
1.0   3.2733330726623535
1.0   32.48317551612854
1.0   10.113693237304688
1.0   -6.722394704818726
1.0   -6.689423859119415
1.0   29.001492500305176
1.0   32.57153367996216
1.0   58.317294895648956
1.0   30.75925087928772
1.0   -2.3805525302886963
1.0   41.36106610298157
1.0   1.6810863018035889
1.0   -6.535925388336182
1.0   10.567150115966797
1.0   23.4093918800354
1.0   2.062993288040161
1.0   10.788105964660645
1.0   41.35102558135986
1.0   14.191672563552856
1.0   37.49203395843506
1.0   28.405831813812256
1.0   -6.575640082359314
1.0   19.812278270721436
1.0   43.65762174129486
1.0   23.22618007659912
1.0   -6.124781608581543
1.0   -6.570894837379456
1.0   -6.453953921794891
1.0   -5.577122330665588
1.0   11.918052911758423
1.0   17.352696180343628
1.0   -2.550328254699707
1.0   -0.04420042037963867
1.0   -5.979364812374115
1.0   -4.4557987451553345
1.0   16.33061647415161
1.0   3.6689414978027344
1.0   -6.587777674198151
1.0   -3.6708085536956787
1.0   -6.537081956863403
1.0   -6.667969703674316
1.0   1.0251498222351074
1.0   -0.29430997371673584
1.0   -6.568741083145142
1.0   -6.613840997219086
1.0   -6.626074254512787
1.0   -6.555865526199341
1.0   18.723520278930664
1.0   -6.196756720542908
1.0   -6.609379291534424
1.0   -6.651908993721008
1.0   -6.574123740196228
1.0   -6.679687857627869
1.0   -6.656735122203827
1.0   -6.563959121704102
1.0   -6.5754507184028625
1.0   -6.500742852687836
1.0   -6.613740682601929
1.0   -6.4446717500686646
1.0   -6.615691423416138
1.0   -6.5911678075790405
1.0   -0.11442673206329346
1.0   -6.655892491340637
1.0   -6.519208073616028
1.0   -5.7384397983551025
0.0   -6.487677335739136
0.0   -6.542418837547302
0.0   -6.519205212593079
0.0   -6.527179956436157
0.0   -6.470251083374023
0.0   -6.503151178359985
0.0   -6.499273777008057
0.0   -6.376551389694214
0.0   -6.506020188331604
0.0   -6.558804392814636
0.0   -6.506015121936798
0.0   -6.508967280387878
0.0   -6.503422498703003
0.0   -6.541305184364319
0.0   -6.565639019012451
0.0   -6.497661590576172
0.0   -6.536325752735138
0.0   -6.511823773384094
0.0   -6.543809652328491
0.0   -6.550808548927307
0.0   -6.44180303812027
0.0   -6.5707314014434814
0.0   -6.505733489990234
1.0   -6.3359163999557495
1.0   15.446223974227905
1.0   -6.3344409465789795
1.0   13.233151197433472
1.0   7.031663417816162
1.0   -6.233901619911194
1.0   44.004120111465454
1.0   -6.453779935836792
1.0   -6.46614682674408
1.0   4.316044569015503
1.0   -0.06516313552856445
1.0   -6.3813729882240295
1.0   -6.558107614517212
1.0   -6.352969765663147
1.0   -6.485724449157715
1.0   37.69024872779846
1.0   35.05821633338928
1.0   -6.5329737067222595
1.0   -6.528059005737305
1.0   -6.534555554389954
1.0   23.887560606002808
1.0   6.4532928466796875
1.0   -5.845970094203949
1.0   5.021156549453735
1.0   -6.430346727371216
1.0   -6.48284387588501
1.0   -1.4108492136001587
1.0   -4.210421919822693
1.0   23.02413034439087
1.0   42.3926647901535
1.0   -6.455818295478821
1.0   15.402913808822632
1.0   59.69995802640915
1.0   49.55120450258255
1.0   3.383617877960205
1.0   32.51025438308716
1.0   10.23404598236084
1.0   -6.585562348365784
1.0   -6.552715539932251
1.0   29.02186131477356
1.0   32.58264863491058
1.0   58.28463214635849
1.0   30.813485860824585
1.0   -2.2644827365875244
1.0   41.351797103881836
1.0   1.808192253112793
1.0   -6.400868356227875
1.0   10.66940450668335
1.0   23.467273235321045
1.0   2.191417694091797
1.0   10.852566003799438
1.0   41.32634615898132
1.0   14.258557081222534
1.0   37.48161816596985
1.0   28.429356575012207
1.0   -6.440129220485687
1.0   19.87764286994934
1.0   43.65998899936676
1.0   23.3182373046875
1.0   -5.990218281745911
1.0   -6.435328662395477
1.0   -6.319711446762085
1.0   -5.4466493129730225
1.0   11.974054336547852
1.0   17.399197340011597
1.0   -2.431938648223877
1.0   0.07818031311035156
1.0   -5.8469061851501465
1.0   -4.327840209007263
1.0   16.41978883743286
1.0   3.7736411094665527
1.0   -6.451354563236237
1.0   -3.5426175594329834
1.0   -6.40155428647995
1.0   -6.531691789627075
1.0   1.1373767852783203
1.0   -0.1811230182647705
1.0   -6.433039426803589
1.0   -6.477761089801788
1.0   -6.48961341381073
1.0   -6.420114755630493
1.0   18.740373849868774
1.0   -6.065295517444611
1.0   -6.473966836929321
1.0   -6.515458405017853
1.0   -6.438440680503845
1.0   -6.542261242866516
1.0   -6.520147323608398
1.0   -6.428581893444061
1.0   -6.440526604652405
1.0   -6.3652424812316895
1.0   -6.475946664810181
1.0   -6.31011176109314
1.0   -6.479304850101471
1.0   -6.454361021518707
1.0   -0.0017150640487670898
1.0   -6.518777668476105
1.0   -6.382707417011261
1.0   -5.608266592025757
0.0   -6.359098315238953
0.0   -6.413707494735718
0.0   -6.389568567276001
0.0   -6.398632049560547
0.0   -6.341619312763214
0.0   -6.3740121722221375
0.0   -6.370747685432434
0.0   -6.248287200927734
0.0   -6.377920746803284
0.0   -6.429948210716248
0.0   -6.377619504928589
0.0   -6.380582630634308
0.0   -6.375359356403351
0.0   -6.412903964519501
0.0   -6.436654984951019
0.0   -6.369301915168762
0.0   -6.407563924789429
0.0   -6.38252329826355
0.0   -6.414950132369995
0.0   -6.4219436049461365
0.0   -6.313349723815918
0.0   -6.442241072654724
0.0   -6.377229034900665
1.0   -6.210204303264618
1.0   15.475746631622314
1.0   -6.207458257675171
1.0   13.298306941986084
1.0   7.0720579624176025
1.0   -6.109136343002319
1.0   43.9162802696228
1.0   -6.326166152954102
1.0   -6.336932301521301
1.0   4.410057902336121
1.0   0.025856733322143555
1.0   -6.254678845405579
1.0   -6.429276347160339
1.0   -6.226135551929474
1.0   -6.357902884483337
1.0   37.59899067878723
1.0   34.98254597187042
1.0   -6.403668642044067
1.0   -6.399673879146576
1.0   -6.4061466455459595
1.0   23.913650512695312
1.0   6.538318395614624
1.0   -5.725550830364227
1.0   5.111619472503662
1.0   -6.302016258239746
1.0   -6.353639125823975
1.0   -1.3022115230560303
1.0   -4.09608793258667
1.0   23.02584195137024
1.0   42.28799533843994
1.0   -6.327611684799194
1.0   15.449483156204224
1.0   59.5593421459198
1.0   49.43188941478729
1.0   3.4748876094818115
1.0   32.47115075588226
1.0   10.32853078842163
1.0   -6.456664144992828
1.0   -6.423923075199127
1.0   28.971986293792725
1.0   32.52264487743378
1.0   58.124882221221924
1.0   30.80490267276764
1.0   -2.162024974822998
1.0   41.244733929634094
1.0   1.919349193572998
1.0   -6.274038076400757
1.0   10.74272632598877
1.0   23.47021722793579
1.0   2.302973508834839
1.0   10.871840953826904
1.0   41.20009791851044
1.0   14.277719497680664
1.0   37.3802455663681
1.0   28.388110637664795
1.0   -6.312677502632141
1.0   19.887269496917725
1.0   43.571391582489014
1.0   23.363802433013916
1.0   -5.863862752914429
1.0   -6.307615876197815
1.0   -6.192314982414246
1.0   -5.325135886669159
1.0   11.988921165466309
1.0   17.397827863693237
1.0   -2.3257800340652466
1.0   0.18595147132873535
1.0   -5.7232266664505005
1.0   -4.211094379425049
1.0   16.471519947052002
1.0   3.852339267730713
1.0   -6.322704911231995
1.0   -3.4250869750976562
1.0   -6.2736064195632935
1.0   -6.402684271335602
1.0   1.2328084707260132
1.0   -0.08451724052429199
1.0   -6.305181205272675
1.0   -6.349326908588409
1.0   -6.360931754112244
1.0   -6.291471719741821
1.0   18.697470664978027
1.0   -5.940509796142578
1.0   -6.346520006656647
1.0   -6.386728525161743
1.0   -6.3103578090667725
1.0   -6.41329562664032
1.0   -6.391491532325745
1.0   -6.300768733024597
1.0   -6.312559247016907
1.0   -6.237983584403992
1.0   -6.347008168697357
1.0   -6.183600187301636
1.0   -6.351410508155823
1.0   -6.325903654098511
1.0   0.09403300285339355
1.0   -6.389739751815796
1.0   -6.2537535429000854
1.0   -5.487759113311768
0.0   -6.2130924463272095
0.0   -6.267567873001099
0.0   -6.242971897125244
0.0   -6.253066420555115
0.0   -6.195589542388916
0.0   -6.227132201194763
0.0   -6.225355625152588
0.0   -6.102094650268555
0.0   -6.232429325580597
0.0   -6.2840129137039185
0.0   -6.232112109661102
0.0   -6.23505699634552
0.0   -6.230270147323608
0.0   -6.267187833786011
0.0   -6.29049277305603
0.0   -6.223703384399414
0.0   -6.261800765991211
0.0   -6.23596054315567
0.0   -6.269005537033081
0.0   -6.275699615478516
0.0   -6.168011367321014
0.0   -6.296250581741333
0.0   -6.231720209121704
1.0   -6.067885100841522
1.0   15.490660905838013
1.0   -6.063751935958862
1.0   13.356991529464722
1.0   7.108717203140259
1.0   -5.967869341373444
1.0   43.78682732582092
1.0   -6.181283414363861
1.0   -6.190633177757263
1.0   4.507095098495483
1.0   0.12380433082580566
1.0   -6.1104737520217896
1.0   -6.283109188079834
1.0   -6.0820435881614685
1.0   -6.212732493877411
1.0   37.47118365764618
1.0   34.87155365943909
1.0   -6.256977081298828
1.0   -6.254139721393585
1.0   -6.260499536991119
1.0   23.92278528213501
1.0   6.625061750411987
1.0   -5.589333176612854
1.0   5.206584453582764
1.0   -6.156741619110107
1.0   -6.207318305969238
1.0   -1.182442545890808
1.0   -3.9683061838150024
1.0   23.006927967071533
1.0   42.14081299304962
1.0   -6.182114601135254
1.0   15.487935543060303
1.0   59.36137765645981
1.0   49.26504808664322
1.0   3.571584939956665
1.0   32.40620470046997
1.0   10.426520824432373
1.0   -6.309974730014801
1.0   -6.277706027030945
1.0   28.895933389663696
1.0   32.4331921339035
1.0   57.90499436855316
1.0   30.772522687911987
1.0   -2.0505975484848022
1.0   41.09551239013672
1.0   2.0407462120056152
1.0   -6.129860043525696
1.0   10.81721830368042
1.0   23.45433759689331
1.0   2.4241557121276855
1.0   10.883237838745117
1.0   41.03042483329773
1.0   14.284085512161255
1.0   37.2386280298233
1.0   28.321691751480103
1.0   -6.168539464473724
1.0   19.878608226776123
1.0   43.44173753261566
1.0   23.394757747650146
1.0   -5.721617698669434
1.0   -6.1627233028411865
1.0   -6.047460317611694
1.0   -5.188786149024963
1.0   11.995555877685547
1.0   17.383488655090332
1.0   -2.209773302078247
1.0   0.303924560546875
1.0   -5.583988964557648
1.0   -4.081415414810181
1.0   16.51786708831787
1.0   3.9356088638305664
1.0   -6.176400065422058
1.0   -3.2926435470581055
1.0   -6.128651142120361
1.0   -6.256391763687134
1.0   1.3345261812210083
1.0   0.019607901573181152
1.0   -6.159898042678833
1.0   -6.203307628631592
1.0   -6.214800536632538
1.0   -6.145612597465515
1.0   18.635767698287964
1.0   -5.7984126806259155
1.0   -6.201903939247131
1.0   -6.240350246429443
1.0   -6.164446413516998
1.0   -6.266821384429932
1.0   -6.245622515678406
1.0   -6.15587317943573
1.0   -6.16768205165863
1.0   -6.094016194343567
1.0   -6.200445532798767
1.0   -6.03855288028717
1.0   -6.20659875869751
1.0   -6.18035364151001
1.0   0.1979057788848877
1.0   -6.243664860725403
1.0   -6.107935965061188
1.0   -5.351604223251343
0.0   -6.0659074783325195
0.0   -6.120032906532288
0.0   -6.094609379768372
0.0   -6.106224954128265
0.0   -6.0477412939071655
0.0   -6.079192876815796
0.0   -6.079372465610504
0.0   -5.95483124256134
0.0   -6.085815787315369
0.0   -6.1365050077438354
0.0   -6.085699498653412
0.0   -6.088054776191711
0.0   -6.084103345870972
0.0   -6.120705008506775
0.0   -6.142850160598755
0.0   -6.076486647129059
0.0   -6.114808082580566
0.0   -6.088224530220032
0.0   -6.121238350868225
0.0   -6.128688931465149
0.0   -6.021288514137268
0.0   -6.148544073104858
0.0   -6.083459496498108
1.0   -5.925073027610779
1.0   15.471135139465332
1.0   -5.918386697769165
1.0   13.392351865768433
1.0   7.125781774520874
1.0   -5.824894428253174
1.0   43.589826464653015
1.0   -6.03544807434082
1.0   -6.043323040008545
1.0   4.59275484085083
1.0   0.21278810501098633
1.0   -5.96543675661087
1.0   -6.135359287261963
1.0   -5.935743927955627
1.0   -6.066460609436035
1.0   37.28420293331146
1.0   34.70415186882019
1.0   -6.108987927436829
1.0   -6.107010841369629
1.0   -6.114042222499847
1.0   23.897682905197144
1.0   6.699069023132324
1.0   -5.452745318412781
1.0   5.290885925292969
1.0   -6.0108466148376465
1.0   -6.059844374656677
1.0   -1.0673390626907349
1.0   -3.8436139822006226
1.0   22.954881191253662
1.0   41.9263219833374
1.0   -6.03518944978714
1.0   15.499998092651367
1.0   59.07254707813263
1.0   49.022998452186584
1.0   3.65789794921875
1.0   32.29667365550995
1.0   10.512790203094482
1.0   -6.161550521850586
1.0   -6.129506349563599
1.0   28.772481203079224
1.0   32.29818511009216
1.0   57.592200756073
1.0   30.697197675704956
1.0   -1.9453275203704834
1.0   40.879825472831726
1.0   2.157766103744507
1.0   -5.984634876251221
1.0   10.873494386672974
1.0   23.402839183807373
1.0   2.5392918586730957
1.0   10.868130207061768
1.0   40.791168212890625
1.0   14.26317310333252
1.0   37.03362274169922
1.0   28.211126565933228
1.0   -6.022995114326477
1.0   19.83809733390808
1.0   43.24759304523468
1.0   23.391469717025757
1.0   -5.579378008842468
1.0   -6.01709371805191
1.0   -5.901836633682251
1.0   -5.053709030151367
1.0   11.976991415023804
1.0   17.335901021957397
1.0   -2.099252939224243
1.0   0.4165830612182617
1.0   -5.443954288959503
1.0   -3.955494999885559
1.0   16.541793823242188
1.0   4.004188537597656
1.0   -6.028314232826233
1.0   -3.162930727005005
1.0   -5.98236483335495
1.0   -6.1088773012161255
1.0   1.4265332221984863
1.0   0.1148841381072998
1.0   -6.013346612453461
1.0   -6.054965615272522
1.0   -6.067054510116577
1.0   -5.998673141002655
1.0   18.53413462638855
1.0   -5.655943036079407
1.0   -6.056476354598999
1.0   -6.092934966087341
1.0   -6.016982436180115
1.0   -6.118772566318512
1.0   -6.098071575164795
1.0   -6.008135557174683
1.0   -6.0218178033828735
1.0   -5.948230266571045
1.0   -6.050917863845825
1.0   -5.892679214477539
1.0   -6.060402870178223
1.0   -6.032877683639526
1.0   0.29301702976226807
1.0   -6.096316695213318
1.0   -5.960956811904907
1.0   -5.217121362686157
0.0   -6.050139427185059
0.0   -6.104228973388672
0.0   -6.0787142515182495
0.0   -6.090480208396912
0.0   -6.031854152679443
0.0   -6.0633063316345215
0.0   -6.063764452934265
0.0   -5.93907243013382
0.0   -6.07013726234436
0.0   -6.120747208595276
0.0   -6.06997275352478
0.0   -6.072288990020752
0.0   -6.068410277366638
0.0   -6.105006098747253
0.0   -6.1270445585250854
0.0   -6.060739636421204
0.0   -6.098923325538635
0.0   -6.072234630584717
0.0   -6.105450868606567
0.0   -6.1129230260849
0.0   -6.005579590797424
0.0   -6.132727324962616
0.0   -6.067576169967651
1.0   -5.909666836261749
1.0   15.46703314781189
1.0   -5.902694225311279
1.0   13.395009994506836
1.0   7.126886367797852
1.0   -5.809588074684143
1.0   43.565298199653625
1.0   -6.0198482275009155
1.0   -6.027507424354553
1.0   4.601933598518372
1.0   0.22200512886047363
1.0   -5.94997775554657
1.0   -6.119574427604675
1.0   -5.92007303237915
1.0   -6.050788164138794
1.0   37.261443972587585
1.0   34.68381094932556
1.0   -6.093149542808533
1.0   -6.0912874937057495
1.0   -6.0983967781066895
1.0   23.893646001815796
1.0   6.706720352172852
1.0   -5.437964916229248
1.0   5.299768924713135
1.0   -5.995248079299927
1.0   -6.044083595275879
1.0   -1.0550470352172852
1.0   -3.8301666975021362
1.0   22.948023319244385
1.0   41.90014958381653
1.0   -6.01949667930603
1.0   15.500572681427002
1.0   59.03689396381378
1.0   48.99278914928436
1.0   3.6669576168060303
1.0   32.28308343887329
1.0   10.521488189697266
1.0   -6.145658612251282
1.0   -6.113685607910156
1.0   28.757325887680054
1.0   32.28172445297241
1.0   57.5538284778595
1.0   30.68766701221466
1.0   -1.9341580867767334
1.0   40.853750348091125
1.0   2.170381546020508
1.0   -5.969135642051697
1.0   10.878955841064453
1.0   23.39580988883972
1.0   2.5515785217285156
1.0   10.86575174331665
1.0   40.76267194747925
1.0   14.259811162948608
1.0   37.00874972343445
1.0   28.197588682174683
1.0   -6.007392346858978
1.0   19.832730293273926
1.0   43.2238632440567
1.0   23.389638900756836
1.0   -5.56417989730835
1.0   -6.0014612674713135
1.0   -5.886270523071289
1.0   -5.039298415184021
1.0   11.974045753479004
1.0   17.32952070236206
1.0   -2.0875004529953003
1.0   0.4285624027252197
1.0   -5.428924798965454
1.0   -3.9420899152755737
1.0   16.543474197387695
1.0   4.0109336376190186
1.0   -6.012544631958008
1.0   -3.149097204208374
1.0   -5.966738045215607
1.0   -6.093098044395447
1.0   1.4361982345581055
1.0   0.12478744983673096
1.0   -5.997687935829163
1.0   -6.039049327373505
1.0   -6.051169395446777
1.0   -5.982863962650299
1.0   18.521655559539795
1.0   -5.6407188177108765
1.0   -6.04087507724762
1.0   -6.077028274536133
1.0   -6.001240491867065
1.0   -6.102952480316162
1.0   -6.082288980484009
1.0   -5.992356836795807
1.0   -6.00615119934082
1.0   -5.932666778564453
1.0   -6.034921646118164
1.0   -5.877068400382996
1.0   -6.044713139533997
1.0   -6.017000675201416
1.0   0.3028075695037842
1.0   -6.080492854118347
1.0   -5.945214152336121
1.0   -5.202749729156494
0.0   -6.032927513122559
0.0   -6.086964726448059
0.0   -6.061395049095154
0.0   -6.073249340057373
0.0   -6.014509439468384
0.0   -6.045961141586304
0.0   -6.046746850013733
0.0   -5.921931862831116
0.0   -6.053024411201477
0.0   -6.103524804115295
0.0   -6.052838444709778
0.0   -6.055097699165344
0.0   -6.051316916942596
0.0   -6.087834537029266
0.0   -6.109768927097321
0.0   -6.043519973754883
0.0   -6.081601560115814
0.0   -6.054829359054565
0.0   -6.088219523429871
0.0   -6.09570038318634
0.0   -5.988426089286804
0.0   -6.115461587905884
0.0   -6.050249338150024
1.0   -5.892886400222778
1.0   15.461198091506958
1.0   -5.885573863983154
1.0   13.395820140838623
1.0   7.126859903335571
1.0   -5.792896807193756
1.0   43.533928871154785
1.0   -6.00288712978363
1.0   -6.01024055480957
1.0   4.610817074775696
1.0   0.2313539981842041
1.0   -5.933084547519684
1.0   -6.102322220802307
1.0   -5.903034210205078
1.0   -6.0337183475494385
1.0   37.232688426971436
1.0   34.65729224681854
1.0   -6.07586532831192
1.0   -6.074158728122711
1.0   -6.081248342990875
1.0   23.885847091674805
1.0   6.713680744171143
1.0   -5.421929478645325
1.0   5.308159112930298
1.0   -5.978288650512695
1.0   -6.02689266204834
1.0   -1.042170524597168
1.0   -3.8158016204833984
1.0   22.93732762336731
1.0   41.86684739589691
1.0   -6.002412557601929
1.0   15.498646259307861
1.0   58.99204993247986
1.0   48.95508086681366
1.0   3.675755500793457
1.0   32.264381885528564
1.0   10.52920150756836
1.0   -6.128387093544006
1.0   -6.096433520317078
1.0   28.737345695495605
1.0   32.25955367088318
1.0   57.50659096240997
1.0   30.673012256622314
1.0   -1.9225363731384277
1.0   40.82074499130249
1.0   2.1829833984375
1.0   -5.952207922935486
1.0   10.882878065109253
1.0   23.38523578643799
1.0   2.5638580322265625
1.0   10.861381769180298
1.0   40.726654291152954
1.0   14.254084587097168
1.0   36.97744679450989
1.0   28.179035663604736
1.0   -5.990375757217407
1.0   19.82392644882202
1.0   43.19296383857727
1.0   23.38407611846924
1.0   -5.54765784740448
1.0   -5.984422922134399
1.0   -5.869302153587341
1.0   -5.023665428161621
1.0   11.969003677368164
1.0   17.32038974761963
1.0   -2.07534921169281
1.0   0.4409642219543457
1.0   -5.412618160247803
1.0   -3.92756986618042
1.0   16.542567253112793
1.0   4.017037391662598
1.0   -5.9953086376190186
1.0   -3.134417176246643
1.0   -5.9496952295303345
1.0   -6.075880646705627
1.0   1.445969581604004
1.0   0.13476121425628662
1.0   -5.980648875236511
1.0   -6.021714210510254
1.0   -6.0338417291641235
1.0   -5.965630531311035
1.0   18.505833625793457
1.0   -5.62416398525238
1.0   -6.023873507976532
1.0   -6.059714674949646
1.0   -5.984057188034058
1.0   -6.085704565048218
1.0   -6.0650516748428345
1.0   -5.975131869316101
1.0   -5.988985061645508
1.0   -5.915686726570129
1.0   -6.017492651939392
1.0   -5.860110521316528
1.0   -6.0276490449905396
1.0   -5.999674320220947
1.0   0.31278061866760254
1.0   -6.063238739967346
1.0   -5.92808198928833
1.0   -5.187090039253235
0.0   -6.0155534744262695
0.0   -6.0695605874061584
0.0   -6.043939113616943
0.0   -6.05586838722229
0.0   -5.996994495391846
0.0   -6.028463840484619
0.0   -6.029558777809143
0.0   -5.904687881469727
0.0   -6.035764753818512
0.0   -6.086150884628296
0.0   -6.035577237606049
0.0   -6.037751615047455
0.0   -6.034054338932037
0.0   -6.07054078578949
0.0   -6.092343330383301
0.0   -6.02617073059082
0.0   -6.064162492752075
0.0   -6.037283897399902
0.0   -6.070863127708435
0.0   -6.078368008136749
0.0   -5.971112608909607
0.0   -6.098048210144043
0.0   -6.032801270484924
1.0   -5.875995993614197
1.0   15.452113389968872
1.0   -5.868298292160034
1.0   13.394821643829346
1.0   7.125660419464111
1.0   -5.776114463806152
1.0   43.49689257144928
1.0   -5.985765099525452
1.0   -5.992669105529785
1.0   4.619130969047546
1.0   0.2401975393295288
1.0   -5.915943026542664
1.0   -6.084960162639618
1.0   -5.885887622833252
1.0   -6.016518831253052
1.0   37.198951959609985
1.0   34.62639081478119
1.0   -6.058459639549255
1.0   -6.05687415599823
1.0   -6.063942790031433
1.0   23.875459671020508
1.0   6.719630002975464
1.0   -5.405873954296112
1.0   5.315590858459473
1.0   -5.961223363876343
1.0   -6.009619951248169
1.0   -1.029666781425476
1.0   -3.8015921115875244
1.0   22.924156665802002
1.0   41.82824265956879
1.0   -5.985195219516754
1.0   15.494710922241211
1.0   58.93961691856384
1.0   48.910741329193115
1.0   3.684013843536377
1.0   32.24171578884125
1.0   10.5354905128479
1.0   -6.110988438129425
1.0   -6.079043865203857
1.0   28.713528156280518
1.0   32.23376262187958
1.0   57.451128125190735
1.0   30.65499496459961
1.0   -1.9110846519470215
1.0   40.78216886520386
1.0   2.195145845413208
1.0   -5.935070872306824
1.0   10.885443210601807
1.0   23.371349334716797
1.0   2.575747489929199
1.0   10.855483055114746
1.0   40.68529009819031
1.0   14.246630430221558
1.0   36.940916538238525
1.0   28.15702533721924
1.0   -5.973211884498596
1.0   19.812785625457764
1.0   43.157177090644836
1.0   23.376028060913086
1.0   -5.5311044454574585
1.0   -5.967201113700867
1.0   -5.8522292375564575
1.0   -5.007811784744263
1.0   11.962234497070312
1.0   17.308906078338623
1.0   -2.0632760524749756
1.0   0.452944278717041
1.0   -5.396293580532074
1.0   -3.9132535457611084
1.0   16.539865016937256
1.0   4.022223711013794
1.0   -5.977912425994873
1.0   -3.1197993755340576
1.0   -5.9325292110443115
1.0   -6.058511018753052
1.0   1.4552007913589478
1.0   0.1443880796432495
1.0   -5.963427841663361
1.0   -6.004252791404724
1.0   -6.016376972198486
1.0   -5.9483418464660645
1.0   18.487176179885864
1.0   -5.607492566108704
1.0   -6.006723940372467
1.0   -6.042276084423065
1.0   -5.966740846633911
1.0   -6.068384766578674
1.0   -6.0476402044296265
1.0   -5.95776891708374
1.0   -5.971637010574341
1.0   -5.898582220077515
1.0   -5.999922513961792
1.0   -5.843036115169525
1.0   -6.010486125946045
1.0   -5.982170939445496
1.0   0.32225966453552246
1.0   -6.045825242996216
1.0   -5.910768508911133
1.0   -5.171486139297485
0.0   -5.997477412223816
0.0   -6.051435828208923
0.0   -6.025623321533203
0.0   -6.0377901792526245
0.0   -5.9787757396698
0.0   -6.010255217552185
0.0   -6.011604189872742
0.0   -5.886718392372131
0.0   -6.017817437648773
0.0   -6.068074345588684
0.0   -6.01757276058197
0.0   -6.0196757316589355
0.0   -6.016075968742371
0.0   -6.052531123161316
0.0   -6.0742082595825195
0.0   -6.0081082582473755
0.0   -6.0459983348846436
0.0   -6.019005060195923
0.0   -6.052769362926483
0.0   -6.060314893722534
0.0   -5.9530158042907715
0.0   -6.079929232597351
0.0   -6.014641165733337
1.0   -5.858386278152466
1.0   15.443349599838257
1.0   -5.850331783294678
1.0   13.395698308944702
1.0   7.125470876693726
1.0   -5.758683085441589
1.0   43.462777495384216
1.0   -5.967919826507568
1.0   -5.974399209022522
1.0   4.628053426742554
1.0   0.24988842010498047
1.0   -5.898105621337891
1.0   -6.066872239112854
1.0   -5.867977738380432
1.0   -5.998602330684662
1.0   37.169023633003235
1.0   34.59916627407074
1.0   -6.040338516235352
1.0   -6.038911938667297
1.0   -6.045940399169922
1.0   23.867875576019287
1.0   6.7271645069122314
1.0   -5.389106273651123
1.0   5.32466721534729
1.0   -5.943464994430542
1.0   -5.991665959358215
1.0   -1.0159809589385986
1.0   -3.7866485118865967
1.0   22.91363000869751
1.0   41.79341125488281
1.0   -5.9672709703445435
1.0   15.49287748336792
1.0   58.8918035030365
1.0   48.87025439739227
1.0   3.6937673091888428
1.0   32.22276473045349
1.0   10.543962478637695
1.0   -6.092768847942352
1.0   -6.060914397239685
1.0   28.692636489868164
1.0   32.2110161781311
1.0   57.40020990371704
1.0   30.639952182769775
1.0   -1.8988362550735474
1.0   40.747358322143555
1.0   2.2088418006896973
1.0   -5.917257905006409
1.0   10.889995574951172
1.0   23.36006450653076
1.0   2.589128255844116
1.0   10.850897312164307
1.0   40.64763426780701
1.0   14.241114616394043
1.0   36.90819954872131
1.0   28.138210773468018
1.0   -5.95536208152771
1.0   19.804399967193604
1.0   43.12512791156769
1.0   23.371000289916992
1.0   -5.513820767402649
1.0   -5.949302494525909
1.0   -5.834479928016663
1.0   -4.991049885749817
1.0   11.956913232803345
1.0   17.29918885231018
1.0   -2.050436019897461
1.0   0.4661898612976074
1.0   -5.379240274429321
1.0   -3.8985730409622192
1.0   16.53952980041504
1.0   4.0286078453063965
1.0   -5.959825873374939
1.0   -3.104407548904419
1.0   -5.914645135402679
1.0   -6.0404534339904785
1.0   1.465279221534729
1.0   0.1549994945526123
1.0   -5.9455249309539795
1.0   -5.986069679260254
1.0   -5.998231649398804
1.0   -5.930305004119873
1.0   18.469965934753418
1.0   -5.590122580528259
1.0   -5.988862454891205
1.0   -6.024082899093628
1.0   -5.948710203170776
1.0   -6.0503204464912415
1.0   -6.029567241668701
1.0   -5.939704895019531
1.0   -5.953582167625427
1.0   -5.880749702453613
1.0   -5.9816166162490845
1.0   -5.825233817100525
1.0   -5.9925655126571655
1.0   -5.9639846086502075
1.0   0.3327641487121582
1.0   -6.027703881263733
1.0   -5.89274799823761
1.0   -5.155362486839294
0.0   -5.9796377420425415
0.0   -6.033566236495972
0.0   -6.007541656494141
0.0   -6.019945740699768
0.0   -5.9608049392700195
0.0   -5.992310881614685
0.0   -5.993945002555847
0.0   -5.868987321853638
0.0   -6.000119686126709
0.0   -6.050263822078705
0.0   -5.999858736991882
0.0   -6.001881122589111
0.0   -5.998387634754181
0.0   -6.034787535667419
0.0   -6.0563108921051025
0.0   -5.990289807319641
0.0   -6.028099536895752
0.0   -6.000990152359009
0.0   -6.0349414348602295
0.0   -6.042532563209534
0.0   -5.935108423233032
0.0   -6.062082350254059
0.0   -5.996744275093079
1.0   -5.841058671474457
1.0   15.43407917022705
1.0   -5.832598567008972
1.0   13.395775556564331
1.0   7.12441086769104
1.0   -5.741448938846588
1.0   43.42494738101959
1.0   -5.950201451778412
1.0   -5.956318974494934
1.0   4.637051582336426
1.0   0.259321928024292
1.0   -5.880535244941711
1.0   -6.049020886421204
1.0   -5.850305914878845
1.0   -5.980943322181702
1.0   37.13501036167145
1.0   34.56813716888428
1.0   -6.022465109825134
1.0   -6.02120703458786
1.0   -6.028214812278748
1.0   23.85802698135376
1.0   6.734262228012085
1.0   -5.3726372718811035
1.0   5.333138465881348
1.0   -5.925939679145813
1.0   -5.97388219833374
1.0   -1.002527117729187
1.0   -3.7716965675354004
1.0   22.901140213012695
1.0   41.75414311885834
1.0   -5.949597656726837
1.0   15.489714860916138
1.0   58.83819758892059
1.0   48.82485210895538
1.0   3.7032299041748047
1.0   32.20121765136719
1.0   10.55142593383789
1.0   -6.074734687805176
1.0   -6.04304826259613
1.0   28.668975591659546
1.0   32.18488144874573
1.0   57.343433141708374
1.0   30.622472763061523
1.0   -1.8869209289550781
1.0   40.708317041397095
1.0   2.2219977378845215
1.0   -5.899690270423889
1.0   10.89370059967041
1.0   23.34662389755249
1.0   2.602041006088257
1.0   10.845064163208008
1.0   40.605371952056885
1.0   14.234307765960693
1.0   36.871299743652344
1.0   28.1167311668396
1.0   -5.9377840757369995
1.0   19.79403853416443
1.0   43.08893966674805
1.0   23.363600254058838
1.0   -5.496828556060791
1.0   -5.931670784950256
1.0   -5.81695955991745
1.0   -4.974607884883881
1.0   11.950681686401367
1.0   17.288169384002686
1.0   -2.0378029346466064
1.0   0.47903919219970703
1.0   -5.3624889850616455
1.0   -3.8835813999176025
1.0   16.537599802017212
1.0   4.034020900726318
1.0   -5.941986083984375
1.0   -3.089022159576416
1.0   -5.897026181221008
1.0   -6.022635459899902
1.0   1.47548246383667
1.0   0.1651914119720459
1.0   -5.927897274494171
1.0   -5.968156933784485
1.0   -5.980300068855286
1.0   -5.91253662109375
1.0   18.450655698776245
1.0   -5.573055028915405
1.0   -5.971270322799683
1.0   -6.006174325942993
1.0   -5.930944323539734
1.0   -6.032519638538361
1.0   -6.011727929115295
1.0   -5.92186427116394
1.0   -5.935803174972534
1.0   -5.863170385360718
1.0   -5.963563442230225
1.0   -5.80771678686142
1.0   -5.974896967411041
1.0   -5.946045637130737
1.0   0.34265589714050293
1.0   -6.009848475456238
1.0   -5.875038027763367
1.0   -5.139290452003479
0.0   -5.9620232582092285
0.0   -6.015881896018982
0.0   -5.989617466926575
0.0   -6.002304792404175
0.0   -5.943039178848267
0.0   -5.97448593378067
0.0   -5.976410388946533
0.0   -5.851400017738342
0.0   -5.982526957988739
0.0   -6.032580673694611
0.0   -5.982264280319214
0.0   -5.984244704246521
0.0   -5.980816841125488
0.0   -6.017167389392853
0.0   -6.038604974746704
0.0   -5.9726691246032715
0.0   -6.010321497917175
0.0   -5.983112335205078
0.0   -6.017270803451538
0.0   -6.024856746196747
0.0   -5.9173465967178345
0.0   -6.04437255859375
0.0   -5.978968441486359
1.0   -5.8238362073898315
1.0   15.421384811401367
1.0   -5.815060019493103
1.0   13.393375635147095
1.0   7.121612310409546
1.0   -5.724464297294617
1.0   43.38153123855591
1.0   -5.932627201080322
1.0   -5.938453316688538
1.0   4.644282102584839
1.0   0.26783323287963867
1.0   -5.863145232200623
1.0   -6.031372785568237
1.0   -5.832772970199585
1.0   -5.96344131231308
1.0   37.096670389175415
1.0   34.53270506858826
1.0   -6.00473690032959
1.0   -6.003594636917114
1.0   -6.0106048583984375
1.0   23.845802545547485
1.0   6.739559888839722
1.0   -5.35631138086319
1.0   5.340091228485107
1.0   -5.908408284187317
1.0   -5.956204295158386
1.0   -0.9898910522460938
1.0   -3.757359266281128
1.0   22.885468006134033
1.0   41.71004843711853
1.0   -5.932052969932556
1.0   15.484183311462402
1.0   58.77830255031586
1.0   48.77414619922638
1.0   3.7110795974731445
1.0   32.17589032649994
1.0   10.55721139907837
1.0   -6.056848585605621
1.0   -6.025338888168335
1.0   28.641477346420288
1.0   32.1550133228302
1.0   57.28031361103058
1.0   30.601565837860107
1.0   -1.8756146430969238
1.0   40.66444945335388
1.0   2.234349012374878
1.0   -5.882243752479553
1.0   10.895320415496826
1.0   23.330220222473145
1.0   2.613957643508911
1.0   10.83716869354248
1.0   40.55805420875549
1.0   14.225106477737427
1.0   36.82965850830078
1.0   28.091206550598145
1.0   -5.920310378074646
1.0   19.780998468399048
1.0   43.047845244407654
1.0   23.353513717651367
1.0   -5.479929447174072
1.0   -5.914166450500488
1.0   -5.799547255039215
1.0   -4.958312749862671
1.0   11.942179441452026
1.0   17.27443790435791
1.0   -2.0257411003112793
1.0   0.4912400245666504
1.0   -5.345792055130005
1.0   -3.8696309328079224
1.0   16.533396005630493
1.0   4.0382091999053955
1.0   -5.92430853843689
1.0   -3.0744729042053223
1.0   -5.879553198814392
1.0   -6.00495171546936
1.0   1.4842373132705688
1.0   0.17456114292144775
1.0   -5.910378456115723
1.0   -5.9503490924835205
1.0   -5.962518095970154
1.0   -5.894859671592712
1.0   18.428122758865356
1.0   -5.556078314781189
1.0   -5.953799486160278
1.0   -5.988365530967712
1.0   -5.913351655006409
1.0   -6.014837384223938
1.0   -5.994054317474365
1.0   -5.904129981994629
1.0   -5.918166160583496
1.0   -5.845701217651367
1.0   -5.945696830749512
1.0   -5.790292382240295
1.0   -5.957370042800903
1.0   -5.9282695055007935
1.0   0.35181164741516113
1.0   -5.99214780330658
1.0   -5.857430458068848
1.0   -5.123687267303467
0.0   -5.943998694419861
0.0   -5.997812867164612
0.0   -5.9713475704193115
0.0   -5.984273314476013
0.0   -5.9248844385147095
0.0   -5.956340551376343
0.0   -5.958530426025391
0.0   -5.833475589752197
0.0   -5.964617908000946
0.0   -6.014543771743774
0.0   -5.964328169822693
0.0   -5.966224670410156
0.0   -5.962911248207092
0.0   -5.99920517206192
0.0   -6.020508646965027
0.0   -5.95466685295105
0.0   -5.992207765579224
0.0   -5.964904189109802
0.0   -5.999218702316284
0.0   -6.006831407546997
0.0   -5.899242281913757
0.0   -6.026278853416443
0.0   -5.960864424705505
1.0   -5.806320369243622
1.0   15.408405303955078
1.0   -5.797165870666504
1.0   13.391483306884766
1.0   7.119178295135498
1.0   -5.707067430019379
1.0   43.339189887046814
1.0   -5.914696216583252
1.0   -5.920241117477417
1.0   4.6520339250564575
1.0   0.27651894092559814
1.0   -5.845349311828613
1.0   -6.013298988342285
1.0   -5.814916014671326
1.0   -5.945571184158325
1.0   37.059391498565674
1.0   34.4986447095871
1.0   -5.9866557121276855
1.0   -5.985644102096558
1.0   -5.992645978927612
1.0   23.834589958190918
1.0   6.745703220367432
1.0   -5.339714884757996
1.0   5.348123073577881
1.0   -5.890604734420776
1.0   -5.93829083442688
1.0   -0.976710319519043
1.0   -3.7423999309539795
1.0   22.870800495147705
1.0   41.667004108428955
1.0   -5.914117157459259
1.0   15.47909164428711
1.0   58.71997022628784
1.0   48.724628925323486
1.0   3.719771146774292
1.0   32.151724100112915
1.0   10.563988208770752
1.0   -6.038631081581116
1.0   -6.007264018058777
1.0   28.614991664886475
1.0   32.12600541114807
1.0   57.21810054779053
1.0   30.581334352493286
1.0   -1.8639757633209229
1.0   40.62157320976257
1.0   2.24729585647583
1.0   -5.864390850067139
1.0   10.89789628982544
1.0   23.314677953720093
1.0   2.6266744136810303
1.0   10.829742908477783
1.0   40.5117769241333
1.0   14.216641902923584
1.0   36.78922080993652
1.0   28.06692147254944
1.0   -5.902507901191711
1.0   19.76901364326477
1.0   43.00776731967926
1.0   23.344412088394165
1.0   -5.462748885154724
1.0   -5.896318554878235
1.0   -5.781870007514954
1.0   -4.941747426986694
1.0   11.934086322784424
1.0   17.261178016662598
1.0   -2.0135154724121094
1.0   0.5039713382720947
1.0   -5.328798234462738
1.0   -3.855178952217102
1.0   16.529993534088135
1.0   4.042592287063599
1.0   -5.9062559604644775
1.0   -3.0593464374542236
1.0   -5.8617448806762695
1.0   -5.986936569213867
1.0   1.4935941696166992
1.0   0.18411016464233398
1.0   -5.892564654350281
1.0   -5.93221127986908
1.0   -5.944415211677551
1.0   -5.876880466938019
1.0   18.40614342689514
1.0   -5.538812279701233
1.0   -5.935995936393738
1.0   -5.9702407121658325
1.0   -5.895365834236145
1.0   -5.996688485145569
1.0   -5.976010084152222
1.0   -5.886073112487793
1.0   -5.90019154548645
1.0   -5.827813744544983
1.0   -5.927473068237305
1.0   -5.772493958473206
1.0   -5.939519822597504
1.0   -5.910132646560669
1.0   0.3611797094345093
1.0   -5.974082350730896
1.0   -5.83949875831604
1.0   -5.107688665390015
0.0   -5.928265571594238
0.0   -5.9820556640625
0.0   -5.95541250705719
0.0   -5.9685317277908325
0.0   -5.909011363983154
0.0   -5.940514922142029
0.0   -5.942913770675659
0.0   -5.8178263902664185
0.0   -5.949024736881256
0.0   -5.9988468289375305
0.0   -5.948699355125427
0.0   -5.950510740280151
0.0   -5.947238206863403
0.0   -5.983592391014099
0.0   -6.00473952293396
0.0   -5.9389728307724
0.0   -5.976418435573578
0.0   -5.949002742767334
0.0   -5.983527660369873
0.0   -5.991147458553314
0.0   -5.88346254825592
0.0   -6.010558485984802
0.0   -5.945112764835358
1.0   -5.791095733642578
1.0   15.391156196594238
1.0   -5.781541705131531
1.0   13.385802268981934
1.0   7.113758325576782
1.0   -5.6918785572052
1.0   43.28678059577942
1.0   -5.89906644821167
1.0   -5.904273152351379
1.0   4.6571269035339355
1.0   0.2831766605377197
1.0   -5.829809665679932
1.0   -5.997575521469116
1.0   -5.79933762550354
1.0   -5.929964542388916
1.0   37.01330280303955
1.0   34.45620334148407
1.0   -5.970901727676392
1.0   -5.969898521900177
1.0   -5.977021336555481
1.0   23.817378997802734
1.0   6.748743534088135
1.0   -5.325275301933289
1.0   5.353012561798096
1.0   -5.875030279159546
1.0   -5.9226226806640625
1.0   -0.9657800197601318
1.0   -3.7296770811080933
1.0   22.850700616836548
1.0   41.61420726776123
1.0   -5.898405313491821
1.0   15.470027208328247
1.0   58.648961901664734
1.0   48.66425359249115
1.0   3.7256863117218018
1.0   32.12031674385071
1.0   10.566332817077637
1.0   -6.022742748260498
1.0   -5.991522789001465
1.0   28.581711292266846
1.0   32.0900239944458
1.0   57.143442153930664
1.0   30.553725719451904
1.0   -1.8544440269470215
1.0   40.56938147544861
1.0   2.257181167602539
1.0   -5.848819136619568
1.0   10.896748065948486
1.0   23.293004512786865
1.0   2.636176586151123
1.0   10.818597316741943
1.0   40.456448554992676
1.0   14.203999280929565
1.0   36.739999294281006
1.0   28.035967588424683
1.0   -5.887027263641357
1.0   19.75208306312561
1.0   42.95844054222107
1.0   23.329086303710938
1.0   -5.447815537452698
1.0   -5.880767226219177
1.0   -5.766430020332336
1.0   -4.927420616149902
1.0   11.922121047973633
1.0   17.24353265762329
1.0   -2.003326416015625
1.0   0.5140676498413086
1.0   -5.314083993434906
1.0   -3.842743158340454
1.0   16.521931648254395
1.0   4.043859481811523
1.0   -5.890529155731201
1.0   -3.0464584827423096
1.0   -5.846207618713379
1.0   -5.971251666545868
1.0   1.500762939453125
1.0   0.19136691093444824
1.0   -5.877025008201599
1.0   -5.916431665420532
1.0   -5.928614675998688
1.0   -5.861242651939392
1.0   18.37926697731018
1.0   -5.523793339729309
1.0   -5.920487463474274
1.0   -5.9544495940208435
1.0   -5.879711866378784
1.0   -5.980866372585297
1.0   -5.9602110385894775
1.0   -5.870311498641968
1.0   -5.884525895118713
1.0   -5.8121771812438965
1.0   -5.91157078742981
1.0   -5.756993293762207
1.0   -5.923917770385742
1.0   -5.894288063049316
1.0   0.368257999420166
1.0   -5.95833021402359
1.0   -5.823867440223694
1.0   -5.093816518783569
0.0   -5.910676598548889
0.0   -5.964446187019348
0.0   -5.937593221664429
0.0   -5.950941205024719
0.0   -5.891266465187073
0.0   -5.922792077064514
0.0   -5.925420820713043
0.0   -5.800354957580566
0.0   -5.931531071662903
0.0   -5.98126220703125
0.0   -5.931185841560364
0.0   -5.932944297790527
0.0   -5.9296921491622925
0.0   -5.966061115264893
0.0   -5.9871134757995605
0.0   -5.921414732933044
0.0   -5.958734393119812
0.0   -5.9312450885772705
0.0   -5.965956330299377
0.0   -5.973575830459595
0.0   -5.8658119440078735
0.0   -5.992960155010223
0.0   -5.927440524101257
1.0   -5.7739909291267395
1.0   15.375372171401978
1.0   -5.764103412628174
1.0   13.381524801254272
1.0   7.109761714935303
1.0   -5.674911975860596
1.0   43.237573862075806
1.0   -5.881582498550415
1.0   -5.886493444442749
1.0   4.663622498512268
1.0   0.2910846471786499
1.0   -5.812451243400574
1.0   -5.98000180721283
1.0   -5.781915485858917
1.0   -5.91250205039978
1.0   36.96936821937561
1.0   34.41636526584625
1.0   -5.9532859325408936
1.0   -5.9522441029548645
1.0   -5.959500432014465
1.0   23.802322387695312
1.0   6.753052473068237
1.0   -5.309152126312256
1.0   5.35917067527771
1.0   -5.85761833190918
1.0   -5.9050819873809814
1.0   -0.9533557891845703
1.0   -3.7155613899230957
1.0   22.832432746887207
1.0   41.56413555145264
1.0   -5.880821943283081
1.0   15.462612390518188
1.0   58.58099830150604
1.0   48.6063232421875
1.0   3.732862710952759
1.0   32.09101104736328
1.0   10.57080602645874
1.0   -6.004960775375366
1.0   -5.97392213344574
1.0   28.55037760734558
1.0   32.05597805976868
1.0   57.07212829589844
1.0   30.528878450393677
1.0   -1.8434655666351318
1.0   40.519690990448
1.0   2.2689731121063232
1.0   -5.831416845321655
1.0   10.897199869155884
1.0   23.273481369018555
1.0   2.6476621627807617
1.0   10.808903932571411
1.0   40.40356969833374
1.0   14.192852258682251
1.0   36.69323539733887
1.0   28.00715470314026
1.0   -5.869613766670227
1.0   19.736879348754883
1.0   42.91145586967468
1.0   23.31605815887451
1.0   -5.431057929992676
1.0   -5.863378167152405
1.0   -5.749127984046936
1.0   -4.911332786083221
1.0   11.911699533462524
1.0   17.22749638557434
1.0   -1.9916410446166992
1.0   0.5259618759155273
1.0   -5.297572612762451
1.0   -3.829071283340454
1.0   16.515655517578125
1.0   4.046727180480957
1.0   -5.8729424476623535
1.0   -3.0320087671279907
1.0   -5.828818202018738
1.0   -5.9536831974983215
1.0   1.5092334747314453
1.0   0.20014488697052002
1.0   -5.859597325325012
1.0   -5.898733139038086
1.0   -5.91092187166214
1.0   -5.843651652336121
1.0   18.35350513458252
1.0   -5.506973683834076
1.0   -5.903150916099548
1.0   -5.936761260032654
1.0   -5.862205505371094
1.0   -5.963140964508057
1.0   -5.942572355270386
1.0   -5.85267174243927
1.0   -5.866987109184265
1.0   -5.7947211265563965
1.0   -5.893805384635925
1.0   -5.7396334409713745
1.0   -5.9064876437187195
1.0   -5.87660551071167
1.0   0.37675929069519043
1.0   -5.9406962394714355
1.0   -5.806373715400696
1.0   -5.0784255266189575
0.0   -5.8918616771698
0.0   -5.945590853691101
0.0   -5.918507099151611
0.0   -5.932123422622681
0.0   -5.872230648994446
0.0   -5.903844475746155
0.0   -5.906740605831146
0.0   -5.781632781028748
0.0   -5.91282731294632
0.0   -5.96244353055954
0.0   -5.912434458732605
0.0   -5.914135217666626
0.0   -5.910895466804504
0.0   -5.9473148584365845
0.0   -5.9682297706604
0.0   -5.902635097503662
0.0   -5.939818501472473
0.0   -5.912206172943115
0.0   -5.947112798690796
0.0   -5.954755902290344
0.0   -5.84689474105835
0.0   -5.974066257476807
0.0   -5.908542573451996
1.0   -5.755679488182068
1.0   15.360460758209229
1.0   -5.745440483093262
1.0   13.378957033157349
1.0   7.107396602630615
1.0   -5.6566901206970215
1.0   43.189948320388794
1.0   -5.862845540046692
1.0   -5.867449045181274
1.0   4.671558737754822
1.0   0.3003448247909546
1.0   -5.793834686279297
1.0   -5.961143732070923
1.0   -5.763267636299133
1.0   -5.89376974105835
1.0   36.92775583267212
1.0   34.37930715084076
1.0   -5.934407830238342
1.0   -5.933375239372253
1.0   -5.9407429695129395
1.0   23.789056539535522
1.0   6.758934259414673
1.0   -5.291747808456421
1.0   5.367082595825195
1.0   -5.8389652967453
1.0   -5.886191368103027
1.0   -0.9394834041595459
1.0   -3.700000524520874
1.0   22.816014766693115
1.0   41.516234159469604
1.0   -5.861986398696899
1.0   15.45647120475769
1.0   58.51540541648865
1.0   48.550862550735474
1.0   3.7416505813598633
1.0   32.06361269950867
1.0   10.577029705047607
1.0   -5.98591673374176
1.0   -5.955042004585266
1.0   28.52102017402649
1.0   32.02423048019409
1.0   57.0026718378067
1.0   30.506056547164917
1.0   -1.831233024597168
1.0   40.47222566604614
1.0   2.282320737838745
1.0   -5.812774181365967
1.0   10.899507999420166
1.0   23.25607919692993
1.0   2.6605825424194336
1.0   10.800522089004517
1.0   40.35292339324951
1.0   14.183399677276611
1.0   36.64886522293091
1.0   27.980918645858765
1.0   -5.8508283495903015
1.0   19.723353385925293
1.0   42.8668178319931
1.0   23.304901838302612
1.0   -5.412990689277649
1.0   -5.844725489616394
1.0   -5.730614185333252
1.0   -4.893990874290466
1.0   11.90250563621521
1.0   17.213013410568237
1.0   -1.9787920713424683
1.0   0.539259672164917
1.0   -5.279757797718048
1.0   -3.8140594959259033
1.0   16.511130809783936
1.0   4.0509419441223145
1.0   -5.854105710983276
1.0   -3.016158103942871
1.0   -5.810200333595276
1.0   -5.934865474700928
1.0   1.5189896821975708
1.0   0.2102813720703125
1.0   -5.840979337692261
1.0   -5.879794001579285
1.0   -5.892013192176819
1.0   -5.824849843978882
1.0   18.329870223999023
1.0   -5.48891943693161
1.0   -5.884528636932373
1.0   -5.917810916900635
1.0   -5.843321681022644
1.0   -5.944145977497101
1.0   -5.9236438274383545
1.0   -5.83380651473999
1.0   -5.848205327987671
1.0   -5.776019215583801
1.0   -5.8747498989105225
1.0   -5.721025586128235
1.0   -5.887814879417419
1.0   -5.857656002044678
1.0   0.3866546154022217
1.0   -5.921831369400024
1.0   -5.787677526473999
1.0   -5.061718106269836
