0.0   0.25601224787533283
0.0   0.24967801291495562
0.0   0.3144145905971527
0.0   0.26092730835080147
0.0   0.25422377698123455
0.0   0.32371650636196136
0.0   0.29814013466238976
0.0   0.3200893420726061
0.0   0.25736024882644415
0.0   0.2803517933934927
0.0   0.2759376484900713
0.0   0.3192088296636939
0.0   0.2727749962359667
0.0   0.29467345401644707
0.0   0.3042355552315712
0.0   0.2647017389535904
0.0   0.26847608014941216
0.0   0.46754834055900574
0.0   0.2769575007259846
0.0   0.3054052237421274
0.0   0.29417346604168415
0.0   0.2905433624982834
0.0   0.2733866348862648
0.0   0.25197165086865425
0.0   0.27228924073278904
0.0   0.31834305450320244
0.0   0.2403855286538601
0.0   0.31348093040287495
0.0   0.28219527192413807
0.0   0.34000163711607456
0.0   0.32574966736137867
0.0   0.2635575495660305
0.0   0.316976111382246
0.0   0.2812916524708271
0.0   0.3794497847557068
0.0   0.3701684046536684
0.0   0.31777025759220123
0.0   0.26815463975071907
0.0   0.28394912742078304
0.0   0.30508765764534473
0.0   0.2697379048913717
0.0   0.29572034254670143
0.0   0.3063952662050724
0.0   0.24396231584250927
0.0   0.2658122628927231
0.0   0.2888172809034586
0.0   0.3053774703294039
0.0   0.3238831050693989
0.0   0.26430121064186096
0.0   0.3206124845892191
0.0   0.27414773032069206
0.0   0.2895689904689789
0.0   0.2495587058365345
0.0   0.22013003379106522
0.0   0.2942974865436554
0.0   0.27762441895902157
0.0   0.30460817366838455
0.0   0.30459534376859665
0.0   0.3832347970455885
0.0   0.33225355111062527
0.0   0.3130076602101326
0.0   0.2865123301744461
0.0   0.2819418925791979
0.0   0.29340314492583275
0.0   0.27001425065100193
0.0   0.32973597571253777
0.0   0.3490952644497156
0.0   0.2701997524127364
0.0   0.318087350577116
0.0   0.3554188162088394
0.0   0.23899823427200317
0.0   0.28804935328662395
0.0   0.27189071476459503
0.0   0.27982256188988686
0.0   0.30071747303009033
0.0   0.2534300182014704
0.0   0.25313329696655273
0.0   0.2602972351014614
0.0   0.2733355201780796
0.0   0.3316163420677185
0.0   0.3348548784852028
0.0   0.290073549374938
0.0   0.26843202859163284
0.0   0.24096635915338993
0.0   0.33290216512978077
0.0   0.2728832047432661
0.0   0.2625415362417698
0.0   0.30739799328148365
0.0   0.24897587299346924
0.0   0.26566156186163425
0.0   0.31192403100430965
0.0   0.27754020504653454
0.0   0.2870360389351845
0.0   0.298848120495677
0.0   0.31556006148457527
0.0   0.2456182725727558
0.0   0.28853464499115944
0.0   0.26587266847491264
0.0   0.29605438373982906
0.0   0.29669279232621193
0.0   0.2938062250614166
0.0   0.28909427113831043
0.0   0.2756489980965853
0.0   0.26804617047309875
0.0   0.25332763604819775
0.0   0.28678353130817413
0.0   0.27726514264941216
0.0   0.30426192469894886
0.0   0.23661022447049618
0.0   0.2749619986861944
0.0   0.3152521327137947
0.0   0.2808150388300419
0.0   0.29084316082298756
0.0   0.388288039714098
0.0   0.27916456386446953
0.0   0.36966098099946976
0.0   0.3624430429190397
0.0   0.2935961466282606
0.0   0.291583651676774
0.0   0.29083728045225143
0.0   0.26557009667158127
0.0   0.357255257666111
0.0   0.2963079363107681
0.0   0.3008483722805977
0.0   0.2705304827541113
0.0   0.2581364344805479
0.0   0.2769282404333353
0.0   0.3187866657972336
0.0   0.321161437779665
0.0   0.36460082046687603
0.0   0.28808172047138214
0.0   0.3163707237690687
0.0   0.3105706609785557
0.0   0.2902661394327879
0.0   0.26591486670076847
0.0   0.254271499812603
0.0   0.2788453437387943
0.0   0.29362157732248306
0.0   0.2784915417432785
0.0   0.31546193920075893
1.0   0.26430500857532024
1.0   0.3197903633117676
1.0   0.3343469575047493
1.0   0.24439073540270329
1.0   0.28679363802075386
1.0   0.3563913628458977
1.0   0.31003227084875107
1.0   0.2981952652335167
1.0   0.27463804744184017
1.0   0.31488460674881935
1.0   0.3678089305758476
1.0   0.2508662436157465
1.0   0.2955615222454071
1.0   0.2830915246158838
1.0   0.30460840836167336
1.0   0.31924983486533165
1.0   0.19664658792316914
1.0   0.3260876666754484
1.0   0.29895970970392227
1.0   0.36966654658317566
1.0   0.3333904379978776
1.0   0.3218667283654213
1.0   0.3231936860829592
1.0   0.2862686477601528
1.0   0.3097676355391741
1.0   0.34927646443247795
1.0   0.24742747657001019
1.0   0.35605488717556
1.0   0.28144978918135166
1.0   0.2504894342273474
1.0   0.2731433045119047
1.0   0.2668059207499027
1.0   0.32920268923044205
1.0   0.28103060089051723
1.0   0.30426551401615143
1.0   0.25770329870283604
1.0   0.28555043041706085
1.0   0.3450656943023205
1.0   0.26623935252428055
1.0   0.3023639861494303
1.0   0.3477466329932213
1.0   0.28417728282511234
1.0   0.2830993626266718
1.0   0.26518888771533966
1.0   0.23355313017964363
1.0   0.2552446322515607
1.0   0.2996243480592966
1.0   0.3311904910951853
1.0   0.27121228724718094
1.0   0.298544080927968
1.0   0.3027823828160763
1.0   0.2584044113755226
1.0   0.2725829668343067
1.0   0.30784687027335167
1.0   0.23663713596761227
1.0   0.24963044375181198
1.0   0.2927322406321764
1.0   0.2934004794806242
1.0   0.352117333561182
1.0   0.3211033958941698
1.0   0.35471516475081444
1.0   0.3498786184936762
1.0   0.39599340595304966
1.0   0.38592034578323364
1.0   0.3301964942365885
1.0   0.24604315496981144
1.0   0.3114914484322071
1.0   0.35690479166805744
1.0   0.2927482556551695
1.0   0.39152978733181953
1.0   0.3811423033475876
1.0   0.26397703401744366
1.0   0.28379569947719574
1.0   0.35861166194081306
1.0   0.33226428180933
1.0   0.36797822266817093
1.0   0.31691774725914
1.0   0.34466165862977505
1.0   0.32934810779988766
1.0   0.256154615432024
1.0   0.3172442093491554
1.0   0.3006932120770216
1.0   0.38030117005109787
1.0   0.47491200640797615
1.0   0.2847533356398344
1.0   0.2625017873942852
1.0   0.32255963422358036
1.0   0.35268716141581535
1.0   0.2861469369381666
1.0   0.3012591265141964
1.0   0.30287381261587143
1.0   0.2756415717303753
1.0   0.3840120732784271
1.0   0.2930191569030285
1.0   0.25922973826527596
1.0   0.35722942650318146
1.0   0.2730498593300581
1.0   0.29163203202188015
1.0   0.27986371517181396
1.0   0.2987625878304243
1.0   0.3240036182105541
1.0   0.3262348510324955
1.0   0.339383777230978
1.0   0.29333565570414066
1.0   0.37491508573293686
1.0   0.2964942194521427
1.0   0.3309745416045189
1.0   0.31776537373661995
1.0   0.3066427502781153
1.0   0.32822539284825325
1.0   0.3333973940461874
1.0   0.2623933292925358
1.0   0.32235564664006233
1.0   0.3045356199145317
1.0   0.3618544191122055
1.0   0.33092180639505386
1.0   0.39811658672988415
1.0   0.4201961401849985
1.0   0.3559223562479019
1.0   0.3306404333561659
1.0   0.2762424275279045
1.0   0.36893463134765625
1.0   0.354520246386528
1.0   0.2850297186523676
1.0   0.3006467707455158
1.0   0.3162218118086457
1.0   0.35220059007406235
1.0   0.3455638587474823
1.0   0.34688626788556576
1.0   0.3895905390381813
1.0   0.32997338473796844
1.0   0.33760944940149784
1.0   0.3857714384794235
1.0   0.38352473452687263
1.0   0.3567501865327358
1.0   0.3957119882106781
1.0   0.3370422199368477
1.0   0.325025150552392
1.0   0.3735658675432205
1.0   0.3419421371072531
1.0   0.38537915609776974
1.0   0.34777581319212914
1.0   0.35778682865202427
1.0   0.27978209499269724
1.0   0.39680865593254566
1.0   0.3236348535865545
1.0   0.2826728317886591
1.0   0.319937814027071
1.0   0.37338487431406975
1.0   0.36808526143431664
1.0   0.31354076974093914
1.0   0.34497061371803284
1.0   0.3788577541708946
1.0   0.3282975908368826
1.0   0.37318230606615543
1.0   0.3256014008074999
1.0   0.3961173817515373
1.0   0.3191972095519304
1.0   0.37150248140096664
1.0   0.3147315979003906
1.0   0.3655565269291401
1.0   0.3542906790971756
1.0   0.421916238963604
1.0   0.3293851986527443
1.0   0.3511531502008438
1.0   0.35229081846773624
1.0   0.4080870971083641
1.0   0.2590117175132036
1.0   0.33629144355654716
1.0   0.29904884845018387
1.0   0.29969844594597816
1.0   0.28172003105282784
1.0   0.36069042794406414
1.0   0.36529698967933655
1.0   0.3052474558353424
1.0   0.32716464437544346
1.0   0.37676825374364853
1.0   0.30796897783875465
1.0   0.33186063170433044
1.0   0.32854579016566277
1.0   0.38438450545072556
1.0   0.39393466152250767
1.0   0.37331375386565924
1.0   0.34542176499962807
1.0   0.3051949478685856
1.0   0.30180509574711323
1.0   0.3345285691320896
1.0   0.2900990378111601
1.0   0.33434461802244186
0.0   -0.014912478625774384
0.0   -0.025754012167453766
0.0   0.020999565720558167
0.0   -0.01433747261762619
0.0   -0.019441284239292145
0.0   0.05795423686504364
0.0   0.011769510805606842
0.0   0.0871497392654419
0.0   0.08332465589046478
0.0   0.021693125367164612
0.0   0.0023436695337295532
0.0   0.057333171367645264
0.0   -0.0071479082107543945
0.0   0.019493192434310913
0.0   0.04282744228839874
0.0   -0.017470821738243103
0.0   -0.01186014711856842
0.0   0.26137857139110565
0.0   -0.015366971492767334
0.0   0.03321562707424164
0.0   0.0222693532705307
0.0   0.015922948718070984
0.0   -0.034123510122299194
0.0   -0.023004606366157532
0.0   0.005709484219551086
0.0   0.05617921054363251
0.0   -0.01872687041759491
0.0   0.036048710346221924
0.0   0.010820254683494568
0.0   0.06951439380645752
0.0   0.0828402042388916
0.0   0.012583665549755096
0.0   0.03973308205604553
0.0   0.03145943582057953
0.0   0.140671044588089
0.0   0.13084466755390167
0.0   0.02731935679912567
0.0   -0.0003522038459777832
0.0   0.010406993329524994
0.0   0.0792960375547409
0.0   -0.0003009885549545288
0.0   0.019018732011318207
0.0   0.03279028832912445
0.0   -0.019522391259670258
0.0   0.039582908153533936
0.0   0.027513988316059113
0.0   0.016690105199813843
0.0   0.03289841115474701
0.0   -0.0008888095617294312
0.0   0.06683439016342163
0.0   -0.008134022355079651
0.0   0.03161457180976868
0.0   -0.005366243422031403
0.0   -0.053043730556964874
0.0   0.016640499234199524
0.0   -0.007562823593616486
0.0   0.06701071560382843
0.0   0.038953542709350586
0.0   0.15092897415161133
0.0   0.10345636308193207
0.0   0.09709878265857697
0.0   0.02183452993631363
0.0   0.0022292882204055786
0.0   0.03232036530971527
0.0   0.014140293002128601
0.0   0.04996673762798309
0.0   0.046559855341911316
0.0   0.038856446743011475
0.0   0.09608113765716553
0.0   0.07384976744651794
0.0   -0.01567845046520233
0.0   0.0012071579694747925
0.0   -0.01829366385936737
0.0   0.008877933025360107
0.0   0.042665354907512665
0.0   -0.012291043996810913
0.0   -0.012572437524795532
0.0   -0.022989369928836823
0.0   -0.026454046368598938
0.0   0.059255450963974
0.0   0.04749654233455658
0.0   0.02013806253671646
0.0   -0.017488881945610046
0.0   -0.036606401205062866
0.0   0.05591098964214325
0.0   -0.0024283602833747864
0.0   -0.010527849197387695
0.0   0.04856427013874054
0.0   -0.021172016859054565
0.0   0.01543000340461731
0.0   0.056208401918411255
0.0   0.004844017326831818
0.0   0.0021052584052085876
0.0   0.010660946369171143
0.0   0.02408584952354431
0.0   -0.009139575064182281
0.0   0.014963328838348389
0.0   -0.00975029170513153
0.0   0.03247234970331192
0.0   0.01417890191078186
0.0   0.009009942412376404
0.0   0.005507975816726685
0.0   -0.0045366063714027405
0.0   -0.02016569674015045
0.0   -0.021422363817691803
0.0   -0.003276228904724121
0.0   0.025862514972686768
0.0   0.08340474963188171
0.0   -0.005095034837722778
0.0   -0.01663297414779663
0.0   0.07171814888715744
0.0   0.027767717838287354
0.0   0.04307272285223007
0.0   0.10934950411319733
0.0   0.017145231366157532
0.0   0.13770073652267456
0.0   0.1350313127040863
0.0   0.012653321027755737
0.0   0.004355192184448242
0.0   0.015529811382293701
0.0   -0.024382129311561584
0.0   0.11606162786483765
0.0   0.027077898383140564
0.0   0.014770269393920898
0.0   0.021714776754379272
0.0   -0.011389344930648804
0.0   0.006305664777755737
0.0   0.06294476985931396
0.0   0.03049178421497345
0.0   0.10096706449985504
0.0   0.02974720299243927
0.0   0.038817405700683594
0.0   0.03760555386543274
0.0   0.002672545611858368
0.0   -0.007416769862174988
0.0   -0.016102567315101624
0.0   -0.00047553330659866333
0.0   0.020364955067634583
0.0   0.026818156242370605
0.0   0.0020260512828826904
1.0   0.006126627326011658
1.0   0.06056599318981171
1.0   0.10735464096069336
1.0   -0.03951602429151535
1.0   0.042165607213974
1.0   0.14805012941360474
1.0   0.046925291419029236
1.0   0.06088240444660187
1.0   0.03122277557849884
1.0   0.0954926460981369
1.0   0.15300291776657104
1.0   0.0007183998823165894
1.0   0.05899466574192047
1.0   0.053353145718574524
1.0   0.11496265232563019
1.0   0.10279333591461182
1.0   -0.05791063606739044
1.0   0.15590408444404602
1.0   0.03489403426647186
1.0   0.11444969475269318
1.0   0.12204389274120331
1.0   0.12177126109600067
1.0   0.059865742921829224
1.0   0.009393811225891113
1.0   0.0500994473695755
1.0   0.11352860927581787
1.0   -0.03727346658706665
1.0   0.13420654833316803
1.0   0.015741713345050812
1.0   -0.004725143313407898
1.0   0.026779904961586
1.0   -0.017185449600219727
1.0   0.04938769340515137
1.0   0.01917549967765808
1.0   0.04571029543876648
1.0   -0.0016553997993469238
1.0   0.06626607477664948
1.0   0.07135646045207977
1.0   -0.02266770601272583
1.0   0.04166075587272644
1.0   0.13788196444511414
1.0   0.012404873967170715
1.0   0.04161090403795242
1.0   -0.014182910323143005
1.0   -0.042389027774333954
1.0   0.01250571757555008
1.0   0.12263764441013336
1.0   0.14367787539958954
1.0   0.03041258454322815
1.0   0.08656452596187592
1.0   0.04870276153087616
1.0   -0.013486862182617188
1.0   0.03062395006418228
1.0   0.024435818195343018
1.0   -0.012001842260360718
1.0   -0.01075814664363861
1.0   0.024805545806884766
1.0   0.039294831454753876
1.0   0.06817230582237244
1.0   0.11756700277328491
1.0   0.13921456038951874
1.0   0.13208383321762085
1.0   0.2107549011707306
1.0   0.25221580266952515
1.0   0.1137174665927887
1.0   -0.016075193881988525
1.0   0.06306561082601547
1.0   0.08474753797054291
1.0   0.032393380999565125
1.0   0.13031506538391113
1.0   0.16311796009540558
1.0   0.02391238510608673
1.0   0.04873958230018616
1.0   0.1423196643590927
1.0   0.08107711374759674
1.0   0.18788985908031464
1.0   0.020315900444984436
1.0   0.12803304195404053
1.0   0.19373349845409393
1.0   0.011484682559967041
1.0   0.024143829941749573
1.0   0.050469204783439636
1.0   0.20209506154060364
1.0   0.3128214627504349
1.0   0.008614912629127502
1.0   0.014505580067634583
1.0   0.07570447027683258
1.0   0.07632923126220703
1.0   0.04905211925506592
1.0   0.025867849588394165
1.0   0.051076650619506836
1.0   0.009202830493450165
1.0   0.1694321632385254
1.0   0.0183633491396904
1.0   -0.012343287467956543
1.0   0.14462248980998993
1.0   0.00021685659885406494
1.0   0.02458498626947403
1.0   -0.004015609622001648
1.0   0.024495147168636322
1.0   0.09898751974105835
1.0   0.08366264402866364
1.0   0.05338878929615021
1.0   0.0332539826631546
1.0   0.1195918470621109
1.0   0.019105061888694763
1.0   0.151788130402565
1.0   0.12462404370307922
1.0   0.07566109299659729
1.0   0.06839235126972198
1.0   0.09580685198307037
1.0   -0.01827743649482727
1.0   0.06644794344902039
1.0   0.04458475112915039
1.0   0.12709157168865204
1.0   0.11183544993400574
1.0   0.24569059908390045
1.0   0.2783595323562622
1.0   0.16810359060764313
1.0   0.10089856386184692
1.0   0.05347943305969238
1.0   0.08555962145328522
1.0   0.05129396170377731
1.0   0.028671830892562866
1.0   0.05605454742908478
1.0   0.07161414623260498
1.0   0.09066300094127655
1.0   0.058708950877189636
1.0   0.1138627678155899
1.0   0.14668332040309906
1.0   0.15574310719966888
1.0   0.0850365161895752
1.0   0.1771717369556427
1.0   0.20092201232910156
1.0   0.1564740687608719
1.0   0.18335437774658203
1.0   0.1604887843132019
1.0   0.07008719444274902
1.0   0.2178121656179428
1.0   0.14939218759536743
1.0   0.18231579661369324
1.0   0.08404126763343811
1.0   0.12769486010074615
1.0   0.10303382575511932
1.0   0.15883955359458923
1.0   0.12002570927143097
1.0   0.05192510783672333
1.0   0.09667199850082397
1.0   0.1298886239528656
1.0   0.14182856678962708
1.0   0.048956453800201416
1.0   0.13874009251594543
1.0   0.130316361784935
1.0   0.11717325448989868
1.0   0.1383805125951767
1.0   0.09527577459812164
1.0   0.1588883101940155
1.0   0.07399338483810425
1.0   0.10690689086914062
1.0   0.11806942522525787
1.0   0.14767782390117645
1.0   0.09607505798339844
1.0   0.21801668405532837
1.0   0.1026553064584732
1.0   0.15060307085514069
1.0   0.17169062793254852
1.0   0.22922326624393463
1.0   0.05931192636489868
1.0   0.14087052643299103
1.0   0.07566198706626892
1.0   0.07177816331386566
1.0   0.04368974268436432
1.0   0.1296524852514267
1.0   0.14260436594486237
1.0   0.08852837979793549
1.0   0.1150600016117096
1.0   0.18248465657234192
1.0   0.05427972972393036
1.0   0.08058605343103409
1.0   0.12816739082336426
1.0   0.17233727872371674
1.0   0.149525985121727
1.0   0.15508532524108887
1.0   0.1210155189037323
1.0   0.08338990807533264
1.0   0.12344948947429657
1.0   0.1250392645597458
1.0   0.043652743101119995
1.0   0.08712373673915863
0.0   -0.011843189597129822
0.0   -0.019188866019248962
0.0   0.02651149034500122
0.0   -0.008776739239692688
0.0   -0.014178425073623657
0.0   0.05157268047332764
0.0   0.014236822724342346
0.0   0.10421229898929596
0.0   0.1103726252913475
0.0   0.04453316330909729
0.0   0.006444916129112244
0.0   0.09343366324901581
0.0   -0.019261300563812256
0.0   0.022267550230026245
0.0   0.04478457570075989
0.0   -0.0055566951632499695
0.0   -0.01181119680404663
0.0   0.28498029708862305
0.0   -0.03129461407661438
0.0   0.04204919934272766
0.0   0.020461320877075195
0.0   0.025617629289627075
0.0   -0.0466696172952652
0.0   -0.02439717948436737
0.0   0.0018378719687461853
0.0   0.07587781548500061
0.0   -0.015185795724391937
0.0   0.04039323329925537
0.0   0.024320542812347412
0.0   0.07116830348968506
0.0   0.09470151364803314
0.0   0.029187306761741638
0.0   0.03145240247249603
0.0   0.029521971940994263
0.0   0.1712626963853836
0.0   0.16275347769260406
0.0   0.02743329107761383
0.0   -0.005314789712429047
0.0   0.009575769305229187
0.0   0.11176201701164246
0.0   -0.009680666029453278
0.0   0.023848220705986023
0.0   0.04214838147163391
0.0   -0.01368221640586853
0.0   0.058080852031707764
0.0   0.045124515891075134
0.0   0.0012726634740829468
0.0   0.019104160368442535
0.0   0.0056382715702056885
0.0   0.0732373595237732
0.0   -0.012027621269226074
0.0   0.022204861044883728
0.0   0.01163078099489212
0.0   -0.0335095077753067
0.0   0.02714889496564865
0.0   -0.0045449137687683105
0.0   0.0932082086801529
0.0   0.05805331468582153
0.0   0.17772099375724792
0.0   0.12795738875865936
0.0   0.12302890419960022
0.0   0.025932684540748596
0.0   0.006835669279098511
0.0   0.04025457799434662
0.0   0.01759485900402069
0.0   0.05516687035560608
0.0   0.038147225975990295
0.0   0.0661047101020813
0.0   0.12323914468288422
0.0   0.08445945382118225
0.0   -0.008739672601222992
0.0   0.004727616906166077
0.0   -0.011615008115768433
0.0   0.01778295636177063
0.0   0.04237915575504303
0.0   -0.001520507037639618
0.0   -0.003651738166809082
0.0   -0.00283215194940567
0.0   -0.018455833196640015
0.0   0.09051491320133209
0.0   0.04568104445934296
0.0   0.003266051411628723
0.0   -0.012947440147399902
0.0   -0.027930833399295807
0.0   0.0635123997926712
0.0   0.016312532126903534
0.0   -0.015931375324726105
0.0   0.053864434361457825
0.0   -0.01979442685842514
0.0   0.011785142123699188
0.0   0.07526397705078125
0.0   -0.008243076503276825
0.0   -0.01065334677696228
0.0   0.01843436062335968
0.0   0.025562264025211334
0.0   -0.010753780603408813
0.0   0.021087154746055603
0.0   -0.009706079959869385
0.0   0.043260276317596436
0.0   0.00968373566865921
0.0   0.0020112916827201843
0.0   0.019547805190086365
0.0   -0.0013476461172103882
0.0   -0.006103441119194031
0.0   -0.01648154854774475
0.0   -0.0066023096442222595
0.0   0.022610589861869812
0.0   0.11580769717693329
0.0   0.011180557310581207
0.0   -0.013550840318202972
0.0   0.08708451688289642
0.0   0.03184071183204651
0.0   0.058676451444625854
0.0   0.1386762261390686
0.0   0.033209383487701416
0.0   0.1587587296962738
0.0   0.1525212526321411
0.0   0.018365010619163513
0.0   0.0008057504892349243
0.0   0.016399867832660675
0.0   -0.03132587671279907
0.0   0.1372835487127304
0.0   0.038090020418167114
0.0   0.02600446343421936
0.0   0.03393244743347168
0.0   -0.008244797587394714
0.0   -0.001837320625782013
0.0   0.09145069122314453
0.0   0.04972117394208908
0.0   0.11550581455230713
0.0   0.03770679980516434
0.0   0.037170544266700745
0.0   0.02745862305164337
0.0   -0.006889551877975464
0.0   0.0012401491403579712
0.0   -0.016562901437282562
0.0   0.004757128655910492
0.0   0.021649688482284546
0.0   0.03030848503112793
0.0   0.007936596870422363
1.0   0.029869407415390015
1.0   0.07717685401439667
1.0   0.13304923474788666
1.0   -0.016711920499801636
1.0   0.05482710897922516
1.0   0.16387180984020233
1.0   0.05575711280107498
1.0   0.08261464536190033
1.0   0.05949486792087555
1.0   0.12785008549690247
1.0   0.17476004362106323
1.0   0.022443562746047974
1.0   0.08489836752414703
1.0   0.06318910419940948
1.0   0.13870932161808014
1.0   0.1318299025297165
1.0   -0.043308697640895844
1.0   0.17776189744472504
1.0   0.05143411457538605
1.0   0.1351424902677536
1.0   0.15032844245433807
1.0   0.1474534422159195
1.0   0.0694950670003891
1.0   0.02668779343366623
1.0   0.05887577682733536
1.0   0.11209866404533386
1.0   -0.028631046414375305
1.0   0.15713384747505188
1.0   0.009604617953300476
1.0   0.00563010573387146
1.0   0.05158315598964691
1.0   -0.026076145470142365
1.0   0.04223854839801788
1.0   0.033629484474658966
1.0   0.05203656852245331
1.0   0.022528424859046936
1.0   0.0935281366109848
1.0   0.09318487346172333
1.0   -0.03587775677442551
1.0   0.050341181457042694
1.0   0.1562594771385193
1.0   0.032404571771621704
1.0   0.05622228980064392
1.0   -0.001677773892879486
1.0   -0.035922855138778687
1.0   0.014285892248153687
1.0   0.14330188930034637
1.0   0.17489121854305267
1.0   0.038115911185741425
1.0   0.11612406373023987
1.0   0.04786141216754913
1.0   0.00811707228422165
1.0   0.0577143132686615
1.0   0.016197144985198975
1.0   0.0010061860084533691
1.0   0.007426060736179352
1.0   0.048849865794181824
1.0   0.06337668001651764
1.0   0.07488472759723663
1.0   0.1501164585351944
1.0   0.17227883636951447
1.0   0.1579279601573944
1.0   0.25022248923778534
1.0   0.2924964874982834
1.0   0.14093714952468872
1.0   0.006677895784378052
1.0   0.08386741578578949
1.0   0.10336172580718994
1.0   0.050148651003837585
1.0   0.14741924405097961
1.0   0.19202154874801636
1.0   0.053721338510513306
1.0   0.07714700698852539
1.0   0.1667695790529251
1.0   0.10972754657268524
1.0   0.21653681993484497
1.0   0.03097321093082428
1.0   0.15247537195682526
1.0   0.23100754618644714
1.0   0.030895061790943146
1.0   0.037637174129486084
1.0   0.05216062068939209
1.0   0.24397501349449158
1.0   0.36517535150051117
1.0   0.025127843022346497
1.0   0.025888890027999878
1.0   0.09964878857135773
1.0   0.0911569744348526
1.0   0.07084360718727112
1.0   0.023639485239982605
1.0   0.04972371459007263
1.0   0.01635962724685669
1.0   0.17965315282344818
1.0   0.03168554604053497
1.0   -0.010970547795295715
1.0   0.17276029288768768
1.0   0.010984323918819427
1.0   0.03652043640613556
1.0   0.0002462118864059448
1.0   0.04084526002407074
1.0   0.12449173629283905
1.0   0.09869477152824402
1.0   0.06523896753787994
1.0   0.04091577231884003
1.0   0.1299624741077423
1.0   0.027644619345664978
1.0   0.18702292442321777
1.0   0.13679206371307373
1.0   0.10685282945632935
1.0   0.06787239015102386
1.0   0.12589281797409058
1.0   0.009398698806762695
1.0   0.08443105220794678
1.0   0.06788714230060577
1.0   0.15926556289196014
1.0   0.15098971128463745
1.0   0.2953915297985077
1.0   0.31914493441581726
1.0   0.21483412384986877
1.0   0.1344292014837265
1.0   0.08856958150863647
1.0   0.11200501024723053
1.0   0.06901711225509644
1.0   0.04379093647003174
1.0   0.07624852657318115
1.0   0.09765990078449249
1.0   0.11259725689888
1.0   0.07962082326412201
1.0   0.13896498084068298
1.0   0.1751653105020523
1.0   0.19521395862102509
1.0   0.10969078540802002
1.0   0.20901986956596375
1.0   0.22964434325695038
1.0   0.19581905007362366
1.0   0.22218577563762665
1.0   0.1963362693786621
1.0   0.0992208868265152
1.0   0.2598396986722946
1.0   0.1788821518421173
1.0   0.21176254749298096
1.0   0.10342590510845184
1.0   0.1589449793100357
1.0   0.12800680100917816
1.0   0.1936347782611847
1.0   0.1510932296514511
1.0   0.0877457708120346
1.0   0.11500243842601776
1.0   0.15004779398441315
1.0   0.16819941997528076
1.0   0.07594490051269531
1.0   0.16649405658245087
1.0   0.16163162887096405
1.0   0.1541687250137329
1.0   0.16175323724746704
1.0   0.126336470246315
1.0   0.17015118896961212
1.0   0.1049155592918396
1.0   0.1312285214662552
1.0   0.14627107977867126
1.0   0.18186423182487488
1.0   0.12595908343791962
1.0   0.24594369530677795
1.0   0.12083439528942108
1.0   0.1852223426103592
1.0   0.19269873201847076
1.0   0.2735540568828583
1.0   0.0926981270313263
1.0   0.16436472535133362
1.0   0.09810799360275269
1.0   0.08853709697723389
1.0   0.06639811396598816
1.0   0.14469744265079498
1.0   0.1647295206785202
1.0   0.11094547808170319
1.0   0.13848213851451874
1.0   0.21421778202056885
1.0   0.06812497973442078
1.0   0.08860357105731964
1.0   0.1569979190826416
1.0   0.19649367034435272
1.0   0.17956578731536865
1.0   0.1848347783088684
1.0   0.13626715540885925
1.0   0.11989253759384155
1.0   0.1562102884054184
1.0   0.1571873426437378
1.0   0.07138760387897491
1.0   0.10515472292900085
0.0   0.0740460753440857
0.0   0.06274057924747467
0.0   0.11952221393585205
0.0   0.07280121743679047
0.0   0.0724618062376976
0.0   0.12235167622566223
0.0   0.09789031744003296
0.0   0.1887238770723343
0.0   0.18746358156204224
0.0   0.14217683672904968
0.0   0.08718244731426239
0.0   0.20477394759655
0.0   0.05099562555551529
0.0   0.10387319326400757
0.0   0.12272016704082489
0.0   0.08296124637126923
0.0   0.07070598751306534
0.0   0.3729570060968399
0.0   0.03853332996368408
0.0   0.1314578354358673
0.0   0.09814346581697464
0.0   0.11331948637962341
0.0   0.027187444269657135
0.0   0.05290713161230087
0.0   0.07475509494543076
0.0   0.17123642563819885
0.0   0.061876580119132996
0.0   0.12920281291007996
0.0   0.1150566041469574
0.0   0.1506185233592987
0.0   0.17818008363246918
0.0   0.11965639144182205
0.0   0.10318087786436081
0.0   0.10130592435598373
0.0   0.2731025516986847
0.0   0.26537148654460907
0.0   0.1117677092552185
0.0   0.0671294704079628
0.0   0.08757806569337845
0.0   0.211167573928833
0.0   0.06224484741687775
0.0   0.11160010099411011
0.0   0.13046753406524658
0.0   0.07156921178102493
0.0   0.14235304296016693
0.0   0.13992515206336975
0.0   0.06984017789363861
0.0   0.09002736210823059
0.0   0.0910634994506836
0.0   0.15604251623153687
0.0   0.06775486469268799
0.0   0.092154860496521
0.0   0.10293978452682495
0.0   0.06557586789131165
0.0   0.11713314056396484
0.0   0.0836460143327713
0.0   0.18941670656204224
0.0   0.15490542352199554
0.0   0.27395227551460266
0.0   0.22345956414937973
0.0   0.21137288212776184
0.0   0.10729168355464935
0.0   0.08612502366304398
0.0   0.12622390687465668
0.0   0.09571738541126251
0.0   0.14368338882923126
0.0   0.1210927963256836
0.0   0.15967275202274323
0.0   0.2157818228006363
0.0   0.17578725516796112
0.0   0.07231437414884567
0.0   0.09143902361392975
0.0   0.08277089148759842
0.0   0.10462060570716858
0.0   0.11614133417606354
0.0   0.08539682626724243
0.0   0.07952632009983063
0.0   0.10102681815624237
0.0   0.07596587389707565
0.0   0.2025379091501236
0.0   0.13104896247386932
0.0   0.06567724049091339
0.0   0.07371798902750015
0.0   0.06003091484308243
0.0   0.14834292232990265
0.0   0.11677658557891846
0.0   0.05827595293521881
0.0   0.1365952342748642
0.0   0.060411520302295685
0.0   0.08471889793872833
0.0   0.16820111870765686
0.0   0.06027851998806
0.0   0.060255616903305054
0.0   0.10890704393386841
0.0   0.10935086011886597
0.0   0.06435985863208771
0.0   0.10640808939933777
0.0   0.06785760819911957
0.0   0.13018673658370972
0.0   0.08743184804916382
0.0   0.07780507206916809
0.0   0.11869962513446808
0.0   0.08101813495159149
0.0   0.09513424336910248
0.0   0.06788404285907745
0.0   0.07544811815023422
0.0   0.09587050974369049
0.0   0.21673116087913513
0.0   0.09574654698371887
0.0   0.07236672937870026
0.0   0.173188254237175
0.0   0.10971958935260773
0.0   0.14859098196029663
0.0   0.24973703920841217
0.0   0.12722373008728027
0.0   0.2447821944952011
0.0   0.23937252163887024
0.0   0.10048277676105499
0.0   0.0822531133890152
0.0   0.09939436614513397
0.0   0.044410087168216705
0.0   0.23300644755363464
0.0   0.12457410991191864
0.0   0.12002862989902496
0.0   0.1214909553527832
0.0   0.07065269351005554
0.0   0.06864956021308899
0.0   0.19906210899353027
0.0   0.15370193123817444
0.0   0.20955489575862885
0.0   0.12211231887340546
0.0   0.11583079397678375
0.0   0.09466458857059479
0.0   0.06925540417432785
0.0   0.08896303176879883
0.0   0.06017217040061951
0.0   0.09502245485782623
0.0   0.10025376081466675
0.0   0.1080055832862854
0.0   0.10474087297916412
1.0   0.12918414920568466
1.0   0.17228354513645172
1.0   0.22556006908416748
1.0   0.0871308445930481
1.0   0.14229749143123627
1.0   0.23929277062416077
1.0   0.1409936025738716
1.0   0.17604974657297134
1.0   0.15791653096675873
1.0   0.22109894454479218
1.0   0.2628750056028366
1.0   0.11383964121341705
1.0   0.17540040612220764
1.0   0.14191380143165588
1.0   0.2223290055990219
1.0   0.22424080967903137
1.0   0.04900314658880234
1.0   0.2507500797510147
1.0   0.14069479703903198
1.0   0.22898268699645996
1.0   0.24173583090305328
1.0   0.22803033143281937
1.0   0.15527726709842682
1.0   0.1252373456954956
1.0   0.13998708873987198
1.0   0.18331655114889145
1.0   0.06085182726383209
1.0   0.24544164538383484
1.0   0.07742195576429367
1.0   0.09248209744691849
1.0   0.14819388091564178
1.0   0.047003597021102905
1.0   0.1157909482717514
1.0   0.12328403443098068
1.0   0.13572672754526138
1.0   0.1199876070022583
1.0   0.18578428775072098
1.0   0.19514760375022888
1.0   0.038003452122211456
1.0   0.1370406150817871
1.0   0.2368888333439827
1.0   0.13150250911712646
1.0   0.14047886431217194
1.0   0.094941146671772
1.0   0.0491102933883667
1.0   0.08397229760885239
1.0   0.21718567609786987
1.0   0.2634580582380295
1.0   0.11980992555618286
1.0   0.2066449522972107
1.0   0.12157882004976273
1.0   0.10910718142986298
1.0   0.1525341272354126
1.0   0.08924946188926697
1.0   0.08241116255521774
1.0   0.09514164924621582
1.0   0.1523289680480957
1.0   0.16166429221630096
1.0   0.16760186851024628
1.0   0.23993545770645142
1.0   0.2692132741212845
1.0   0.25250094383955
1.0   0.3485978841781616
1.0   0.37305717170238495
1.0   0.23135776817798615
1.0   0.10787215828895569
1.0   0.1824551224708557
1.0   0.20374292135238647
1.0   0.1469133347272873
1.0   0.24241886287927628
1.0   0.2903164327144623
1.0   0.15577585995197296
1.0   0.17333918809890747
1.0   0.257161945104599
1.0   0.21478819102048874
1.0   0.3002411350607872
1.0   0.13078978657722473
1.0   0.23933861404657364
1.0   0.3124815374612808
1.0   0.12087424844503403
1.0   0.13740399479866028
1.0   0.12801547348499298
1.0   0.3412393629550934
1.0   0.46884239464998245
1.0   0.12194879353046417
1.0   0.11262242496013641
1.0   0.19873471558094025
1.0   0.18264709413051605
1.0   0.16265393793582916
1.0   0.1011488139629364
1.0   0.12142646312713623
1.0   0.09925307333469391
1.0   0.2522173970937729
1.0   0.12761150300502777
1.0   0.0728859007358551
1.0   0.2627367675304413
1.0   0.09748245775699615
1.0   0.12917926907539368
1.0   0.08675524592399597
1.0   0.1343199908733368
1.0   0.22131340205669403
1.0   0.18616926670074463
1.0   0.1647866666316986
1.0   0.12563057243824005
1.0   0.2173488512635231
1.0   0.12004439532756805
1.0   0.27792808413505554
1.0   0.21027887612581253
1.0   0.2068638652563095
1.0   0.14392781257629395
1.0   0.22801250219345093
1.0   0.11715005338191986
1.0   0.18171390891075134
1.0   0.167961984872818
1.0   0.2602844834327698
1.0   0.2561297342181206
1.0   0.39582519978284836
1.0   0.403656717389822
1.0   0.3216738998889923
1.0   0.23331725597381592
1.0   0.18748323619365692
1.0   0.22314059734344482
1.0   0.17737486958503723
1.0   0.13555775582790375
1.0   0.1665150672197342
1.0   0.19762460887432098
1.0   0.2127176970243454
1.0   0.18443496525287628
1.0   0.23266249895095825
1.0   0.27625392377376556
1.0   0.28574592620134354
1.0   0.21100318431854248
1.0   0.3047124370932579
1.0   0.31700532138347626
1.0   0.2952045053243637
1.0   0.3285599872469902
1.0   0.2857501283288002
1.0   0.20261138677597046
1.0   0.35287424363195896
1.0   0.2679450213909149
1.0   0.30335407704114914
1.0   0.20448143780231476
1.0   0.25765351951122284
1.0   0.20104911923408508
1.0   0.29609619081020355
1.0   0.2408163994550705
1.0   0.19033871591091156
1.0   0.19980935007333755
1.0   0.24538566917181015
1.0   0.26231996715068817
1.0   0.1800958216190338
1.0   0.25901709496974945
1.0   0.26998093724250793
1.0   0.24819602072238922
1.0   0.25207918882369995
1.0   0.2270723655819893
1.0   0.25241728127002716
1.0   0.2059515416622162
1.0   0.23672614991664886
1.0   0.23355457186698914
1.0   0.2816513702273369
1.0   0.23170340061187744
1.0   0.3347584158182144
1.0   0.2059064581990242
1.0   0.27696768194437027
1.0   0.26477911323308945
1.0   0.3726884573698044
1.0   0.18589070439338684
1.0   0.2470809370279312
1.0   0.18742400407791138
1.0   0.1739719957113266
1.0   0.16091331839561462
1.0   0.22858695685863495
1.0   0.2532498687505722
1.0   0.19741150736808777
1.0   0.22500577569007874
1.0   0.3100256696343422
1.0   0.16025161743164062
1.0   0.1726798266172409
1.0   0.24346795678138733
1.0   0.28430332243442535
1.0   0.28089505434036255
1.0   0.2804786264896393
1.0   0.21536759287118912
1.0   0.21857333183288574
1.0   0.24351786822080612
1.0   0.25041113793849945
1.0   0.17511340975761414
1.0   0.2003559023141861
0.0   0.18623747676610947
0.0   0.17823395133018494
0.0   0.24081021547317505
0.0   0.18898528814315796
0.0   0.19318020343780518
0.0   0.2262209728360176
0.0   0.21606695652008057
0.0   0.30117446556687355
0.0   0.28207841888070107
0.0   0.26978492736816406
0.0   0.19990777969360352
0.0   0.34592246636748314
0.0   0.15213753283023834
0.0   0.21854646503925323
0.0   0.23086777329444885
0.0   0.20487871393561363
0.0   0.18433554470539093
0.0   0.4814005121588707
0.0   0.14675024151802063
0.0   0.24904803931713104
0.0   0.2080206610262394
0.0   0.23113741725683212
0.0   0.13773947954177856
0.0   0.15666908770799637
0.0   0.17945731431245804
0.0   0.29399906285107136
0.0   0.17065317928791046
0.0   0.25120752304792404
0.0   0.23240485042333603
0.0   0.26146453619003296
0.0   0.2940029539167881
0.0   0.24063954502344131
0.0   0.2070157378911972
0.0   0.20515849441289902
0.0   0.39993176981806755
0.0   0.3955356441438198
0.0   0.22546246647834778
0.0   0.16930163651704788
0.0   0.1968177780508995
0.0   0.3389001488685608
0.0   0.16271064430475235
0.0   0.2297469675540924
0.0   0.24552623182535172
0.0   0.18269505351781845
0.0   0.2525041438639164
0.0   0.26664643734693527
0.0   0.17702896893024445
0.0   0.19860324263572693
0.0   0.2070089876651764
0.0   0.2686845660209656
0.0   0.18075913190841675
0.0   0.19048050791025162
0.0   0.22268925979733467
0.0   0.19479502737522125
0.0   0.236668199300766
0.0   0.20042282342910767
0.0   0.3121584355831146
0.0   0.28091635927557945
0.0   0.4000020418316126
0.0   0.3430497720837593
0.0   0.326316948980093
0.0   0.21791566163301468
0.0   0.1962829828262329
0.0   0.24563212133944035
0.0   0.200249083340168
0.0   0.25999099016189575
0.0   0.23511673510074615
0.0   0.2828833218663931
0.0   0.3364930357784033
0.0   0.30059660598635674
0.0   0.1816604882478714
0.0   0.20880628377199173
0.0   0.2107587568461895
0.0   0.22088883072137833
0.0   0.21434413269162178
0.0   0.20311766490340233
0.0   0.1927190199494362
0.0   0.23881031945347786
0.0   0.19854718446731567
0.0   0.34151276387274265
0.0   0.24695339053869247
0.0   0.16392967104911804
0.0   0.19304993003606796
0.0   0.18114665150642395
0.0   0.2610489949584007
0.0   0.2474224716424942
0.0   0.16874764114618301
0.0   0.24890367686748505
0.0   0.16931907087564468
0.0   0.1923864781856537
0.0   0.2810617461800575
0.0   0.16160771995782852
0.0   0.1670621782541275
0.0   0.23054607212543488
0.0   0.22681374475359917
0.0   0.16933082044124603
0.0   0.2214214690029621
0.0   0.17372670024633408
0.0   0.24579697102308273
0.0   0.19627616554498672
0.0   0.1851108893752098
0.0   0.2549646683037281
0.0   0.1981751024723053
0.0   0.22293022274971008
0.0   0.18277810513973236
0.0   0.1872183308005333
0.0   0.19992505759000778
0.0   0.3416715655475855
0.0   0.21115294098854065
0.0   0.1911541372537613
0.0   0.2862156070768833
0.0   0.2153157815337181
0.0   0.26554608531296253
0.0   0.3894965387880802
0.0   0.2545860521495342
0.0   0.35749873146414757
0.0   0.35225212574005127
0.0   0.21653367578983307
0.0   0.1950916200876236
0.0   0.21409346908330917
0.0   0.1559697538614273
0.0   0.35488345474004745
0.0   0.2426912747323513
0.0   0.24141942337155342
0.0   0.2329094372689724
0.0   0.1779327318072319
0.0   0.17306911945343018
0.0   0.3345447015017271
0.0   0.2861257828772068
0.0   0.3364195078611374
0.0   0.23862522840499878
0.0   0.22812297940254211
0.0   0.19638585299253464
0.0   0.17846647650003433
0.0   0.2040909193456173
0.0   0.17194688320159912
0.0   0.2161465883255005
0.0   0.2143048346042633
0.0   0.2134339064359665
0.0   0.23465503752231598
1.0   0.25907791405916214
1.0   0.29656582698225975
1.0   0.3487674109637737
1.0   0.22526563704013824
1.0   0.2593356482684612
1.0   0.3396837171167135
1.0   0.2599087357521057
1.0   0.2907044179737568
1.0   0.28278856351971626
1.0   0.33375878259539604
1.0   0.373925793915987
1.0   0.23189686238765717
1.0   0.2923097088932991
1.0   0.24637451767921448
1.0   0.33248877339065075
1.0   0.33655935898423195
1.0   0.16850820928812027
1.0   0.3433574326336384
1.0   0.26012374088168144
1.0   0.3515118472278118
1.0   0.3588719144463539
1.0   0.3373673241585493
1.0   0.27500660717487335
1.0   0.2527823783457279
1.0   0.2527439706027508
1.0   0.280890004709363
1.0   0.17869814485311508
1.0   0.358969634398818
1.0   0.17881076782941818
1.0   0.2102688029408455
1.0   0.2710346393287182
1.0   0.15585029870271683
1.0   0.22211729735136032
1.0   0.2407189980149269
1.0   0.24439307302236557
1.0   0.24427247047424316
1.0   0.29820527881383896
1.0   0.32191566564142704
1.0   0.15067962557077408
1.0   0.25554055720567703
1.0   0.344912625849247
1.0   0.2575526647269726
1.0   0.2514454647898674
1.0   0.22560740634799004
1.0   0.16528097540140152
1.0   0.1812417283654213
1.0   0.31220257095992565
1.0   0.3684431556612253
1.0   0.23007721826434135
1.0   0.31813296489417553
1.0   0.2275000400841236
1.0   0.23570502176880836
1.0   0.27877209335565567
1.0   0.1977078691124916
1.0   0.19036246091127396
1.0   0.21193856745958328
1.0   0.28631337359547615
1.0   0.28864897787570953
1.0   0.29664336517453194
1.0   0.3519917167723179
1.0   0.39019625075161457
1.0   0.3654477670788765
1.0   0.46734072640538216
1.0   0.46553443372249603
1.0   0.3482564277946949
1.0   0.2312142476439476
1.0   0.31223977729678154
1.0   0.34044844284653664
1.0   0.27363400161266327
1.0   0.3666579946875572
1.0   0.4105998408049345
1.0   0.2820214182138443
1.0   0.2944033835083246
1.0   0.36930376663804054
1.0   0.34148573130369186
1.0   0.40089528262615204
1.0   0.26220008730888367
1.0   0.3493756838142872
1.0   0.4110240526497364
1.0   0.23638703301548958
1.0   0.2679537534713745
1.0   0.23595218360424042
1.0   0.4576043151319027
1.0   0.5922109913080931
1.0   0.24987304210662842
1.0   0.22816719114780426
1.0   0.3267652057111263
1.0   0.3082191273570061
1.0   0.28219184651970863
1.0   0.21097596734762192
1.0   0.22261658310890198
1.0   0.21318619698286057
1.0   0.3465495128184557
1.0   0.25726424902677536
1.0   0.18924683332443237
1.0   0.3725198991596699
1.0   0.21098484098911285
1.0   0.25056976452469826
1.0   0.20446191728115082
1.0   0.25458183884620667
1.0   0.3394524045288563
1.0   0.3003130182623863
1.0   0.297045374289155
1.0   0.23861082270741463
1.0   0.33318065479397774
1.0   0.24352529272437096
1.0   0.39254598505795
1.0   0.3032655864953995
1.0   0.32809385843575
1.0   0.249857310205698
1.0   0.3582286164164543
1.0   0.25340816751122475
1.0   0.3104947041720152
1.0   0.2987913116812706
1.0   0.38811643421649933
1.0   0.3852073308080435
1.0   0.5138004161417484
1.0   0.50748510658741
1.0   0.45037911273539066
1.0   0.3549506813287735
1.0   0.3075234964489937
1.0   0.368194866925478
1.0   0.31984129175543785
1.0   0.26090633124113083
1.0   0.2848919592797756
1.0   0.32709486968815327
1.0   0.34438763931393623
1.0   0.32426272705197334
1.0   0.35523276031017303
1.0   0.39826538041234016
1.0   0.39660984836518764
1.0   0.3443000763654709
1.0   0.4249461703002453
1.0   0.42604804411530495
1.0   0.41203274950385094
1.0   0.45757356844842434
1.0   0.39391597732901573
1.0   0.3353070616722107
1.0   0.45779288560152054
1.0   0.3788556680083275
1.0   0.4238841384649277
1.0   0.331837497651577
1.0   0.3747925255447626
1.0   0.29122272692620754
1.0   0.42208269611001015
1.0   0.3481311686336994
1.0   0.31689608097076416
1.0   0.3110945075750351
1.0   0.37249455973505974
1.0   0.38495780900120735
1.0   0.3121633119881153
1.0   0.3761497214436531
1.0   0.40549463778734207
1.0   0.36240052804350853
1.0   0.36867348477244377
1.0   0.35375573858618736
1.0   0.36143103055655956
1.0   0.3399972300976515
1.0   0.3702783100306988
1.0   0.3422428350895643
1.0   0.4033296909183264
1.0   0.36623129807412624
1.0   0.4451499320566654
1.0   0.31819794699549675
1.0   0.38746488839387894
1.0   0.35759246721863747
1.0   0.49309489503502846
1.0   0.3030148558318615
1.0   0.3535116817802191
1.0   0.3014499954879284
1.0   0.28709711879491806
1.0   0.2855868339538574
1.0   0.3397403098642826
1.0   0.36474814265966415
1.0   0.30731466971337795
1.0   0.3350180331617594
1.0   0.42769046872854233
1.0   0.28460706770420074
1.0   0.2881256379187107
1.0   0.3549839109182358
1.0   0.39142223447561264
1.0   0.41458211094141006
1.0   0.40274446085095406
1.0   0.3228718154132366
1.0   0.33894842490553856
1.0   0.34827932715415955
1.0   0.3656752221286297
1.0   0.30295220389962196
1.0   0.3214691448956728
