0.0   0.9116989821195602
0.0   0.7638366222381592
0.0   1.0849783420562744
0.0   0.6532018482685089
0.0   0.6517895311117172
0.0   0.5996764004230499
0.0   0.6655794978141785
0.0   1.0066189765930176
0.0   0.9535194635391235
0.0   0.5804830491542816
0.0   1.0964261293411255
0.0   0.5544202923774719
0.0   0.6805899143218994
0.0   0.676378458738327
0.0   1.2821983397006989
0.0   0.656401664018631
0.0   0.6866479218006134
0.0   0.7177131772041321
0.0   0.7970675826072693
0.0   0.6453215032815933
0.0   1.42928946018219
0.0   0.6472550183534622
0.0   0.8472778499126434
0.0   1.3725820779800415
0.0   0.7404991686344147
0.0   0.5466729998588562
0.0   0.7519603371620178
0.0   0.9589415788650513
0.0   0.602142870426178
0.0   0.9679142534732819
0.0   0.8687410652637482
0.0   0.8829355835914612
0.0   1.55405592918396
1.0   5.697291851043701
1.0   5.004422187805176
1.0   0.7888897359371185
1.0   5.42044734954834
1.0   3.474854588508606
1.0   4.981004238128662
1.0   5.42679238319397
1.0   4.153310537338257
1.0   7.330464839935303
1.0   3.5003750324249268
1.0   4.584383130073547
1.0   3.656702160835266
1.0   6.17544960975647
1.0   5.708405494689941
1.0   3.5013800263404846
1.0   4.927792310714722
1.0   7.232994079589844
1.0   7.316719055175781
1.0   5.6815879344940186
1.0   6.734332323074341
1.0   13.062086582183838
1.0   3.860124945640564
1.0   6.261573314666748
1.0   5.9634681940078735
1.0   6.455797433853149
1.0   2.240512251853943
1.0   4.222688913345337
1.0   3.8592448234558105
1.0   9.584648132324219
1.0   1.9861643314361572
1.0   3.3418774604797363
1.0   4.56000292301178
1.0   5.59688526391983
1.0   4.621082901954651
1.0   3.989015221595764
1.0   5.79413104057312
1.0   0.7087723016738892
1.0   3.615049183368683
1.0   8.566049098968506
1.0   0.9981998205184937
1.0   4.553088963031769
1.0   7.453025817871094
1.0   0.8914690017700195
1.0   8.421171426773071
1.0   10.528080463409424
1.0   9.044733047485352
1.0   7.405241012573242
1.0   9.210484981536865
1.0   9.045628666877747
1.0   8.161530613899231
1.0   8.986653327941895
1.0   7.389055132865906
1.0   7.719461441040039
1.0   8.301043033599854
1.0   8.703954696655273
1.0   8.778396129608154
1.0   8.811001300811768
1.0   9.241618394851685
1.0   8.827425599098206
1.0   1.3767714500427246
1.0   1.5297242403030396
1.0   2.56173837184906
1.0   2.0243903398513794
1.0   1.330905705690384
1.0   1.5226466655731201
1.0   1.7326072454452515
1.0   1.3188469409942627
1.0   1.5527517795562744
1.0   2.7396918535232544
1.0   1.1683317422866821
1.0   1.0800608396530151
1.0   1.0176465511322021
1.0   3.843337059020996
1.0   1.0250180959701538
0.0   -2.541270077228546
0.0   -0.6822527050971985
0.0   7.295778036117554
0.0   -3.2310688495635986
0.0   -3.300340414047241
0.0   -3.38087797164917
0.0   -3.3233375549316406
0.0   -2.269276261329651
0.0   -2.311767339706421
0.0   -3.4137901067733765
0.0   4.508969306945801
0.0   -3.400292992591858
0.0   4.828927516937256
0.0   -1.0959702134132385
0.0   -0.662185788154602
0.0   -3.1653307676315308
0.0   -3.2238868474960327
0.0   -3.0719751715660095
0.0   -2.82281231880188
0.0   -3.206948757171631
0.0   2.8817145824432373
0.0   -3.3173038959503174
0.0   -2.783385992050171
0.0   4.377182245254517
0.0   -2.925271987915039
0.0   -3.4667178988456726
0.0   -0.8630166053771973
0.0   1.375266194343567
0.0   -3.4585124254226685
0.0   -2.0092851519584656
0.0   -1.6438647508621216
0.0   -0.030689716339111328
0.0   5.040097951889038
1.0   20.3599790930748
1.0   13.286914110183716
1.0   -2.178572416305542
1.0   15.474674582481384
1.0   11.34704875946045
1.0   12.379532098770142
1.0   14.18911862373352
1.0   15.04263037443161
1.0   19.895048022270203
1.0   10.987536311149597
1.0   13.94569605588913
1.0   8.482772707939148
1.0   15.255141973495483
1.0   18.231307804584503
1.0   5.645236492156982
1.0   13.408390879631042
1.0   13.315975457429886
1.0   12.547887086868286
1.0   12.168696582317352
1.0   9.992841482162476
1.0   26.13227367401123
1.0   4.3541741371154785
1.0   12.904947698116302
1.0   9.710752487182617
1.0   15.71416050195694
1.0   4.579693794250488
1.0   11.295231699943542
1.0   4.894741535186768
1.0   19.269445776939392
1.0   8.423203587532043
1.0   6.635453701019287
1.0   7.135239362716675
1.0   7.582098126411438
1.0   9.012017905712128
1.0   5.669845342636108
1.0   14.291722059249878
1.0   13.68738603591919
1.0   3.7603179216384888
1.0   16.160308837890625
1.0   4.05217707157135
1.0   3.9056522846221924
1.0   12.566003024578094
1.0   2.308147430419922
1.0   17.06689453125
1.0   19.30622673034668
1.0   16.000818014144897
1.0   18.97161078453064
1.0   16.31239339709282
1.0   14.278251886367798
1.0   16.39471125602722
1.0   19.471016764640808
1.0   19.485268592834473
1.0   18.28558325767517
1.0   22.98576009273529
1.0   16.779702723026276
1.0   17.31244146823883
1.0   15.04741433262825
1.0   20.046356558799744
1.0   18.877034425735474
1.0   -0.8780909776687622
1.0   0.5672203302383423
1.0   2.9402353763580322
1.0   4.529078483581543
1.0   0.22091102600097656
1.0   5.751431465148926
1.0   2.73679780960083
1.0   2.5977604389190674
1.0   2.7980165481567383
1.0   5.731649160385132
1.0   3.8647091388702393
1.0   2.483947992324829
1.0   3.510822296142578
1.0   14.236513614654541
1.0   0.12358427047729492
0.0   -5.435572981834412
0.0   -1.5564956665039062
0.0   16.74691867828369
0.0   -6.528252124786377
0.0   -6.701911687850952
0.0   -6.838058829307556
0.0   -6.740103721618652
0.0   -4.8678088784217834
0.0   -5.0484912395477295
0.0   -6.8676639795303345
0.0   10.028218269348145
0.0   -6.809775948524475
0.0   11.419132709503174
0.0   -1.989736557006836
0.0   -2.1210832595825195
0.0   -6.429480075836182
0.0   -6.54240220785141
0.0   -6.319999814033508
0.0   -5.896258056163788
0.0   -6.495693683624268
0.0   5.762826204299927
0.0   -6.728196144104004
0.0   -5.830968797206879
0.0   8.889313697814941
0.0   -6.025906920433044
0.0   -6.943037629127502
0.0   -1.5342191457748413
0.0   3.0538337230682373
0.0   -7.005792140960693
0.0   -4.121187090873718
0.0   -3.6079561710357666
0.0   -0.008250236511230469
0.0   10.39834213256836
1.0   42.759907722473145
1.0   26.830843925476074
1.0   -4.774570405483246
1.0   30.205780029296875
1.0   23.10243558883667
1.0   24.401930809020996
1.0   28.08362340927124
1.0   30.521028518676758
1.0   38.9091682434082
1.0   22.960827350616455
1.0   27.64490032196045
1.0   15.078110933303833
1.0   30.1720609664917
1.0   34.212571144104004
1.0   8.208319425582886
1.0   24.4825119972229
1.0   19.50266122817993
1.0   18.190667867660522
1.0   19.34957218170166
1.0   12.96375060081482
1.0   41.48266077041626
1.0   5.067597389221191
1.0   19.934489488601685
1.0   14.103933334350586
1.0   26.315317153930664
1.0   8.470448970794678
1.0   20.686595916748047
1.0   6.353409767150879
1.0   29.570645332336426
1.0   18.15345287322998
1.0   12.59536099433899
1.0   11.766876935958862
1.0   10.419106841087341
1.0   14.843229293823242
1.0   8.775198936462402
1.0   25.077061653137207
1.0   32.17255878448486
1.0   4.581613779067993
1.0   25.12473726272583
1.0   9.462477207183838
1.0   3.2703332901000977
1.0   18.89620089530945
1.0   5.426546335220337
1.0   23.517486333847046
1.0   26.419440984725952
1.0   20.971181988716125
1.0   30.707759380340576
1.0   22.089281797409058
1.0   17.56571388244629
1.0   23.77510094642639
1.0   29.029582977294922
1.0   32.72609615325928
1.0   29.106441497802734
1.0   39.21628952026367
1.0   23.542195796966553
1.0   25.292545795440674
1.0   19.294939160346985
1.0   29.537606239318848
1.0   27.06705951690674
1.0   -2.6555335521698
1.0   0.07160139083862305
1.0   4.314515590667725
1.0   8.560960054397583
1.0   -0.5239098072052002
1.0   12.203046798706055
1.0   4.771216869354248
1.0   4.966291666030884
1.0   5.1955037117004395
1.0   10.007874965667725
1.0   8.265141010284424
1.0   5.220369815826416
1.0   7.623003959655762
1.0   27.158480167388916
1.0   -0.028635859489440918
0.0   -5.4377464056015015
0.0   -0.969205379486084
0.0   19.568389415740967
0.0   -6.603026628494263
0.0   -6.75922429561615
0.0   -6.898891925811768
0.0   -6.785191059112549
0.0   -4.752474069595337
0.0   -4.981265306472778
0.0   -6.930421352386475
0.0   12.282828330993652
0.0   -6.880037069320679
0.0   13.624449729919434
0.0   -1.4622924327850342
0.0   -1.5332705974578857
0.0   -6.481344699859619
0.0   -6.6023077964782715
0.0   -6.354591131210327
0.0   -5.945099949836731
0.0   -6.559232950210571
0.0   7.70981240272522
0.0   -6.783957004547119
0.0   -5.833810329437256
0.0   11.131447076797485
0.0   -6.051130056381226
0.0   -6.993323564529419
0.0   -0.9279078245162964
0.0   4.25283408164978
0.0   -7.044492483139038
0.0   -3.7956268787384033
0.0   -3.271536111831665
0.0   0.9415366649627686
0.0   12.608072280883789
1.0   49.61720275878906
1.0   32.08392810821533
1.0   -4.696957349777222
1.0   35.72272777557373
1.0   27.669692993164062
1.0   29.64900493621826
1.0   33.84669637680054
1.0   36.01102256774902
1.0   46.12191963195801
1.0   27.41667938232422
1.0   32.97046947479248
1.0   18.692108631134033
1.0   35.93773651123047
1.0   39.18662452697754
1.0   10.578720092773438
1.0   27.974313259124756
1.0   23.13418221473694
1.0   21.79561710357666
1.0   22.491713047027588
1.0   15.680235385894775
1.0   48.15713310241699
1.0   6.756753444671631
1.0   23.33571171760559
1.0   17.136574745178223
1.0   30.573408126831055
1.0   10.691070318222046
1.0   23.686572790145874
1.0   8.794568538665771
1.0   34.645482540130615
1.0   21.114315032958984
1.0   14.943710803985596
1.0   14.020062446594238
1.0   12.382009029388428
1.0   17.192832946777344
1.0   10.48677945137024
1.0   29.14170217514038
1.0   36.39725685119629
1.0   6.105580568313599
1.0   28.946361541748047
1.0   11.13251781463623
1.0   4.421638011932373
1.0   21.96259307861328
1.0   6.6866443157196045
1.0   27.043938159942627
1.0   30.23860263824463
1.0   24.293282985687256
1.0   34.54561138153076
1.0   25.65908670425415
1.0   20.828158617019653
1.0   27.059363842010498
1.0   32.578593730926514
1.0   36.83852481842041
1.0   32.68026161193848
1.0   44.19771194458008
1.0   27.219560384750366
1.0   28.940586805343628
1.0   22.5654336810112
1.0   33.38618564605713
1.0   30.830831050872803
1.0   -2.0349230766296387
1.0   0.7765843868255615
1.0   6.233023166656494
1.0   10.552915811538696
1.0   0.5372209548950195
1.0   14.613720417022705
1.0   6.4011993408203125
1.0   6.3808372020721436
1.0   6.522931098937988
1.0   11.858619213104248
1.0   10.167734146118164
1.0   6.642120599746704
1.0   9.420217514038086
1.0   30.702494621276855
1.0   0.6123435497283936
0.0   -4.364739418029785
0.0   -0.16628360748291016
0.0   18.837085723876953
0.0   -5.493452668190002
0.0   -5.618657946586609
0.0   -5.770819783210754
0.0   -5.643904685974121
0.0   -3.6723272800445557
0.0   -3.894313097000122
0.0   -5.793059349060059
0.0   12.389049291610718
0.0   -5.76045835018158
0.0   13.318878889083862
0.0   -0.7014608383178711
0.0   -0.5007123947143555
0.0   -5.367292881011963
0.0   -5.479096293449402
0.0   -5.227312088012695
0.0   -4.859483003616333
0.0   -5.441802978515625
0.0   8.543890953063965
0.0   -5.640975475311279
0.0   -4.715765714645386
0.0   11.590279579162598
0.0   -4.951643705368042
0.0   -5.844852685928345
0.0   -0.18918132781982422
0.0   4.754168510437012
0.0   -5.866596937179565
0.0   -2.8043915033340454
0.0   -2.306164503097534
0.0   1.7900428771972656
0.0   12.752107381820679
1.0   48.163968086242676
1.0   32.276163816452026
1.0   -3.66372811794281
1.0   35.855008602142334
1.0   27.92735195159912
1.0   30.423508167266846
1.0   34.46435499191284
1.0   35.847498416900635
1.0   46.45163059234619
1.0   27.32150173187256
1.0   33.3802809715271
1.0   19.814621329307556
1.0   36.120147943496704
1.0   38.291919231414795
1.0   11.991920232772827
1.0   27.17775583267212
1.0   24.489162802696228
1.0   23.53695821762085
1.0   23.019575595855713
1.0   17.324094772338867
1.0   49.433764934539795
1.0   8.140144348144531
1.0   24.214403986930847
1.0   18.65960955619812
1.0   31.009353160858154
1.0   11.491064071655273
1.0   23.23938775062561
1.0   10.652443885803223
1.0   35.99720501899719
1.0   20.395312309265137
1.0   15.02988576889038
1.0   14.45183265209198
1.0   13.337285280227661
1.0   17.35573959350586
1.0   10.943121433258057
1.0   29.21062994003296
1.0   33.41683053970337
1.0   7.248833656311035
1.0   29.55380129814148
1.0   10.631478309631348
1.0   5.857778549194336
1.0   22.694942951202393
1.0   6.704219341278076
1.0   28.256906032562256
1.0   31.56344473361969
1.0   25.89752209186554
1.0   33.87777400016785
1.0   27.200153708457947
1.0   23.016529083251953
1.0   27.620211720466614
1.0   32.493022441864014
1.0   35.842668533325195
1.0   32.28526759147644
1.0   42.988380908966064
1.0   28.494041681289673
1.0   29.73125696182251
1.0   24.397321462631226
1.0   33.6891713142395
1.0   31.504359364509583
1.0   -0.8646364212036133
1.0   1.5915310382843018
1.0   7.506705284118652
1.0   11.000984191894531
1.0   1.7748432159423828
1.0   14.578490972518921
1.0   7.266900539398193
1.0   6.881643772125244
1.0   6.925576686859131
1.0   12.114785194396973
1.0   10.261226177215576
1.0   6.939829111099243
1.0   9.575658082962036
1.0   29.344143390655518
1.0   1.2182374000549316
0.0   -4.4556132555007935
0.0   -0.5562207698822021
0.0   15.983699798583984
0.0   -5.564093708992004
0.0   -5.689962387084961
0.0   -5.841223478317261
0.0   -5.70300030708313
0.0   -3.7670609951019287
0.0   -4.004514098167419
0.0   -5.860714077949524
0.0   10.857260704040527
0.0   -5.834579706192017
0.0   11.20806360244751
0.0   -1.0577547550201416
0.0   -0.710604190826416
0.0   -5.426968574523926
0.0   -5.542206764221191
0.0   -5.288244962692261
0.0   -4.941150665283203
0.0   -5.510441422462463
0.0   7.735654830932617
0.0   -5.7048022747039795
0.0   -4.790596961975098
0.0   10.299694538116455
0.0   -5.0197306871414185
0.0   -5.916731595993042
0.0   -0.6364305019378662
0.0   3.8884243965148926
0.0   -5.935281991958618
0.0   -2.9182363748550415
0.0   -2.4953675270080566
0.0   1.2444648742675781
0.0   11.171536445617676
1.0   43.45355427265167
1.0   30.111576914787292
1.0   -3.7581039667129517
1.0   33.36798357963562
1.0   25.840830206871033
1.0   28.66959047317505
1.0   32.43558740615845
1.0   32.96945959329605
1.0   43.6023154258728
1.0   25.090395212173462
1.0   31.27641534805298
1.0   18.96838879585266
1.0   33.626814126968384
1.0   34.4655305147171
1.0   11.794223308563232
1.0   24.18272066116333
1.0   23.726014971733093
1.0   23.237935304641724
1.0   21.67222785949707
1.0   17.06674337387085
1.0   47.68288958072662
1.0   8.169544219970703
1.0   23.20397925376892
1.0   18.388601303100586
1.0   29.09157693386078
1.0   10.66040563583374
1.0   20.856058359146118
1.0   10.728206634521484
1.0   34.88441616296768
1.0   17.613598346710205
1.0   13.508955717086792
1.0   13.362823486328125
1.0   12.810170412063599
1.0   15.839827299118042
1.0   9.975688934326172
1.0   26.90019154548645
1.0   27.407777786254883
1.0   6.894665718078613
1.0   27.8496835231781
1.0   8.577061176300049
1.0   6.035839557647705
1.0   21.475660920143127
1.0   5.329273223876953
1.0   27.48556661605835
1.0   30.81290292739868
1.0   25.581634521484375
1.0   30.888896703720093
1.0   26.806894779205322
1.0   23.17156434059143
1.0   26.163511395454407
1.0   30.22660541534424
1.0   32.30254149436951
1.0   29.653234004974365
1.0   38.76051127910614
1.0   27.714519381523132
1.0   28.45125913619995
1.0   24.321253538131714
1.0   31.69743847846985
1.0   29.988754749298096
1.0   -0.9544327259063721
1.0   1.1318306922912598
1.0   7.041408061981201
1.0   9.776980876922607
1.0   1.4963514804840088
1.0   12.717803478240967
1.0   6.511491775512695
1.0   5.978752613067627
1.0   5.959991693496704
1.0   10.91457986831665
1.0   8.810875415802002
1.0   5.803651332855225
1.0   8.186173915863037
1.0   25.510552525520325
1.0   0.6605873107910156
0.0   -4.9708698987960815
0.0   -1.371241569519043
0.0   13.65568208694458
0.0   -6.090551137924194
0.0   -6.225377917289734
0.0   -6.382480502128601
0.0   -6.251979112625122
0.0   -4.293330430984497
0.0   -4.5447773933410645
0.0   -6.404490947723389
0.0   9.370305061340332
0.0   -6.365968823432922
0.0   9.344999313354492
0.0   -1.7884197235107422
0.0   -1.4628429412841797
0.0   -5.954578638076782
0.0   -6.0601454973220825
0.0   -5.8232102394104
0.0   -5.4514158964157104
0.0   -6.0332512855529785
0.0   6.596279144287109
0.0   -6.247330188751221
0.0   -5.337850093841553
0.0   8.889619827270508
0.0   -5.520712733268738
0.0   -6.4687381982803345
0.0   -1.4434597492218018
0.0   2.7907938957214355
0.0   -6.518976211547852
0.0   -3.595273971557617
0.0   -3.144127368927002
0.0   0.27228593826293945
0.0   9.65480089187622
1.0   40.14284038543701
1.0   28.348329544067383
1.0   -4.238313913345337
1.0   31.26187229156494
1.0   23.990882396697998
1.0   26.905569553375244
1.0   30.663090705871582
1.0   30.595277786254883
1.0   41.38859701156616
1.0   23.270205974578857
1.0   29.425564765930176
1.0   17.77822256088257
1.0   31.6085147857666
1.0   31.348909378051758
1.0   11.083264350891113
1.0   21.74040985107422
1.0   22.460303783416748
1.0   22.326513290405273
1.0   20.230003833770752
1.0   16.112553596496582
1.0   45.902496337890625
1.0   7.613839149475098
1.0   21.907437324523926
1.0   17.620407581329346
1.0   27.179660320281982
1.0   9.598675727844238
1.0   18.85819959640503
1.0   10.045442581176758
1.0   33.419118881225586
1.0   15.335166931152344
1.0   12.09451675415039
1.0   12.098835468292236
1.0   11.854305744171143
1.0   14.286069393157959
1.0   8.829211711883545
1.0   24.680611610412598
1.0   22.917522430419922
1.0   6.076666355133057
1.0   26.033700466156006
1.0   6.809875011444092
1.0   5.562723159790039
1.0   20.004534244537354
1.0   4.026203632354736
1.0   26.362950325012207
1.0   29.778927326202393
1.0   24.769441604614258
1.0   28.313608169555664
1.0   25.99168872833252
1.0   22.393648147583008
1.0   24.68049383163452
1.0   28.190354347229004
1.0   29.275582313537598
1.0   27.499587059020996
1.0   35.093913078308105
1.0   26.68786334991455
1.0   27.13076162338257
1.0   23.61650037765503
1.0   29.746712684631348
1.0   28.34389019012451
1.0   -1.6367285251617432
1.0   0.26395511627197266
1.0   6.0000152587890625
1.0   8.458881855010986
1.0   0.5725538730621338
1.0   10.972448825836182
1.0   5.403350830078125
1.0   4.843266010284424
1.0   4.860930442810059
1.0   9.647817134857178
1.0   7.392673015594482
1.0   4.575561046600342
1.0   6.789943218231201
1.0   22.38491654396057
1.0   -0.18428492546081543
0.0   -5.72995400428772
0.0   -2.2482385635375977
0.0   12.50717830657959
0.0   -6.898104906082153
0.0   -7.047786235809326
0.0   -7.202706933021545
0.0   -7.088744401931763
0.0   -5.063313007354736
0.0   -5.319100975990295
0.0   -7.230664610862732
0.0   8.397656917572021
0.0   -7.1804410219192505
0.0   8.277101039886475
0.0   -2.6500158309936523
0.0   -2.370452404022217
0.0   -6.76450252532959
0.0   -6.870356559753418
0.0   -6.633803963661194
0.0   -6.224208354949951
0.0   -6.840982556343079
0.0   5.607863903045654
0.0   -7.07546854019165
0.0   -6.1293723583221436
0.0   7.7987236976623535
0.0   -6.303847074508667
0.0   -7.304667711257935
0.0   -2.3257405757904053
0.0   1.843040943145752
0.0   -7.368509769439697
0.0   -4.5055859088897705
0.0   -3.9848556518554688
0.0   -0.7305326461791992
0.0   8.646910667419434
1.0   39.332396507263184
1.0   27.77018928527832
1.0   -4.975099563598633
1.0   30.569096565246582
1.0   23.220462799072266
1.0   26.18083381652832
1.0   30.064502239227295
1.0   29.72366428375244
1.0   40.82830619812012
1.0   22.650017738342285
1.0   28.788819313049316
1.0   17.082674026489258
1.0   30.976502418518066
1.0   30.24495220184326
1.0   10.361412048339844
1.0   20.73611831665039
1.0   21.643859386444092
1.0   21.785897254943848
1.0   19.626222610473633
1.0   15.3803391456604
1.0   45.257569313049316
1.0   6.988022327423096
1.0   21.258450508117676
1.0   16.990731716156006
1.0   26.403416633605957
1.0   8.755955696105957
1.0   18.06592845916748
1.0   9.210655212402344
1.0   32.698594093322754
1.0   14.2151517868042
1.0   11.26907730102539
1.0   11.348708152770996
1.0   11.230318069458008
1.0   13.476618766784668
1.0   8.056448459625244
1.0   23.607192039489746
1.0   21.308119773864746
1.0   5.318432807922363
1.0   25.094036102294922
1.0   5.807079315185547
1.0   5.035959720611572
1.0   19.168177604675293
1.0   3.110881805419922
1.0   25.843937397003174
1.0   29.42613983154297
1.0   24.364013195037842
1.0   27.455795288085938
1.0   25.681854724884033
1.0   21.810392379760742
1.0   24.20136022567749
1.0   27.55763530731201
1.0   28.21788215637207
1.0   26.901331424713135
1.0   33.76891326904297
1.0   26.368791580200195
1.0   26.78726816177368
1.0   23.12090492248535
1.0   29.14472770690918
1.0   27.691131591796875
1.0   -2.521702527999878
1.0   -0.6269757747650146
1.0   4.961053371429443
1.0   7.519542694091797
1.0   -0.44776272773742676
1.0   9.914520740509033
1.0   4.392250061035156
1.0   3.9125118255615234
1.0   4.045497417449951
1.0   8.860876560211182
1.0   6.44577693939209
1.0   3.624204635620117
1.0   5.8215508460998535
1.0   21.078418731689453
1.0   -1.0140273571014404
0.0   -5.479937672615051
0.0   -2.2099130153656006
0.0   13.093276977539062
0.0   -6.631091594696045
0.0   -6.775748610496521
0.0   -6.925612926483154
0.0   -6.812038421630859
0.0   -4.815854787826538
0.0   -5.060208201408386
0.0   -6.95133638381958
0.0   8.693981170654297
0.0   -6.904172658920288
0.0   8.707760334014893
0.0   -2.59194278717041
0.0   -2.2989015579223633
0.0   -6.502225637435913
0.0   -6.604722261428833
0.0   -6.3680490255355835
0.0   -5.96743381023407
0.0   -6.575942277908325
0.0   5.7306952476501465
0.0   -6.801836609840393
0.0   -5.8665851354599
0.0   8.02566385269165
0.0   -6.052023887634277
0.0   -7.022229194641113
0.0   -2.2747738361358643
0.0   1.9502153396606445
0.0   -7.084165453910828
0.0   -4.379230618476868
0.0   -3.83176052570343
0.0   -0.6998939514160156
0.0   8.99366569519043
1.0   40.47458744049072
1.0   28.415969848632812
1.0   -4.745006442070007
1.0   31.267099380493164
1.0   23.690403938293457
1.0   26.739758491516113
1.0   30.76339626312256
1.0   30.360085487365723
1.0   41.764991760253906
1.0   23.18661403656006
1.0   29.422532558441162
1.0   17.48744535446167
1.0   31.668668270111084
1.0   31.325349807739258
1.0   10.66238021850586
1.0   21.56045627593994
1.0   22.0302472114563
1.0   22.339934825897217
1.0   20.40203857421875
1.0   15.886240005493164
1.0   46.17924976348877
1.0   7.287392616271973
1.0   21.926289558410645
1.0   17.468111038208008
1.0   27.214214324951172
1.0   9.071840763092041
1.0   18.890457153320312
1.0   9.465070724487305
1.0   33.38085174560547
1.0   14.804075241088867
1.0   11.727312564849854
1.0   11.746010303497314
1.0   11.680615425109863
1.0   14.034251689910889
1.0   8.415738582611084
1.0   24.192257404327393
1.0   22.45125389099121
1.0   5.616369247436523
1.0   25.813106060028076
1.0   6.233613967895508
1.0   5.426272392272949
1.0   19.72884488105774
1.0   3.4009222984313965
1.0   26.94253635406494
1.0   30.603819847106934
1.0   25.443251609802246
1.0   28.741570949554443
1.0   26.804076671600342
1.0   22.617950439453125
1.0   25.39147663116455
1.0   28.961565017700195
1.0   29.478085041046143
1.0   28.3391056060791
1.0   35.1564040184021
1.0   27.498096466064453
1.0   28.052820205688477
1.0   24.066670417785645
1.0   30.55768394470215
1.0   28.81300449371338
1.0   -2.3675026893615723
1.0   -0.5097596645355225
1.0   5.102341175079346
1.0   7.861212730407715
1.0   -0.3987879753112793
1.0   10.297291278839111
1.0   4.502451419830322
1.0   4.056524276733398
1.0   4.250247955322266
1.0   9.20082712173462
1.0   6.717726707458496
1.0   3.8184008598327637
1.0   6.084662437438965
1.0   21.708958625793457
1.0   -0.9396038055419922
0.0   -4.646576404571533
0.0   -1.7304105758666992
0.0   13.504040718078613
0.0   -5.729853391647339
0.0   -5.857961654663086
0.0   -6.002516746520996
0.0   -5.884702801704407
0.0   -4.010164856910706
0.0   -4.2274463176727295
0.0   -6.019462823867798
0.0   9.039876461029053
0.0   -5.980335474014282
0.0   9.127533912658691
0.0   -2.042041301727295
0.0   -1.7097291946411133
0.0   -5.59882664680481
0.0   -5.706033110618591
0.0   -5.461487293243408
0.0   -5.105844140052795
0.0   -5.670539140701294
0.0   6.125748634338379
0.0   -5.882720351219177
0.0   -4.987722039222717
0.0   8.434542655944824
0.0   -5.193507552146912
0.0   -6.080265641212463
0.0   -1.782270908355713
0.0   2.346039056777954
0.0   -6.134306311607361
0.0   -3.6609930992126465
0.0   -3.119518756866455
0.0   -0.23148298263549805
0.0   9.42525577545166
1.0   40.943623065948486
1.0   28.902554035186768
1.0   -3.974150061607361
1.0   31.69782257080078
1.0   23.972750186920166
1.0   27.317572116851807
1.0   31.352404594421387
1.0   30.624942779541016
1.0   42.35178518295288
1.0   23.556221961975098
1.0   29.81163477897644
1.0   18.00173854827881
1.0   32.1761360168457
1.0   32.054593086242676
1.0   11.292354583740234
1.0   22.39864444732666
1.0   22.730971813201904
1.0   23.13969326019287
1.0   21.313310623168945
1.0   16.84177017211914
1.0   47.014623403549194
1.0   8.020609855651855
1.0   22.781626224517822
1.0   18.22626781463623
1.0   27.9814932346344
1.0   9.595452308654785
1.0   19.51272201538086
1.0   10.206283569335938
1.0   34.256285667419434
1.0   15.163560390472412
1.0   12.16925859451294
1.0   12.206224918365479
1.0   12.398707866668701
1.0   14.676236629486084
1.0   9.007124900817871
1.0   24.666167974472046
1.0   23.042617797851562
1.0   6.348006248474121
1.0   26.623312950134277
1.0   6.6662139892578125
1.0   6.272459030151367
1.0   20.46361804008484
1.0   3.8714070320129395
1.0   28.642698526382446
1.0   32.21387434005737
1.0   27.053298473358154
1.0   30.177245140075684
1.0   28.31672191619873
1.0   24.05681848526001
1.0   26.91719388961792
1.0   30.72148871421814
1.0   30.9257173538208
1.0   29.934439659118652
1.0   36.59084892272949
1.0   28.966729164123535
1.0   29.577214002609253
1.0   25.58324098587036
1.0   32.36768913269043
1.0   30.41443109512329
1.0   -1.6554970741271973
1.0   0.05626487731933594
1.0   5.711694240570068
1.0   8.362290859222412
1.0   0.14148235321044922
1.0   10.699599266052246
1.0   4.963144302368164
1.0   4.4773030281066895
1.0   4.689457893371582
1.0   9.639359951019287
1.0   7.093624591827393
1.0   4.259058952331543
1.0   6.483153343200684
1.0   22.165132999420166
1.0   -0.5004701614379883
0.0   -4.5714662075042725
0.0   -1.7164523601531982
0.0   13.330010414123535
0.0   -5.6473013162612915
0.0   -5.773667693138123
0.0   -5.917125463485718
0.0   -5.799479246139526
0.0   -3.940313696861267
0.0   -4.154871702194214
0.0   -5.933766841888428
0.0   8.942623615264893
0.0   -5.895545840263367
0.0   9.006788730621338
0.0   -2.0148563385009766
0.0   -1.6779556274414062
0.0   -5.517274379730225
0.0   -5.623224258422852
0.0   -5.379388809204102
0.0   -5.027527809143066
0.0   -5.587898373603821
0.0   6.0790205001831055
0.0   -5.7984254360198975
0.0   -4.909179449081421
0.0   8.357452869415283
0.0   -5.113516569137573
0.0   -5.994494676589966
0.0   -1.766380786895752
0.0   2.3143293857574463
0.0   -6.04682195186615
0.0   -3.606614589691162
0.0   -3.0648738145828247
0.0   -0.23443341255187988
0.0   9.336812973022461
1.0   40.556092262268066
1.0   28.68882179260254
1.0   -3.9062169790267944
1.0   31.461179733276367
1.0   23.773396253585815
1.0   27.137059688568115
1.0   31.141874313354492
1.0   30.361217498779297
1.0   42.05720376968384
1.0   23.351589679718018
1.0   29.59385395050049
1.0   17.9077730178833
1.0   31.9401798248291
1.0   31.786290168762207
1.0   11.28239917755127
1.0   22.232930183410645
1.0   22.661162853240967
1.0   23.09200954437256
1.0   21.233571529388428
1.0   16.835926055908203
1.0   46.81924247741699
1.0   8.037829875946045
1.0   22.70449209213257
1.0   18.196826934814453
1.0   27.830079555511475
1.0   9.545455932617188
1.0   19.366177082061768
1.0   10.213004112243652
1.0   34.14360284805298
1.0   14.989317893981934
1.0   12.074477195739746
1.0   12.136523246765137
1.0   12.374155759811401
1.0   14.593109130859375
1.0   8.967447757720947
1.0   24.489277839660645
1.0   22.694588661193848
1.0   6.356802463531494
1.0   26.50431203842163
1.0   6.566213607788086
1.0   6.318950176239014
1.0   20.38094663619995
1.0   3.816311836242676
1.0   28.65023708343506
1.0   32.2060866355896
1.0   27.078164100646973
1.0   30.053905487060547
1.0   28.323477745056152
1.0   24.09187602996826
1.0   26.882283210754395
1.0   30.656694412231445
1.0   30.76931095123291
1.0   29.835267066955566
1.0   36.375670433044434
1.0   28.952555179595947
1.0   29.5418381690979
1.0   25.61255645751953
1.0   32.321824073791504
1.0   30.381264448165894
1.0   -1.6089587211608887
1.0   0.07083582878112793
1.0   5.698434829711914
1.0   8.300435543060303
1.0   0.1535656452178955
1.0   10.58707571029663
1.0   4.93232536315918
1.0   4.4404802322387695
1.0   4.652469635009766
1.0   9.572441101074219
1.0   7.015345096588135
1.0   4.213786602020264
1.0   6.411823749542236
1.0   21.935852527618408
1.0   -0.49705004692077637
0.0   -4.4871814250946045
0.0   -1.718862533569336
0.0   13.01341438293457
0.0   -5.554649591445923
0.0   -5.678948998451233
0.0   -5.821316480636597
0.0   -5.703665614128113
0.0   -3.8632460832595825
0.0   -4.075840711593628
0.0   -5.837724089622498
0.0   8.7539701461792
0.0   -5.800381422042847
0.0   8.778307437896729
0.0   -2.001612901687622
0.0   -1.6591863632202148
0.0   -5.4245874881744385
0.0   -5.529855489730835
0.0   -5.287276029586792
0.0   -4.939383625984192
0.0   -5.494812965393066
0.0   5.973299026489258
0.0   -5.7036237716674805
0.0   -4.821551203727722
0.0   8.201430797576904
0.0   -5.024175524711609
0.0   -5.897065758705139
0.0   -1.7673202753067017
0.0   2.2365028858184814
0.0   -5.9489452838897705
0.0   -3.553519606590271
0.0   -3.0117642879486084
0.0   -0.2670555114746094
0.0   9.158677101135254
1.0   39.85676336288452
1.0   28.28413963317871
1.0   -3.8309227228164673
1.0   31.01785659790039
1.0   23.403561115264893
1.0   26.78097629547119
1.0   30.73737382888794
1.0   29.87862205505371
1.0   41.507893562316895
1.0   22.97194766998291
1.0   29.18415594100952
1.0   17.703758239746094
1.0   31.495173931121826
1.0   31.281254768371582
1.0   11.223698616027832
1.0   21.895689964294434
1.0   22.48863911628723
1.0   22.95276165008545
1.0   21.034340858459473
1.0   16.759963035583496
1.0   46.42091464996338
1.0   8.017113208770752
1.0   22.513649463653564
1.0   18.09261703491211
1.0   27.517451763153076
1.0   9.428549766540527
1.0   19.07353115081787
1.0   10.17645788192749
1.0   33.884615421295166
1.0   14.67292594909668
1.0   11.88527774810791
1.0   11.98526906967163
1.0   12.280534744262695
1.0   14.40400505065918
1.0   8.861650943756104
1.0   24.15061378479004
1.0   22.06185245513916
1.0   6.323824882507324
1.0   26.238717317581177
1.0   6.3713884353637695
1.0   6.342802047729492
1.0   20.18599009513855
1.0   3.6955504417419434
1.0   28.549827575683594
1.0   32.08271026611328
1.0   27.01248860359192
1.0   29.741771697998047
1.0   28.2337384223938
1.0   24.053237438201904
1.0   26.722341537475586
1.0   30.43062734603882
1.0   30.40433979034424
1.0   29.55998992919922
1.0   35.91055107116699
1.0   28.828989505767822
1.0   29.380049228668213
1.0   25.561467170715332
1.0   32.11742115020752
1.0   30.216757774353027
1.0   -1.5719051361083984
1.0   0.06036520004272461
1.0   5.637882709503174
1.0   8.16386079788208
1.0   0.13991737365722656
1.0   10.36978530883789
1.0   4.8500213623046875
1.0   4.349865913391113
1.0   4.562471866607666
1.0   9.427801609039307
1.0   6.859501361846924
1.0   4.109186172485352
1.0   6.265495300292969
1.0   21.507892608642578
1.0   -0.5174179077148438
0.0   -4.414422154426575
0.0   -1.746678113937378
0.0   12.569543838500977
0.0   -5.472114682197571
0.0   -5.594504356384277
0.0   -5.735976219177246
0.0   -5.619502425193787
0.0   -3.7982423305511475
0.0   -4.009491682052612
0.0   -5.752313613891602
0.0   8.479435920715332
0.0   -5.715393781661987
0.0   8.451169490814209
0.0   -2.0136237144470215
0.0   -1.6636390686035156
0.0   -5.342350721359253
0.0   -5.44664454460144
0.0   -5.20575749874115
0.0   -4.86109471321106
0.0   -5.411716938018799
0.0   5.807733058929443
0.0   -5.619125485420227
0.0   -4.7460410594940186
0.0   7.967319965362549
0.0   -4.9455626010894775
0.0   -5.810990571975708
0.0   -1.7944985628128052
0.0   2.1090548038482666
0.0   -5.862735867500305
0.0   -3.5179717540740967
0.0   -2.9764668941497803
0.0   -0.33582139015197754
0.0   8.89552640914917
1.0   38.903995513916016
1.0   27.723753452301025
1.0   -3.767217993736267
1.0   30.40319538116455
1.0   22.891454696655273
1.0   26.27888536453247
1.0   30.169496536254883
1.0   29.215986251831055
1.0   40.74641513824463
1.0   22.447356700897217
1.0   28.615877151489258
1.0   17.40311336517334
1.0   30.87869644165039
1.0   30.57394313812256
1.0   11.111462593078613
1.0   21.40592050552368
1.0   22.223313331604004
1.0   22.726683139801025
1.0   20.726562023162842
1.0   16.61290740966797
1.0   45.84598922729492
1.0   7.954602241516113
1.0   22.21909236907959
1.0   17.914498329162598
1.0   27.06431245803833
1.0   9.242496967315674
1.0   18.655202865600586
1.0   10.08890151977539
1.0   33.49318838119507
1.0   14.225767135620117
1.0   11.607020378112793
1.0   11.755853176116943
1.0   12.118459224700928
1.0   14.11979866027832
1.0   8.690423011779785
1.0   23.668997287750244
1.0   21.188002586364746
1.0   6.243501663208008
1.0   25.842517375946045
1.0   6.08831787109375
1.0   6.335320949554443
1.0   19.888567686080933
1.0   3.509982109069824
1.0   28.339160442352295
1.0   31.84313654899597
1.0   26.850842714309692
1.0   29.257516860961914
1.0   28.044846296310425
1.0   23.93176507949829
1.0   26.440863609313965
1.0   30.047809600830078
1.0   29.853675842285156
1.0   29.12335205078125
1.0   35.223708152770996
1.0   28.595810890197754
1.0   29.094843864440918
1.0   25.421192407608032
1.0   31.760445594787598
1.0   29.92583656311035
1.0   -1.5579900741577148
1.0   0.017000198364257812
1.0   5.5243449211120605
1.0   7.952974319458008
1.0   0.09125447273254395
1.0   10.055545806884766
1.0   4.713962554931641
1.0   4.20399284362793
1.0   4.417963981628418
1.0   9.209978580474854
1.0   6.629400730133057
1.0   3.9439687728881836
1.0   6.045366287231445
1.0   20.907622814178467
1.0   -0.5684659481048584
0.0   -4.30012321472168
0.0   -1.7210578918457031
0.0   12.335960388183594
0.0   -5.346354365348816
0.0   -5.465845584869385
0.0   -5.605898380279541
0.0   -5.490108966827393
0.0   -3.6907607316970825
0.0   -3.899111270904541
0.0   -5.621877193450928
0.0   8.338916301727295
0.0   -5.586233615875244
0.0   8.287173748016357
0.0   -1.972452163696289
0.0   -1.6186914443969727
0.0   -5.217128872871399
0.0   -5.3199005126953125
0.0   -5.0810887813568115
0.0   -4.7417978048324585
0.0   -5.285478234291077
0.0   5.732972145080566
0.0   -5.490288138389587
0.0   -4.626444101333618
0.0   7.85292387008667
0.0   -4.824167966842651
0.0   -5.679692268371582
0.0   -1.7654657363891602
0.0   2.0669076442718506
0.0   -5.730448246002197
0.0   -3.433703660964966
0.0   -2.8933188915252686
0.0   -0.34136247634887695
0.0   8.767682075500488
1.0   38.321946144104004
1.0   27.37733507156372
1.0   -3.6630916595458984
1.0   30.018244743347168
1.0   22.569769382476807
1.0   25.966904640197754
1.0   29.8162202835083
1.0   28.800984382629395
1.0   40.26841163635254
1.0   22.123926162719727
1.0   28.25785255432129
1.0   17.224276542663574
1.0   30.50032329559326
1.0   30.159107208251953
1.0   11.067981719970703
1.0   21.145404815673828
1.0   22.06000566482544
1.0   22.59732151031494
1.0   20.561044216156006
1.0   16.54105234146118
1.0   45.480323791503906
1.0   7.943607330322266
1.0   22.052977561950684
1.0   17.823205947875977
1.0   26.800169944763184
1.0   9.159134864807129
1.0   18.42926597595215
1.0   10.063565254211426
1.0   33.247825145721436
1.0   13.986940383911133
1.0   11.465381145477295
1.0   11.636244297027588
1.0   12.03902816772461
1.0   13.971424102783203
1.0   8.61573314666748
1.0   23.374279975891113
1.0   20.702040672302246
1.0   6.2294840812683105
1.0   25.61520767211914
1.0   5.959105968475342
1.0   6.37060022354126
1.0   19.721484184265137
1.0   3.4388790130615234
1.0   28.2391939163208
1.0   31.726624250411987
1.0   26.782436847686768
1.0   29.007104873657227
1.0   27.95652675628662
1.0   23.880098342895508
1.0   26.305609226226807
1.0   29.86313247680664
1.0   29.562932014465332
1.0   28.904191970825195
1.0   34.84550714492798
1.0   28.479369640350342
1.0   28.953628540039062
1.0   25.36011528968811
1.0   31.582693099975586
1.0   29.77604103088379
1.0   -1.4946043491363525
1.0   0.03357958793640137
1.0   5.48649787902832
1.0   7.857412815093994
1.0   0.09650254249572754
1.0   9.896405696868896
1.0   4.660834789276123
1.0   4.148890972137451
1.0   4.3616204261779785
1.0   9.10200309753418
1.0   6.522812843322754
1.0   3.879532814025879
1.0   5.944171905517578
1.0   20.558958530426025
1.0   -0.560781717300415
0.0   -4.169526815414429
0.0   -1.6719508171081543
0.0   12.237303733825684
0.0   -5.203776955604553
0.0   -5.319825172424316
0.0   -5.458824276924133
0.0   -5.3429155349731445
0.0   -3.567413091659546
0.0   -3.770756959915161
0.0   -5.474319696426392
0.0   8.27988052368164
0.0   -5.439777970314026
0.0   8.225658893585205
0.0   -1.9053962230682373
0.0   -1.5564601421356201
0.0   -5.074479341506958
0.0   -5.1762001514434814
0.0   -4.939188241958618
0.0   -4.60602080821991
0.0   -5.142568230628967
0.0   5.703737258911133
0.0   -5.344184160232544
0.0   -4.4892377853393555
0.0   7.803140640258789
0.0   -4.687411069869995
0.0   -5.530306696891785
0.0   -1.7103242874145508
0.0   2.069822311401367
0.0   -5.580002069473267
0.0   -3.326263904571533
0.0   -2.7894657850265503
0.0   -0.31880855560302734
0.0   8.720165729522705
1.0   37.99947166442871
1.0   27.175504207611084
1.0   -3.5420687198638916
1.0   29.787872314453125
1.0   22.37013339996338
1.0   25.77365779876709
1.0   29.603636264801025
1.0   28.54720401763916
1.0   39.983455657958984
1.0   21.936423301696777
1.0   28.035837173461914
1.0   17.108280181884766
1.0   30.2823224067688
1.0   29.93309211730957
1.0   11.053498268127441
1.0   21.02979803085327
1.0   21.9449725151062
1.0   22.511361598968506
1.0   20.474475860595703
1.0   16.495655059814453
1.0   45.23310852050781
1.0   7.95224666595459
1.0   21.954925537109375
1.0   17.77246856689453
1.0   26.64524555206299
1.0   9.13058853149414
1.0   18.32580041885376
1.0   10.057926654815674
1.0   33.07404804229736
1.0   13.881025314331055
1.0   11.406364917755127
1.0   11.576748371124268
1.0   11.996982097625732
1.0   13.898431777954102
1.0   8.5904221534729
1.0   23.185532093048096
1.0   20.47486114501953
1.0   6.240802764892578
1.0   25.479087352752686
1.0   5.927513599395752
1.0   6.4148759841918945
1.0   19.616196632385254
1.0   3.434544563293457
1.0   28.16809582710266
1.0   31.649527549743652
1.0   26.73353672027588
1.0   28.88478660583496
1.0   27.899796962738037
1.0   23.834089279174805
1.0   26.24041748046875
1.0   29.77489995956421
1.0   29.420485496520996
1.0   28.802557945251465
1.0   34.64247274398804
1.0   28.4049072265625
1.0   28.87406635284424
1.0   25.31174087524414
1.0   31.486367225646973
1.0   29.67552375793457
1.0   -1.4144668579101562
1.0   0.07604169845581055
1.0   5.479372978210449
1.0   7.826625347137451
1.0   0.12069845199584961
1.0   9.834519863128662
1.0   4.64782190322876
1.0   4.140844821929932
1.0   4.352839469909668
1.0   9.055253028869629
1.0   6.488913536071777
1.0   3.8698930740356445
1.0   5.913029193878174
1.0   20.367833614349365
1.0   -0.5248680114746094
0.0   -4.01585328578949
0.0   -1.5891609191894531
0.0   12.276820659637451
0.0   -5.03735089302063
0.0   -5.1508824825286865
0.0   -5.28846001625061
0.0   -5.171483993530273
0.0   -3.4209647178649902
0.0   -3.619401693344116
0.0   -5.302934885025024
0.0   8.310124397277832
0.0   -5.271589636802673
0.0   8.27341890335083
0.0   -1.807382345199585
0.0   -1.4653208255767822
0.0   -4.908448219299316
0.0   -5.009071588516235
0.0   -4.774790167808533
0.0   -4.448200702667236
0.0   -4.976991772651672
0.0   5.733015060424805
0.0   -5.174175500869751
0.0   -4.328406572341919
0.0   7.832123756408691
0.0   -4.5281208753585815
0.0   -5.3564770221710205
0.0   -1.6206954717636108
0.0   2.1270275115966797
0.0   -5.404905557632446
0.0   -3.1910520792007446
0.0   -2.6582061052322388
0.0   -0.25591468811035156
0.0   8.76017141342163
1.0   37.93303298950195
1.0   27.121975421905518
1.0   -3.398757219314575
1.0   29.71924066543579
1.0   22.302523612976074
1.0   25.71087646484375
1.0   29.541810512542725
1.0   28.463290214538574
1.0   39.89563226699829
1.0   21.88917875289917
1.0   27.95932149887085
1.0   17.073325157165527
1.0   30.229653358459473
1.0   29.90346622467041
1.0   11.08153247833252
1.0   21.064290046691895
1.0   21.898441553115845
1.0   22.487921714782715
1.0   20.479982376098633
1.0   16.498278617858887
1.0   45.12749004364014
1.0   7.99414587020874
1.0   21.941641330718994
1.0   17.77893304824829
1.0   26.614622116088867
1.0   9.169430255889893
1.0   18.350747108459473
1.0   10.09144115447998
1.0   32.99677276611328
1.0   13.912269592285156
1.0   11.437235832214355
1.0   11.58903455734253
1.0   12.009616374969482
1.0   13.914129257202148
1.0   8.627708911895752
1.0   23.121562957763672
1.0   20.50684642791748
1.0   6.293103218078613
1.0   25.452603340148926
1.0   5.994266033172607
1.0   6.48413610458374
1.0   19.59507465362549
1.0   3.5031139850616455
1.0   28.155486822128296
1.0   31.638251543045044
1.0   26.731847047805786
1.0   28.905012130737305
1.0   27.898993730545044
1.0   23.82408905029297
1.0   26.26529884338379
1.0   29.804116249084473
1.0   29.442413806915283
1.0   28.833621978759766
1.0   34.63637638092041
1.0   28.39577889442444
1.0   28.877173900604248
1.0   25.304205894470215
1.0   31.49891471862793
1.0   29.653900623321533
1.0   -1.3073341846466064
1.0   0.15485477447509766
1.0   5.51981782913208
1.0   7.871552467346191
1.0   0.17924237251281738
1.0   9.874024868011475
1.0   4.688209056854248
1.0   4.190587520599365
1.0   4.400743007659912
1.0   9.080943584442139
1.0   6.534818172454834
1.0   3.925075054168701
1.0   5.959430694580078
1.0   20.34359073638916
1.0   -0.4524996280670166
0.0   -3.838637948036194
0.0   -1.4848082065582275
0.0   12.389445304870605
0.0   -4.8467265367507935
0.0   -4.955928325653076
0.0   -5.092031717300415
0.0   -4.974708557128906
0.0   -3.2513052225112915
0.0   -3.444266676902771
0.0   -5.106563568115234
0.0   8.384681701660156
0.0   -5.077911853790283
0.0   8.378885269165039
0.0   -1.6851208209991455
0.0   -1.3548784255981445
0.0   -4.718835830688477
0.0   -4.817135810852051
0.0   -4.5851218700408936
0.0   -4.266116261482239
0.0   -4.786711096763611
0.0   5.790682792663574
0.0   -4.979165554046631
0.0   -4.143216490745544
0.0   7.89894962310791
0.0   -4.344960451126099
0.0   -5.156974792480469
0.0   -1.5062544345855713
0.0   2.214331865310669
0.0   -5.203982353210449
0.0   -3.029842257499695
0.0   -2.5027793645858765
0.0   -0.17027044296264648
0.0   8.844841003417969
1.0   37.99952268600464
1.0   27.145156383514404
1.0   -3.232274293899536
1.0   29.7289719581604
1.0   22.297300338745117
1.0   25.711275577545166
1.0   29.55350399017334
1.0   28.457938194274902
1.0   39.90706825256348
1.0   21.912983894348145
1.0   27.952744960784912
1.0   17.071916103363037
1.0   30.261037826538086
1.0   29.96466064453125
1.0   11.128538131713867
1.0   21.16602849960327
1.0   21.869653701782227
1.0   22.480854988098145
1.0   20.519119262695312
1.0   16.511855125427246
1.0   45.07292938232422
1.0   8.049262046813965
1.0   21.958927631378174
1.0   17.805837631225586
1.0   26.63426923751831
1.0   9.240461349487305
1.0   18.43778419494629
1.0   10.140989303588867
1.0   32.94518995285034
1.0   14.013680458068848
1.0   11.51111888885498
1.0   11.631202697753906
1.0   12.040261507034302
1.0   13.966817378997803
1.0   8.694129943847656
1.0   23.101872444152832
1.0   20.668212890625
1.0   6.365899085998535
1.0   25.464585781097412
1.0   6.111345291137695
1.0   6.562203407287598
1.0   19.59952211380005
1.0   3.612454891204834
1.0   28.13469886779785
1.0   31.62631320953369
1.0   26.721412181854248
1.0   28.970544815063477
1.0   27.898446798324585
1.0   23.80366277694702
1.0   26.31166172027588
1.0   29.860495567321777
1.0   29.51778793334961
1.0   28.903337955474854
1.0   34.698198318481445
1.0   28.38933801651001
1.0   28.892526149749756
1.0   25.28851294517517
1.0   31.530622482299805
1.0   29.633666038513184
1.0   -1.1834297180175781
1.0   0.2551133632659912
1.0   5.58203125
1.0   7.953921794891357
1.0   0.2570610046386719
1.0   9.966574668884277
1.0   4.754660129547119
1.0   4.269814968109131
1.0   4.476578712463379
1.0   9.13973617553711
1.0   6.622352123260498
1.0   4.014528751373291
1.0   6.046713352203369
1.0   20.391563892364502
1.0   -0.3572084903717041
0.0   -3.657578468322754
0.0   -1.3871595859527588
0.0   12.398407936096191
0.0   -4.650710821151733
0.0   -4.75443160533905
0.0   -4.8902236223220825
0.0   -4.772050619125366
0.0   -3.0791943073272705
0.0   -3.2661041021347046
0.0   -4.903852224349976
0.0   8.388681411743164
0.0   -4.877239346504211
0.0   8.403173446655273
0.0   -1.573371171951294
0.0   -1.2526438236236572
0.0   -4.523167848587036
0.0   -4.619680881500244
0.0   -4.388925075531006
0.0   -4.078149795532227
0.0   -4.590468049049377
0.0   5.803223133087158
0.0   -4.7770280838012695
0.0   -3.9530439376831055
0.0   7.903252601623535
0.0   -4.156610488891602
0.0   -4.950549602508545
0.0   -1.4009302854537964
0.0   2.266752243041992
0.0   -4.995478391647339
0.0   -2.870670199394226
0.0   -2.348356008529663
0.0   -0.10703396797180176
0.0   8.859622478485107
1.0   37.85316181182861
1.0   27.044452667236328
1.0   -3.063528299331665
1.0   29.594359397888184
1.0   22.173885345458984
1.0   25.59403133392334
1.0   29.433542728424072
1.0   28.29454231262207
1.0   39.745145320892334
1.0   21.82035541534424
1.0   27.81454372406006
1.0   16.991374969482422
1.0   30.15538454055786
1.0   29.852046966552734
1.0   11.131953239440918
1.0   21.133817195892334
1.0   21.756935596466064
1.0   22.396631240844727
1.0   20.45943260192871
1.0   16.464450359344482
1.0   44.85549354553223
1.0   8.075594425201416
1.0   21.881575107574463
1.0   17.769731998443604
1.0   26.528406143188477
1.0   9.257725238800049
1.0   18.420464515686035
1.0   10.152961254119873
1.0   32.76757860183716
1.0   14.008455276489258
1.0   11.51132583618164
1.0   11.606482982635498
1.0   12.01469898223877
1.0   13.936686992645264
1.0   8.708235740661621
1.0   22.952651023864746
1.0   20.63002300262451
1.0   6.403899192810059
1.0   25.357682704925537
1.0   6.159534931182861
1.0   6.620493412017822
1.0   19.511430263519287
1.0   3.6727426052093506
1.0   27.985240936279297
1.0   31.485958576202393
1.0   26.602498054504395
1.0   28.866193771362305
1.0   27.791091918945312
1.0   23.697917461395264
1.0   26.232891082763672
1.0   29.75605535507202
1.0   29.410161018371582
1.0   28.80865240097046
1.0   34.54367733001709
1.0   28.2653648853302
1.0   28.77608633041382
1.0   25.177879333496094
1.0   31.397640228271484
1.0   29.4635591506958
1.0   -1.0671064853668213
1.0   0.3359034061431885
1.0   5.60384464263916
1.0   7.973601818084717
1.0   0.31404733657836914
1.0   9.978034973144531
1.0   4.781428813934326
1.0   4.307498455047607
1.0   4.512908935546875
1.0   9.137720584869385
1.0   6.650167942047119
1.0   4.058811187744141
1.0   6.075535297393799
1.0   20.286643505096436
1.0   -0.2795846462249756
0.0   -3.431963801383972
0.0   -1.250375747680664
0.0   12.431212902069092
0.0   -4.40537703037262
0.0   -4.504392385482788
0.0   -4.63877272605896
0.0   -4.520078897476196
0.0   -2.8629541397094727
0.0   -3.0423476696014404
0.0   -4.651154518127441
0.0   8.418967247009277
0.0   -4.627609372138977
0.0   8.450140476226807
0.0   -1.42403244972229
0.0   -1.1068086624145508
0.0   -4.279747724533081
0.0   -4.374345064163208
0.0   -4.145648717880249
0.0   -3.843716859817505
0.0   -4.346341609954834
0.0   5.846229553222656
0.0   -4.5263941287994385
0.0   -3.71593177318573
0.0   7.938974380493164
0.0   -3.921516537666321
0.0   -4.693068742752075
0.0   -1.2565795183181763
0.0   2.3520493507385254
0.0   -4.734949111938477
0.0   -2.664517879486084
0.0   -2.1535781621932983
0.0   -0.006105661392211914
0.0   8.901270866394043
1.0   37.70984745025635
1.0   26.96024465560913
1.0   -2.852587938308716
1.0   29.47279644012451
1.0   22.06092596054077
1.0   25.49809741973877
1.0   29.335881233215332
1.0   28.138185501098633
1.0   39.59422588348389
1.0   21.744977951049805
1.0   27.68589973449707
1.0   16.932146072387695
1.0   30.06803321838379
1.0   29.750736236572266
1.0   11.16484546661377
1.0   21.124284744262695
1.0   21.67068386077881
1.0   22.336061000823975
1.0   20.421436309814453
1.0   16.45099401473999
1.0   44.64687204360962
1.0   8.130758285522461
1.0   21.82671594619751
1.0   17.75914192199707
1.0   26.439247131347656
1.0   9.302481651306152
1.0   18.418912887573242
1.0   10.200600624084473
1.0   32.61002802848816
1.0   14.023329257965088
1.0   11.531692028045654
1.0   11.604276895523071
1.0   12.015068531036377
1.0   13.927487850189209
1.0   8.748059749603271
1.0   22.8190279006958
1.0   20.61157989501953
1.0   6.475161075592041
1.0   25.27218198776245
1.0   6.234278678894043
1.0   6.712460994720459
1.0   19.44780397415161
1.0   3.7638020515441895
1.0   27.87913227081299
1.0   31.38347291946411
1.0   26.525593280792236
1.0   28.796171188354492
1.0   27.716208457946777
1.0   23.633073329925537
1.0   26.187180995941162
1.0   29.696539878845215
1.0   29.33888053894043
1.0   28.74833583831787
1.0   34.427287101745605
1.0   28.17618989944458
1.0   28.693321228027344
1.0   25.106645345687866
1.0   31.300939559936523
1.0   29.336116313934326
1.0   -0.9089348316192627
1.0   0.45412445068359375
1.0   5.665335178375244
1.0   8.02213430404663
1.0   0.412503719329834
1.0   10.015912055969238
1.0   4.842851638793945
1.0   4.375545024871826
1.0   4.575095176696777
1.0   9.156688690185547
1.0   6.7051215171813965
1.0   4.133976936340332
1.0   6.131871700286865
1.0   20.190083026885986
1.0   -0.17047762870788574
0.0   -3.1994324922561646
0.0   -1.1157469749450684
0.0   12.367809295654297
0.0   -4.150522470474243
0.0   -4.244725465774536
0.0   -4.37752377986908
0.0   -4.258601188659668
0.0   -2.639655828475952
0.0   -2.8111753463745117
0.0   -4.38845419883728
0.0   8.393053531646729
0.0   -4.369136571884155
0.0   8.428926944732666
0.0   -1.2723615169525146
0.0   -0.9604828357696533
0.0   -4.026455640792847
0.0   -4.121040225028992
0.0   -3.8923215866088867
0.0   -3.600647807121277
0.0   -4.093474388122559
0.0   5.8625712394714355
0.0   -4.266502618789673
0.0   -3.469740152359009
0.0   7.93319034576416
0.0   -3.677852153778076
0.0   -4.42807137966156
0.0   -1.1155592203140259
0.0   2.4152538776397705
0.0   -4.466381311416626
0.0   -2.4543323516845703
0.0   -1.9558457136154175
0.0   0.08549165725708008
0.0   8.889735698699951
1.0   37.390235900878906
1.0   26.78597068786621
1.0   -2.6343241930007935
1.0   29.24623441696167
1.0   21.860910415649414
1.0   25.327258110046387
1.0   29.14967107772827
1.0   27.865318775177002
1.0   39.31711387634277
1.0   21.584769248962402
1.0   27.461549758911133
1.0   16.82467746734619
1.0   29.880953788757324
1.0   29.50325298309326
1.0   11.18061351776123
1.0   21.019256591796875
1.0   21.547093629837036
1.0   22.236997604370117
1.0   20.321853637695312
1.0   16.415846824645996
1.0   44.337547302246094
1.0   8.178768157958984
1.0   21.71742582321167
1.0   17.719002723693848
1.0   26.262816429138184
1.0   9.312451362609863
1.0   18.322325229644775
1.0   10.238378524780273
1.0   32.390644550323486
1.0   13.94137191772461
1.0   11.493359088897705
1.0   11.557161808013916
1.0   11.980149030685425
1.0   13.85910701751709
1.0   8.752748012542725
1.0   22.59596276283264
1.0   20.400181770324707
1.0   6.531114101409912
1.0   25.110538721084595
1.0   6.2470269203186035
1.0   6.797682762145996
1.0   19.329623222351074
1.0   3.817570209503174
1.0   27.753135442733765
1.0   31.251980543136597
1.0   26.433108806610107
1.0   28.638668537139893
1.0   27.615666389465332
1.0   23.560609340667725
1.0   26.09365749359131
1.0   29.571693897247314
1.0   29.162110805511475
1.0   28.605485916137695
1.0   34.17944145202637
1.0   28.05491852760315
1.0   28.56532096862793
1.0   25.02355718612671
1.0   31.149320602416992
1.0   29.175684928894043
1.0   -0.7477612495422363
1.0   0.5655932426452637
1.0   5.71185302734375
1.0   8.029807567596436
1.0   0.5082788467407227
1.0   9.990331649780273
1.0   4.882402420043945
1.0   4.41596794128418
1.0   4.607275485992432
1.0   9.131629467010498
1.0   6.715152263641357
1.0   4.1768269538879395
1.0   6.143835544586182
1.0   19.972951650619507
1.0   -0.07108378410339355
0.0   -3.1793251037597656
0.0   -1.1055669784545898
0.0   12.347739219665527
0.0   -4.128609657287598
0.0   -4.222162961959839
0.0   -4.354870319366455
0.0   -4.235939025878906
0.0   -2.620558977127075
0.0   -2.791503429412842
0.0   -4.365649938583374
0.0   8.382116317749023
0.0   -4.346686005592346
0.0   8.416323184967041
0.0   -1.260561227798462
0.0   -0.9493913650512695
0.0   -4.004592657089233
0.0   -4.099129676818848
0.0   -3.870389938354492
0.0   -3.579646944999695
0.0   -4.0715250968933105
0.0   5.858646869659424
0.0   -4.243988752365112
0.0   -3.4484931230545044
0.0   7.925086498260498
0.0   -3.6568607091903687
0.0   -4.4052345752716064
0.0   -1.1051280498504639
0.0   2.4161911010742188
0.0   -4.443118929862976
0.0   -2.4369601011276245
0.0   -1.9394118785858154
0.0   0.09050345420837402
0.0   8.880021572113037
1.0   37.33434200286865
1.0   26.754882335662842
1.0   -2.615658164024353
1.0   29.208531379699707
1.0   21.82845187187195
1.0   25.298232078552246
1.0   29.117347717285156
1.0   27.822266578674316
1.0   39.27104568481445
1.0   21.555975914001465
1.0   27.425491333007812
1.0   16.806117057800293
1.0   29.847108364105225
1.0   29.45871877670288
1.0   11.17809772491455
1.0   20.994152069091797
1.0   21.529165744781494
1.0   22.220844984054565
1.0   20.30310344696045
1.0   16.407594680786133
1.0   44.2935357093811
1.0   8.17971658706665
1.0   21.69861888885498
1.0   17.709685802459717
1.0   26.233437538146973
1.0   9.306742191314697
1.0   18.299694061279297
1.0   10.237990379333496
1.0   32.35997772216797
1.0   13.919579982757568
1.0   11.480847835540771
1.0   11.545626878738403
1.0   11.971372604370117
1.0   13.843555927276611
1.0   8.747173309326172
1.0   22.561806201934814
1.0   20.353480339050293
1.0   6.532445907592773
1.0   25.08352303504944
1.0   6.238321781158447
1.0   6.803170204162598
1.0   19.309453010559082
1.0   3.815648078918457
1.0   27.73552370071411
1.0   31.2336106300354
1.0   26.41990566253662
1.0   28.609153747558594
1.0   27.600800037384033
1.0   23.550724506378174
1.0   26.076155185699463
1.0   29.548510551452637
1.0   29.12942934036255
1.0   28.578639030456543
1.0   34.135929584503174
1.0   28.037455558776855
1.0   28.54504156112671
1.0   25.012068510055542
1.0   31.124465942382812
1.0   29.152966499328613
1.0   -0.7347464561462402
1.0   0.5729482173919678
1.0   5.711887836456299
1.0   8.023457527160645
1.0   0.5142369270324707
1.0   9.97782278060913
1.0   4.881126403808594
1.0   4.414393424987793
1.0   4.6050591468811035
1.0   9.122220754623413
1.0   6.708407878875732
1.0   4.174603462219238
1.0   6.137487411499023
1.0   19.935946226119995
1.0   -0.06491303443908691
0.0   -3.1574126482009888
0.0   -1.0930044651031494
0.0   12.334714889526367
0.0   -4.104877710342407
0.0   -4.197708606719971
0.0   -4.330337762832642
0.0   -4.211420893669128
0.0   -2.5995583534240723
0.0   -2.7701245546340942
0.0   -4.340956687927246
0.0   8.375426769256592
0.0   -4.322430610656738
0.0   8.409238815307617
0.0   -1.2463490962982178
0.0   -0.9360549449920654
0.0   -3.9809720516204834
0.0   -4.07546329498291
0.0   -3.8468241691589355
0.0   -3.5568937063217163
0.0   -4.047829985618591
0.0   5.8576979637146
0.0   -4.219599962234497
0.0   -3.4254086017608643
0.0   7.921170711517334
0.0   -3.634160876274109
0.0   -4.380624055862427
0.0   -1.0921686887741089
0.0   2.420428991317749
0.0   -4.417935371398926
0.0   -2.4173483848571777
0.0   -1.920765995979309
0.0   0.09822654724121094
0.0   8.874773502349854
1.0   37.29434585571289
1.0   26.734296798706055
1.0   -2.5951573848724365
1.0   29.181233406066895
1.0   21.80460262298584
1.0   25.278505325317383
1.0   29.095340728759766
1.0   27.789873123168945
1.0   39.238277435302734
1.0   21.536916255950928
1.0   27.399261951446533
1.0   16.792702198028564
1.0   29.82467269897461
1.0   29.425155639648438
1.0   11.177162170410156
1.0   20.977524757385254
1.0   21.514781951904297
1.0   22.207586765289307
1.0   20.288576126098633
1.0   16.401474952697754
1.0   44.256733894348145
1.0   8.182848453521729
1.0   21.6833815574646
1.0   17.70289945602417
1.0   26.20992374420166
1.0   9.304690837860107
1.0   18.283374786376953
1.0   10.239850044250488
1.0   32.33484244346619
1.0   13.904594421386719
1.0   11.472555160522461
1.0   11.537408351898193
1.0   11.965266227722168
1.0   13.832394361495972
1.0   8.744659423828125
1.0   22.534323692321777
1.0   20.320730209350586
1.0   6.535690784454346
1.0   25.062267303466797
1.0   6.235010147094727
1.0   6.809492111206055
1.0   19.29373812675476
1.0   3.8179526329040527
1.0   27.722333908081055
1.0   31.21898317337036
1.0   26.409934759140015
1.0   28.588618278503418
1.0   27.58889675140381
1.0   23.542574882507324
1.0   26.06384801864624
1.0   29.53272581100464
1.0   29.106116771697998
1.0   28.559639930725098
1.0   34.10407066345215
1.0   28.023364067077637
1.0   28.529470205307007
1.0   25.002960205078125
1.0   31.106683254241943
1.0   29.135889530181885
1.0   -0.7200920581817627
1.0   0.5825591087341309
1.0   5.714517116546631
1.0   8.020867347717285
1.0   0.5226733684539795
1.0   9.970658779144287
1.0   4.883030414581299
1.0   4.4160590171813965
1.0   4.606327533721924
1.0   9.117020606994629
1.0   6.7058939933776855
1.0   4.176179885864258
1.0   6.135286331176758
1.0   19.907607316970825
1.0   -0.05611824989318848
0.0   -3.1396758556365967
0.0   -1.0854768753051758
0.0   12.304937362670898
0.0   -4.085486888885498
0.0   -4.177744388580322
0.0   -4.31024968624115
0.0   -4.191457390785217
0.0   -2.582773208618164
0.0   -2.753068208694458
0.0   -4.3207502365112305
0.0   8.357441425323486
0.0   -4.302581071853638
0.0   8.388813972473145
0.0   -1.237046718597412
0.0   -0.927649974822998
0.0   -3.96167254447937
0.0   -4.056124687194824
0.0   -3.8276188373565674
0.0   -3.538369655609131
0.0   -4.028459310531616
0.0   5.848681926727295
0.0   -4.199670791625977
0.0   -3.406672954559326
0.0   7.9069719314575195
0.0   -3.615635395050049
0.0   -4.360483407974243
0.0   -1.0844112634658813
0.0   2.4169344902038574
0.0   -4.397371292114258
0.0   -2.4023481607437134
0.0   -1.9065752029418945
0.0   0.0998234748840332
0.0   8.85835599899292
1.0   37.23021936416626
1.0   26.700555324554443
1.0   -2.578693151473999
1.0   29.13886833190918
1.0   21.767603874206543
1.0   25.24711799621582
1.0   29.06045913696289
1.0   27.740278720855713
1.0   39.18808603286743
1.0   21.50502872467041
1.0   27.35908794403076
1.0   16.77028799057007
1.0   29.787742137908936
1.0   29.370800018310547
1.0   11.170641899108887
1.0   20.945338249206543
1.0   21.49346399307251
1.0   22.187323570251465
1.0   20.264705181121826
1.0   16.389931678771973
1.0   44.20593547821045
1.0   8.181654453277588
1.0   21.659424304962158
1.0   17.6890230178833
1.0   26.17341423034668
1.0   9.294054985046387
1.0   18.252355098724365
1.0   10.236279487609863
1.0   32.29961681365967
1.0   13.87318229675293
1.0   11.452924728393555
1.0   11.520237922668457
1.0   11.952554702758789
1.0   13.81130313873291
1.0   8.734277725219727
1.0   22.492254734039307
1.0   20.259621620178223
1.0   6.53347110748291
1.0   25.029187202453613
1.0   6.219399929046631
1.0   6.81220006942749
1.0   19.268389225006104
1.0   3.810817241668701
1.0   27.70113229751587
1.0   31.195464611053467
1.0   26.39278745651245
1.0   28.552138328552246
1.0   27.569451093673706
1.0   23.528620719909668
1.0   26.041033267974854
1.0   29.50308322906494
1.0   29.06485366821289
1.0   28.52547264099121
1.0   34.0509614944458
1.0   28.00062370300293
1.0   28.503376007080078
1.0   24.987430095672607
1.0   31.076366424560547
1.0   29.10928249359131
1.0   -0.7098648548126221
1.0   0.5871379375457764
1.0   5.710423469543457
1.0   8.008988380432129
1.0   0.5257604122161865
1.0   9.950944423675537
1.0   4.877590656280518
1.0   4.410019874572754
1.0   4.600241184234619
1.0   9.10288405418396
1.0   6.693255424499512
1.0   4.169175624847412
1.0   6.123144626617432
1.0   19.86151933670044
1.0   -0.052814483642578125
0.0   -3.1257975101470947
0.0   -1.0811874866485596
0.0   12.266969203948975
0.0   -4.070115685462952
0.0   -4.161931276321411
0.0   -4.294290781021118
0.0   -4.17563271522522
0.0   -2.5698739290237427
0.0   -2.7400143146514893
0.0   -4.304773807525635
0.0   8.334564685821533
0.0   -4.286809206008911
0.0   8.361934661865234
0.0   -1.2312524318695068
0.0   -0.9228487014770508
0.0   -3.946363925933838
0.0   -4.040745973587036
0.0   -3.812368631362915
0.0   -3.523701786994934
0.0   -4.013075232505798
0.0   5.836160659790039
0.0   -4.183896541595459
0.0   -3.3920199871063232
0.0   7.888215065002441
0.0   -3.600947141647339
0.0   -4.344428896903992
0.0   -1.080188512802124
0.0   2.4095818996429443
0.0   -4.381121635437012
0.0   -2.3914376497268677
0.0   -1.8962897062301636
0.0   0.09803104400634766
0.0   8.83637809753418
1.0   37.14867353439331
1.0   26.656166076660156
1.0   -2.565981864929199
1.0   29.085432052612305
1.0   21.721490144729614
1.0   25.205920219421387
1.0   29.014524459838867
1.0   27.679877281188965
1.0   39.12429189682007
1.0   21.4629487991333
1.0   27.308675289154053
1.0   16.742465496063232
1.0   29.739309787750244
1.0   29.30369806289673
1.0   11.160672187805176
1.0   20.902701377868652
1.0   21.46756148338318
1.0   22.162575006484985
1.0   20.234180450439453
1.0   16.374513626098633
1.0   44.14610958099365
1.0   8.176778316497803
1.0   21.629591941833496
1.0   17.67133331298828
1.0   26.12913179397583
1.0   9.278778076171875
1.0   18.213212966918945
1.0   10.22888994216919
1.0   32.258134841918945
1.0   13.833547592163086
1.0   11.428369045257568
1.0   11.499423503875732
1.0   11.936485290527344
1.0   13.784241914749146
1.0   8.71983528137207
1.0   22.443892002105713
1.0   20.18287754058838
1.0   6.528120517730713
1.0   24.98911690711975
1.0   6.197277545928955
1.0   6.812319278717041
1.0   19.238207578659058
1.0   3.798595905303955
1.0   27.676695346832275
1.0   31.16854453086853
1.0   26.372829914093018
1.0   28.505956649780273
1.0   27.546960830688477
1.0   23.51236343383789
1.0   26.012359142303467
1.0   29.465932846069336
1.0   29.01343584060669
1.0   28.482948780059814
1.0   33.985512256622314
1.0   27.974172115325928
1.0   28.472414016723633
1.0   24.96973204612732
1.0   31.039555549621582
1.0   29.07826519012451
1.0   -0.703110933303833
1.0   0.5878386497497559
1.0   5.702542304992676
1.0   7.992081642150879
1.0   0.5258610248565674
1.0   9.925048828125
1.0   4.868488311767578
1.0   4.399997234344482
1.0   4.5902419090271
1.0   9.084362745285034
1.0   6.675443649291992
1.0   4.157748699188232
1.0   6.106009483337402
1.0   19.80592155456543
1.0   -0.052916765213012695
0.0   -3.1130855083465576
0.0   -1.0784969329833984
0.0   12.219433307647705
0.0   -4.055955410003662
0.0   -4.147401332855225
0.0   -4.279634714126587
0.0   -4.161099433898926
0.0   -2.5582664012908936
0.0   -2.7282689809799194
0.0   -4.290093898773193
0.0   8.306150913238525
0.0   -4.272341370582581
0.0   8.328081607818604
0.0   -1.2270503044128418
0.0   -0.9194715023040771
0.0   -3.9322609901428223
0.0   -4.026598691940308
0.0   -3.7983548641204834
0.0   -3.5102200508117676
0.0   -3.998924732208252
0.0   5.819920063018799
0.0   -4.16937518119812
0.0   -3.3786447048187256
0.0   7.864526271820068
0.0   -3.587407112121582
0.0   -4.329750061035156
0.0   -1.0777044296264648
0.0   2.3993542194366455
0.0   -4.366223216056824
0.0   -2.381976366043091
0.0   -1.887450933456421
0.0   0.09424209594726562
0.0   8.808682441711426
1.0   37.0518913269043
1.0   26.603500366210938
1.0   -2.5543384552001953
1.0   29.022582530975342
1.0   21.668099403381348
1.0   25.157893657684326
1.0   28.96080780029297
1.0   27.609015464782715
1.0   39.049580574035645
1.0   21.413371562957764
1.0   27.250195503234863
1.0   16.709771156311035
1.0   29.681779861450195
1.0   29.222844123840332
1.0   11.147582054138184
1.0   20.849289894104004
1.0   21.436481475830078
1.0   22.132827281951904
1.0   20.19675636291504
1.0   16.35507869720459
1.0   44.07597541809082
1.0   8.169414043426514
1.0   21.593135356903076
1.0   17.6492280960083
1.0   26.075639724731445
1.0   9.259244918823242
1.0   18.16473150253296
1.0   10.219011306762695
1.0   32.20998477935791
1.0   13.784639358520508
1.0   11.397788047790527
1.0   11.473638534545898
1.0   11.916993379592896
1.0   13.75128984451294
1.0   8.701513290405273
1.0   22.386582851409912
1.0   20.088069915771484
1.0   6.519853591918945
1.0   24.941221237182617
1.0   6.168819904327393
1.0   6.810368537902832
1.0   19.20219373703003
1.0   3.7818565368652344
1.0   27.64916181564331
1.0   31.137842655181885
1.0   26.350516080856323
1.0   28.450559616088867
1.0   27.521018981933594
1.0   23.494396209716797
1.0   25.978342056274414
1.0   29.4217586517334
1.0   28.951215744018555
1.0   28.431918144226074
1.0   33.906981468200684
1.0   27.943973541259766
1.0   28.436470985412598
1.0   24.949896335601807
1.0   30.996142387390137
1.0   29.042409896850586
1.0   -0.6979000568389893
1.0   0.5866303443908691
1.0   5.69152307510376
1.0   7.970534801483154
1.0   0.5241200923919678
1.0   9.89262866973877
1.0   4.856114864349365
1.0   4.386521339416504
1.0   4.577054500579834
1.0   9.060983657836914
1.0   6.652750492095947
1.0   4.142485618591309
1.0   6.083887577056885
1.0   19.738823413848877
1.0   -0.05482053756713867
0.0   -3.100231170654297
0.0   -1.0775012969970703
0.0   12.161100387573242
0.0   -4.041657328605652
0.0   -4.1326987743377686
0.0   -4.2648597955703735
0.0   -4.14642858505249
0.0   -2.546586275100708
0.0   -2.716433048248291
0.0   -4.2752625942230225
0.0   8.269810676574707
0.0   -4.257727146148682
0.0   8.28570556640625
0.0   -1.223888635635376
0.0   -0.9176149368286133
0.0   -3.9180243015289307
0.0   -4.012258768081665
0.0   -3.7841622829437256
0.0   -3.496590495109558
0.0   -3.984614372253418
0.0   5.7980265617370605
0.0   -4.154690265655518
0.0   -3.3651928901672363
0.0   7.833701133728027
0.0   -3.5737167596817017
0.0   -4.314920783042908
0.0   -1.0767059326171875
0.0   2.3845736980438232
0.0   -4.351176738739014
0.0   -2.3725521564483643
0.0   -1.8787833452224731
0.0   0.08724093437194824
0.0   8.773614883422852
1.0   36.93699407577515
1.0   26.53989839553833
1.0   -2.5425459146499634
1.0   28.947218894958496
1.0   21.603556632995605
1.0   25.099370002746582
1.0   28.89452314376831
1.0   27.524293899536133
1.0   38.958913803100586
1.0   21.35361671447754
1.0   27.1796875
1.0   16.668531894683838
1.0   29.611873626708984
1.0   29.126697540283203
1.0   11.12993049621582
1.0   20.7860107421875
1.0   21.399624824523926
1.0   22.09599256515503
1.0   20.151700973510742
1.0   16.330442428588867
1.0   43.99238586425781
1.0   8.1595458984375
1.0   21.548829078674316
1.0   17.62095832824707
1.0   26.011768341064453
1.0   9.233704090118408
1.0   18.106355667114258
1.0   10.204743385314941
1.0   32.152493953704834
1.0   13.724674701690674
1.0   11.359129428863525
1.0   11.440471172332764
1.0   11.891554594039917
1.0   13.710081100463867
1.0   8.677313327789307
1.0   22.317575454711914
1.0   19.975619316101074
1.0   6.507555961608887
1.0   24.883237838745117
1.0   6.133298873901367
1.0   6.805677890777588
1.0   19.15809679031372
1.0   3.7600488662719727
1.0   27.613741636276245
1.0   31.098252058029175
1.0   26.320858001708984
1.0   28.384416580200195
1.0   27.487749576568604
1.0   23.469725608825684
1.0   25.936203241348267
1.0   29.367586612701416
1.0   28.876745223999023
1.0   28.369956016540527
1.0   33.813846588134766
1.0   27.90522527694702
1.0   28.391148328781128
1.0   24.923190116882324
1.0   30.942931175231934
1.0   28.997817993164062
1.0   -0.6944267749786377
1.0   0.5830905437469482
1.0   5.675985336303711
1.0   7.942582130432129
1.0   0.5198783874511719
1.0   9.851799964904785
1.0   4.838923454284668
1.0   4.368325233459473
1.0   4.559383392333984
1.0   9.032131671905518
1.0   6.62360143661499
1.0   4.12192964553833
1.0   6.055630207061768
1.0   19.659720182418823
1.0   -0.05907893180847168
0.0   -3.085379123687744
0.0   -1.0748982429504395
0.0   12.101624488830566
0.0   -4.025150537490845
0.0   -4.115640640258789
0.0   -4.24776554107666
0.0   -4.129358649253845
0.0   -2.5329458713531494
0.0   -2.702651262283325
0.0   -4.258056282997131
0.0   8.233717441558838
0.0   -4.240785360336304
0.0   8.243112564086914
0.0   -1.2191598415374756
0.0   -0.9140634536743164
0.0   -3.9015259742736816
0.0   -3.9956769943237305
0.0   -3.767728328704834
0.0   -3.480881929397583
0.0   -3.9680593013763428
0.0   5.777523040771484
0.0   -4.137689113616943
0.0   -3.3495826721191406
0.0   7.803951263427734
0.0   -3.5579042434692383
0.0   -4.297636985778809
0.0   -1.074234962463379
0.0   2.370819568634033
0.0   -4.333643794059753
0.0   -2.361123561859131
0.0   -1.868380069732666
0.0   0.08178114891052246
0.0   8.738845348358154
1.0   36.82015037536621
1.0   26.47701406478882
1.0   -2.5289831161499023
1.0   28.871724128723145
1.0   21.539026260375977
1.0   25.042529106140137
1.0   28.83048391342163
1.0   27.438931941986084
1.0   38.86929988861084
1.0   21.294432640075684
1.0   27.110440731048584
1.0   16.628911018371582
1.0   29.542940616607666
1.0   29.02886724472046
1.0   11.114386081695557
1.0   20.722148895263672
1.0   21.364493370056152
1.0   22.061055660247803
1.0   20.10794162750244
1.0   16.308483123779297
1.0   43.90984487533569
1.0   8.15157413482666
1.0   21.50562858581543
1.0   17.594672679901123
1.0   25.948052883148193
1.0   9.209521293640137
1.0   18.046735286712646
1.0   10.193506240844727
1.0   32.09675455093384
1.0   13.663501739501953
1.0   11.320446014404297
1.0   11.408226490020752
1.0   11.867498397827148
1.0   13.669502019882202
1.0   8.654012680053711
1.0   22.248180389404297
1.0   19.85907745361328
1.0   6.497507095336914
1.0   24.82595157623291
1.0   6.097213268280029
1.0   6.803277969360352
1.0   19.11489725112915
1.0   3.738604784011841
1.0   27.581183910369873
1.0   31.0612473487854
1.0   26.294109582901
1.0   28.317927360534668
1.0   27.456511735916138
1.0   23.448424339294434
1.0   25.895026683807373
1.0   29.31417751312256
1.0   28.80181884765625
1.0   28.30835247039795
1.0   33.71961307525635
1.0   27.86860680580139
1.0   28.34747076034546
1.0   24.899491786956787
1.0   30.891459465026855
1.0   28.955563068389893
1.0   -0.6886370182037354
1.0   0.5813231468200684
1.0   5.662857532501221
1.0   7.91560697555542
1.0   0.5179774761199951
1.0   9.811354160308838
1.0   4.823368549346924
1.0   4.351029872894287
1.0   4.542505264282227
1.0   9.00308895111084
1.0   6.59484338760376
1.0   4.102172374725342
1.0   6.027745246887207
1.0   19.578487157821655
1.0   -0.06203937530517578
0.0   -3.072345018386841
0.0   -1.0737862586975098
0.0   12.037525653839111
0.0   -4.010617733001709
0.0   -4.100666284561157
0.0   -4.232732057571411
0.0   -4.114368200302124
0.0   -2.5212239027023315
0.0   -2.690816640853882
0.0   -4.242969512939453
0.0   8.1950364112854
0.0   -4.225868105888367
0.0   8.196756362915039
0.0   -1.2161338329315186
0.0   -0.9119694232940674
0.0   -3.8869619369506836
0.0   -3.9810791015625
0.0   -3.75326144695282
0.0   -3.4670474529266357
0.0   -3.953469753265381
0.0   5.755254745483398
0.0   -4.122761368751526
0.0   -3.33596134185791
0.0   7.771838188171387
0.0   -3.543982982635498
0.0   -4.282489776611328
0.0   -1.0735259056091309
0.0   2.355330467224121
0.0   -4.318305253982544
0.0   -2.351635694503784
0.0   -1.8599408864974976
0.0   0.07480621337890625
0.0   8.701138496398926
1.0   36.695353507995605
1.0   26.40974712371826
1.0   -2.517185688018799
1.0   28.791157245635986
1.0   21.470757007598877
1.0   24.981853485107422
1.0   28.76222515106201
1.0   27.34806728363037
1.0   38.774253368377686
1.0   21.231210231781006
1.0   27.037405014038086
1.0   16.587203979492188
1.0   29.469348907470703
1.0   28.92392873764038
1.0   11.097469806671143
1.0   20.653133392333984
1.0   21.326764822006226
1.0   22.024351119995117
1.0   20.061260223388672
1.0   16.28494167327881
1.0   43.8234338760376
1.0   8.141304969787598
1.0   21.45988655090332
1.0   17.566641330718994
1.0   25.88040542602539
1.0   9.18304967880249
1.0   17.982553958892822
1.0   10.180366516113281
1.0   32.038177490234375
1.0   13.597744464874268
1.0   11.27929401397705
1.0   11.374303817749023
1.0   11.842305898666382
1.0   13.626317501068115
1.0   8.629108428955078
1.0   22.175872802734375
1.0   19.733038902282715
1.0   6.486015319824219
1.0   24.765289306640625
1.0   6.05766487121582
1.0   6.79975700378418
1.0   19.06990337371826
1.0   3.7145156860351562
1.0   27.548591136932373
1.0   31.024534940719604
1.0   26.268099308013916
1.0   28.24789524078369
1.0   27.425235271453857
1.0   23.427739143371582
1.0   25.852913856506348
1.0   29.258694648742676
1.0   28.72248888015747
1.0   28.24386501312256
1.0   33.62002897262573
1.0   27.832101821899414
1.0   28.303103923797607
1.0   24.876737117767334
1.0   30.83820152282715
1.0   28.912646293640137
1.0   -0.6846230030059814
1.0   0.577744722366333
1.0   5.6477131843566895
1.0   7.886424541473389
1.0   0.5143814086914062
1.0   9.767345905303955
1.0   4.805996417999268
1.0   4.33180570602417
1.0   4.523355484008789
1.0   8.971729278564453
1.0   6.563533306121826
1.0   4.08018159866333
1.0   5.997261047363281
1.0   19.492332935333252
1.0   -0.06647682189941406
0.0   -3.0618045330047607
0.0   -1.0758626461029053
0.0   11.963847160339355
0.0   -3.9986934661865234
0.0   -4.088415622711182
0.0   -4.220452308654785
0.0   -4.1021260023117065
0.0   -2.5120638608932495
0.0   -2.6815541982650757
0.0   -4.230617046356201
0.0   8.149893760681152
0.0   -4.213646173477173
0.0   8.142714023590088
0.0   -1.2160887718200684
0.0   -0.9129819869995117
0.0   -3.875024676322937
0.0   -3.9690701961517334
0.0   -3.741441011428833
0.0   -3.455751419067383
0.0   -3.941495656967163
0.0   5.72760009765625
0.0   -4.110512018203735
0.0   -3.3249738216400146
0.0   7.7331132888793945
0.0   -3.5325608253479004
0.0   -4.270114898681641
0.0   -1.0759432315826416
0.0   2.335242748260498
0.0   -4.305805206298828
0.0   -2.3448063135147095
0.0   -1.8541144132614136
0.0   0.0640721321105957
0.0   8.656656265258789
1.0   36.553964614868164
1.0   26.33222484588623
1.0   -2.5077520608901978
1.0   28.699763298034668
1.0   21.393131256103516
1.0   24.911495208740234
1.0   28.682745933532715
1.0   27.24612522125244
1.0   38.66466808319092
1.0   21.15794277191162
1.0   26.95355224609375
1.0   16.538037300109863
1.0   29.38429546356201
1.0   28.8053240776062
1.0   11.075082778930664
1.0   20.5727481842041
1.0   21.282371520996094
1.0   21.980058431625366
1.0   20.005929470062256
1.0   16.25482177734375
1.0   43.72427177429199
1.0   8.127848148345947
1.0   21.405569791793823
1.0   17.531984329223633
1.0   25.80198621749878
1.0   9.150434970855713
1.0   17.908732414245605
1.0   10.162181377410889
1.0   31.969935178756714
1.0   13.522342205047607
1.0   11.23068904876709
1.0   11.333606243133545
1.0   11.810830116271973
1.0   13.57548975944519
1.0   8.598167896270752
1.0   22.093575477600098
1.0   19.59089756011963
1.0   6.469435691833496
1.0   24.69512128829956
1.0   6.011201858520508
1.0   6.792152404785156
1.0   19.01654076576233
1.0   3.684844970703125
1.0   27.507933616638184
1.0   30.978599071502686
1.0   26.233935832977295
1.0   28.166152954101562
1.0   27.386070489883423
1.0   23.399951934814453
1.0   25.801056146621704
1.0   29.1918888092041
1.0   28.630163192749023
1.0   28.167537689208984
1.0   33.504950523376465
1.0   27.786659479141235
1.0   28.249080181121826
1.0   24.84667181968689
1.0   30.77385377883911
1.0   28.860175132751465
1.0   -0.6837277412414551
1.0   0.5706954002380371
1.0   5.627420902252197
1.0   7.851040840148926
1.0   0.507155179977417
1.0   9.71577501296997
1.0   4.783747673034668
1.0   4.307794570922852
1.0   4.499816417694092
1.0   8.93493938446045
1.0   6.5258378982543945
1.0   4.053036689758301
1.0   5.960740566253662
1.0   19.3942232131958
1.0   -0.07407903671264648
0.0   -3.0545284748077393
0.0   -1.080958366394043
0.0   11.885130405426025
0.0   -3.990224838256836
0.0   -4.0797600746154785
0.0   -4.2117379903793335
0.0   -4.093475580215454
0.0   -2.5060954093933105
0.0   -2.675658106803894
0.0   -4.221926808357239
0.0   8.101090908050537
0.0   -4.204964876174927
0.0   8.08448839187622
0.0   -1.2190196514129639
0.0   -0.9170651435852051
0.0   -3.8665478229522705
0.0   -3.960503101348877
0.0   -3.7330381870269775
0.0   -3.447777032852173
0.0   -3.9329497814178467
0.0   5.69695520401001
0.0   -4.101862788200378
0.0   -3.3174054622650146
0.0   7.690828800201416
0.0   -3.5244184732437134
0.0   -4.2613160610198975
0.0   -1.0814094543457031
0.0   2.311750888824463
0.0   -4.297071933746338
0.0   -2.3413379192352295
0.0   -1.8515117168426514
0.0   0.05030202865600586
0.0   8.608330249786377
1.0   36.406250953674316
1.0   26.250338077545166
1.0   -2.501407504081726
1.0   28.603672981262207
1.0   21.31178903579712
1.0   24.836756706237793
1.0   28.598806381225586
1.0   27.13939380645752
1.0   38.55051803588867
1.0   21.080954551696777
1.0   26.86613655090332
1.0   16.486588954925537
1.0   29.294132232666016
1.0   28.68225383758545
1.0   11.050935745239258
1.0   20.48779296875
1.0   21.2361102104187
1.0   21.93413257598877
1.0   19.94785737991333
1.0   16.2223482131958
1.0   43.622783184051514
1.0   8.112451076507568
1.0   21.34913682937622
1.0   17.495511054992676
1.0   25.72103214263916
1.0   9.115267753601074
1.0   17.831499576568604
1.0   10.141965389251709
1.0   31.899938106536865
1.0   13.442420482635498
1.0   11.179251194000244
1.0   11.290355682373047
1.0   11.777127981185913
1.0   13.521790027618408
1.0   8.564699172973633
1.0   22.00788450241089
1.0   19.440991401672363
1.0   6.4505743980407715
1.0   24.621891498565674
1.0   5.960559844970703
1.0   6.782616138458252
1.0   18.960785388946533
1.0   3.651613235473633
1.0   27.462937593460083
1.0   30.928357124328613
1.0   26.196131706237793
1.0   28.078470706939697
1.0   27.34334421157837
1.0   23.368866443634033
1.0   25.744821071624756
1.0   29.119291305541992
1.0   28.531675338745117
1.0   28.08558750152588
1.0   33.383090019226074
1.0   27.737847805023193
1.0   28.190794944763184
1.0   24.81329584121704
1.0   30.704018592834473
1.0   28.80275821685791
1.0   -0.6859860420227051
1.0   0.5607149600982666
1.0   5.604262351989746
1.0   7.812392711639404
1.0   0.49694061279296875
1.0   9.660162448883057
1.0   4.758341312408447
1.0   4.2806854248046875
1.0   4.473342418670654
1.0   8.895315408706665
1.0   6.484440326690674
1.0   4.022462844848633
1.0   5.9208221435546875
1.0   19.29226016998291
1.0   -0.08405947685241699
