0.0   2.0549735128879547
0.0   2.0458409190177917
0.0   4.595274746417999
0.0   3.858309119939804
0.0   2.1961580514907837
0.0   2.0382858514785767
0.0   2.038980558514595
0.0   2.0564056634902954
0.0   1.9577336609363556
0.0   1.9902942776679993
0.0   2.350761279463768
0.0   1.96227166056633
0.0   2.0469087660312653
0.0   2.1210096180438995
0.0   2.1899838149547577
0.0   2.211841255426407
0.0   2.083511143922806
0.0   2.213371694087982
0.0   2.3012000918388367
0.0   2.392767772078514
0.0   2.207566112279892
0.0   6.934014856815338
0.0   2.1278503835201263
0.0   2.035641700029373
0.0   2.361887902021408
0.0   2.1162933707237244
0.0   2.280481904745102
0.0   2.0717798471450806
0.0   2.075861155986786
0.0   1.9946025013923645
0.0   2.0782215893268585
0.0   2.2037948966026306
0.0   2.389521688222885
0.0   2.19788920879364
0.0   2.206538736820221
0.0   4.973036587238312
0.0   1.9762549251317978
0.0   4.628941789269447
0.0   2.248600408434868
0.0   2.1716166734695435
0.0   2.0902732461690903
0.0   4.193990543484688
0.0   2.1822091937065125
0.0   2.070272743701935
0.0   2.114315241575241
0.0   2.167823165655136
0.0   2.7884986624121666
0.0   2.045048236846924
0.0   2.0220100730657578
0.0   2.102709323167801
0.0   2.995689257979393
0.0   2.2426668107509613
0.0   2.127951443195343
0.0   2.0887571573257446
0.0   2.0822117030620575
0.0   2.1763827204704285
0.0   3.1276450157165527
0.0   1.9240475594997406
0.0   2.2093275487422943
0.0   2.100803852081299
1.0   2.4919186383485794
1.0   2.2661648243665695
1.0   2.0488999783992767
1.0   3.00562584400177
1.0   4.706421881914139
1.0   2.484034776687622
1.0   4.755851626396179
1.0   2.6569679230451584
1.0   2.323413774371147
1.0   5.950018465518951
1.0   2.97075691819191
1.0   4.2053819596767426
1.0   2.2429982870817184
1.0   2.0668973326683044
1.0   9.600217759609222
1.0   20.459030628204346
1.0   6.134453892707825
1.0   13.939560890197754
1.0   14.020263910293579
1.0   9.089956939220428
1.0   26.924365997314453
1.0   13.557607412338257
1.0   3.2897245585918427
1.0   1.8702300786972046
1.0   3.559807300567627
1.0   6.756260395050049
1.0   1.946515679359436
1.0   1.8056278973817825
1.0   2.020886018872261
1.0   2.098693162202835
0.0   -1.6209355592727661
0.0   -1.768161416053772
0.0   1.9729974269866943
0.0   0.9178729057312012
0.0   -1.3622685074806213
0.0   -1.649920105934143
0.0   -1.4852027595043182
0.0   -1.8513186872005463
0.0   -1.5500165820121765
0.0   -1.6482093334197998
0.0   -1.2187190651893616
0.0   -1.7391301989555359
0.0   -1.2891370058059692
0.0   -1.5514838993549347
0.0   -1.8245935440063477
0.0   -1.7042064666748047
0.0   -1.6713166236877441
0.0   -1.6958120167255402
0.0   -0.9761557579040527
0.0   -0.9117693901062012
0.0   -1.3244115114212036
0.0   5.12612771987915
0.0   -1.7919506132602692
0.0   -1.5233322083950043
0.0   -1.1841802597045898
0.0   -1.7225936651229858
0.0   -1.7736233174800873
0.0   -1.3946496844291687
0.0   -1.7933886647224426
0.0   -1.0472909808158875
0.0   -1.6354329586029053
0.0   -1.7792659103870392
0.0   -0.6151754260063171
0.0   -1.3218060731887817
0.0   -1.0751733183860779
0.0   2.611262321472168
0.0   -1.5051677823066711
0.0   2.0104644298553467
0.0   -1.0197637677192688
0.0   -1.6327176094055176
0.0   -1.7042935490608215
0.0   1.512097716331482
0.0   -1.7533916234970093
0.0   -1.4815492630004883
0.0   -1.6711634993553162
0.0   -1.3025898337364197
0.0   -0.19698560237884521
0.0   -1.6648569405078888
0.0   -1.698135107755661
0.0   -1.7586130499839783
0.0   -0.28452134132385254
0.0   -1.3410497307777405
0.0   -1.5928671956062317
0.0   -1.7951874136924744
0.0   -1.6713751256465912
0.0   -1.7895026355981827
0.0   0.06816065311431885
0.0   -1.7217796444892883
0.0   -1.8886555433273315
0.0   -1.8473480939865112
1.0   -0.30397605895996094
1.0   -1.084528774023056
1.0   -1.6358212232589722
1.0   0.2194511890411377
1.0   2.1608781814575195
1.0   -0.8334258794784546
1.0   3.5047574043273926
1.0   0.21083378791809082
1.0   -0.16412758827209473
1.0   4.918232679367065
1.0   0.3241722583770752
1.0   2.047603487968445
1.0   -0.6036772727966309
1.0   -1.4533784687519073
1.0   7.458212852478027
1.0   19.294516563415527
1.0   3.901108980178833
1.0   12.45080304145813
1.0   12.272732257843018
1.0   6.836474895477295
1.0   26.971445083618164
1.0   12.396586418151855
1.0   1.1674991846084595
1.0   -1.1757433414459229
1.0   8.1784188747406
1.0   5.6049580574035645
1.0   -1.5864760279655457
1.0   -1.239044576883316
1.0   -1.7125340700149536
1.0   -1.2139236330986023
0.0   -4.509351849555969
0.0   -4.670677870512009
0.0   0.5227301120758057
0.0   -1.038604497909546
0.0   -4.199206113815308
0.0   -4.556917428970337
0.0   -4.295756161212921
0.0   -4.876157701015472
0.0   -4.272045165300369
0.0   -4.436415761709213
0.0   -4.05769145488739
0.0   -4.622784793376923
0.0   -3.93188413977623
0.0   -4.509277045726776
0.0   -4.888043284416199
0.0   -4.724593162536621
0.0   -4.571827918291092
0.0   -4.718121111392975
0.0   -3.548430323600769
0.0   -3.4723350405693054
0.0   -4.138520300388336
0.0   4.901585578918457
0.0   -4.820440202951431
0.0   -4.368692874908447
0.0   -4.0221158266067505
0.0   -4.687328964471817
0.0   -4.872434973716736
0.0   -4.129429787397385
0.0   -4.7716024518013
0.0   -3.465850055217743
0.0   -4.521310865879059
0.0   -4.914422273635864
0.0   -3.02777099609375
0.0   -4.138460874557495
0.0   -3.6740021109580994
0.0   1.4984147548675537
0.0   -4.228105664253235
0.0   0.3455418348312378
0.0   -3.6097444891929626
0.0   -4.573840975761414
0.0   -4.632422119379044
0.0   -0.16323518753051758
0.0   -4.833637148141861
0.0   -4.306874573230743
0.0   -4.658621430397034
0.0   -4.0982541143894196
0.0   -2.30472195148468
0.0   -4.529125362634659
0.0   -4.643369108438492
0.0   -4.743351250886917
0.0   -2.7721264362335205
0.0   -4.2249186635017395
0.0   -4.54683130979538
0.0   -4.779857724905014
0.0   -4.609297931194305
0.0   -4.846541315317154
0.0   -2.106705904006958
0.0   -4.570611953735352
0.0   -5.0017149448394775
0.0   -4.899092227220535
1.0   -2.392223298549652
1.0   -3.7386565804481506
1.0   -4.504610061645508
1.0   -1.9129146337509155
1.0   0.5568687915802002
1.0   -3.446654498577118
1.0   3.230506181716919
1.0   -1.4930979013442993
1.0   -1.9348925352096558
1.0   4.502412915229797
1.0   -1.5129696130752563
1.0   1.1168138980865479
1.0   -2.9705588817596436
1.0   -4.168864965438843
1.0   7.043339490890503
1.0   22.543686985969543
1.0   2.798137903213501
1.0   13.954218864440918
1.0   12.967065691947937
1.0   6.178002119064331
1.0   33.047905921936035
1.0   13.671458125114441
1.0   -0.17484116554260254
1.0   -3.480733096599579
1.0   11.147608518600464
1.0   6.671793818473816
1.0   -4.358102560043335
1.0   -3.5893343687057495
1.0   -4.621784567832947
1.0   -3.882751226425171
0.0   -6.59448778629303
0.0   -6.843628883361816
0.0   -0.9525160789489746
0.0   -2.8062257766723633
0.0   -6.255258917808533
0.0   -6.6694042682647705
0.0   -6.315354764461517
0.0   -7.161430478096008
0.0   -6.25270414352417
0.0   -6.5283461809158325
0.0   -6.186026334762573
0.0   -6.741263806819916
0.0   -5.822756767272949
0.0   -6.6057130098342896
0.0   -7.196464419364929
0.0   -6.986403703689575
0.0   -6.7498615980148315
0.0   -6.968088924884796
0.0   -5.546550750732422
0.0   -5.474150538444519
0.0   -6.129808187484741
0.0   4.006025791168213
0.0   -7.0954365730285645
0.0   -6.394231796264648
0.0   -6.168012499809265
0.0   -6.901641368865967
0.0   -7.207795977592468
0.0   -6.078788757324219
0.0   -6.985409379005432
0.0   -5.204533219337463
0.0   -6.5912405252456665
0.0   -7.193803906440735
0.0   -4.951914429664612
0.0   -6.150901257991791
0.0   -5.529421448707581
0.0   0.20312190055847168
0.0   -6.207855463027954
0.0   -1.2395000457763672
0.0   -5.619690775871277
0.0   -6.7706122398376465
0.0   -6.801659345626831
0.0   -1.774244785308838
0.0   -7.142369747161865
0.0   -6.365767598152161
0.0   -6.843661785125732
0.0   -6.190323770046234
0.0   -4.071931004524231
0.0   -6.663316130638123
0.0   -6.767395913600922
0.0   -6.994707465171814
0.0   -4.8319902420043945
0.0   -6.3847076296806335
0.0   -6.709100782871246
0.0   -7.012315452098846
0.0   -6.758153915405273
0.0   -7.114860653877258
0.0   -3.9818031787872314
0.0   -6.725842237472534
0.0   -7.331955432891846
0.0   -7.194380939006805
1.0   -4.031769812107086
1.0   -5.716161787509918
1.0   -6.6102988719940186
1.0   -3.689652919769287
1.0   -1.0280205011367798
1.0   -5.407222390174866
1.0   2.4983701705932617
1.0   -2.9725741147994995
1.0   -3.401526629924774
1.0   3.2595953941345215
1.0   -3.11828076839447
1.0   0.01702141761779785
1.0   -4.912307620048523
1.0   -6.1811076402664185
1.0   5.729262828826904
1.0   23.133376359939575
1.0   1.3264806270599365
1.0   13.861660480499268
1.0   12.271703958511353
1.0   4.748417139053345
1.0   35.194725036621094
1.0   13.261987686157227
1.0   -1.602055549621582
1.0   -5.18888258934021
1.0   10.79743242263794
1.0   6.530885457992554
1.0   -6.419545233249664
1.0   -5.397893130779266
1.0   -6.748266041278839
1.0   -5.953581869602203
0.0   -7.781359672546387
0.0   -8.091670155525208
0.0   -2.4703025817871094
0.0   -4.224116206169128
0.0   -7.399944543838501
0.0   -7.86680281162262
0.0   -7.471064448356628
0.0   -8.474074840545654
0.0   -7.403956711292267
0.0   -7.729756951332092
0.0   -7.376389503479004
0.0   -7.959787726402283
0.0   -6.894103646278381
0.0   -7.813868820667267
0.0   -8.526893496513367
0.0   -8.291143774986267
0.0   -8.004632115364075
0.0   -8.256667613983154
0.0   -6.667055726051331
0.0   -6.573240637779236
0.0   -7.264416038990021
0.0   2.340261220932007
0.0   -8.402750492095947
0.0   -7.559210419654846
0.0   -7.329629600048065
0.0   -8.175033688545227
0.0   -8.55029809474945
0.0   -7.231395244598389
0.0   -8.261908650398254
0.0   -6.1789926290512085
0.0   -7.790026783943176
0.0   -8.495568990707397
0.0   -5.985676407814026
0.0   -7.291415095329285
0.0   -6.6282230615615845
0.0   -1.307913064956665
0.0   -7.365766644477844
0.0   -2.7326314449310303
0.0   -6.749137759208679
0.0   -8.033838391304016
0.0   -8.065233707427979
0.0   -3.2759814262390137
0.0   -8.47442901134491
0.0   -7.5580397844314575
0.0   -8.103350818157196
0.0   -7.328274607658386
0.0   -5.2940521240234375
0.0   -7.899021148681641
0.0   -7.968721508979797
0.0   -8.29563057422638
0.0   -6.213682293891907
0.0   -7.527738928794861
0.0   -7.945770978927612
0.0   -8.29678475856781
0.0   -8.014370083808899
0.0   -8.419023275375366
0.0   -5.3383509516716
0.0   -7.963926315307617
0.0   -8.672905683517456
0.0   -8.522513568401337
1.0   -5.048051655292511
1.0   -6.8367098569869995
1.0   -7.827822208404541
1.0   -4.917325019836426
1.0   -2.4997200965881348
1.0   -6.585294485092163
1.0   1.361532211303711
1.0   -4.017197012901306
1.0   -4.300355434417725
1.0   1.568640947341919
1.0   -4.376730561256409
1.0   -1.2164915800094604
1.0   -6.048139274120331
1.0   -7.349596619606018
1.0   3.564162254333496
1.0   19.863043785095215
1.0   -0.35065722465515137
1.0   11.376596212387085
1.0   9.679712295532227
1.0   2.719775438308716
1.0   31.420912742614746
1.0   10.649831771850586
1.0   -2.8271639347076416
1.0   -6.215996861457825
1.0   9.551331520080566
1.0   4.802271604537964
1.0   -7.59105372428894
1.0   -6.419583201408386
1.0   -7.973004579544067
1.0   -7.117054760456085
0.0   -8.581889271736145
0.0   -8.931987166404724
0.0   -3.474036693572998
0.0   -5.090083122253418
0.0   -8.159686088562012
0.0   -8.66146719455719
0.0   -8.254255414009094
0.0   -9.34440553188324
0.0   -8.18681001663208
0.0   -8.531007587909698
0.0   -8.152075827121735
0.0   -8.771960735321045
0.0   -7.625249743461609
0.0   -8.612180352210999
0.0   -9.411038041114807
0.0   -9.151793420314789
0.0   -8.846353769302368
0.0   -9.112127780914307
0.0   -7.399950385093689
0.0   -7.312002778053284
0.0   -8.027530908584595
0.0   1.3502259254455566
0.0   -9.26497197151184
0.0   -8.342761993408203
0.0   -8.1141676902771
0.0   -9.0256028175354
0.0   -9.443445086479187
0.0   -8.007878422737122
0.0   -9.11687457561493
0.0   -6.851732969284058
0.0   -8.598463535308838
0.0   -9.362384796142578
0.0   -6.670681834220886
0.0   -8.062233030796051
0.0   -7.377991497516632
0.0   -2.2633790969848633
0.0   -8.15881735086441
0.0   -3.6531450748443604
0.0   -7.479244709014893
0.0   -8.882633209228516
0.0   -8.903980910778046
0.0   -4.160112380981445
0.0   -9.360406875610352
0.0   -8.369045972824097
0.0   -8.942117810249329
0.0   -8.079141616821289
0.0   -6.071174621582031
0.0   -8.72435986995697
0.0   -8.791462004184723
0.0   -9.160691857337952
0.0   -7.023813366889954
0.0   -8.288127660751343
0.0   -8.772252321243286
0.0   -9.151827931404114
0.0   -8.851072072982788
0.0   -9.287119150161743
0.0   -6.175380229949951
0.0   -8.789124369621277
0.0   -9.562583208084106
0.0   -9.393660962581635
1.0   -5.731499195098877
1.0   -7.57226949930191
1.0   -8.648267149925232
1.0   -5.747428894042969
1.0   -3.472448229789734
1.0   -7.356344282627106
1.0   0.5720868110656738
1.0   -4.746320962905884
1.0   -4.9050955176353455
1.0   0.6228015422821045
1.0   -5.115171432495117
1.0   -2.003852605819702
1.0   -6.8299630880355835
1.0   -8.141185641288757
1.0   2.4160633087158203
1.0   17.810297966003418
1.0   -1.172028660774231
1.0   9.80716347694397
1.0   8.261383295059204
1.0   1.6825628280639648
1.0   28.84567403793335
1.0   9.10849666595459
1.0   -3.548864960670471
1.0   -6.948155760765076
1.0   8.488949537277222
1.0   3.4380968809127808
1.0   -8.367629170417786
1.0   -7.1387083530426025
1.0   -8.810521721839905
1.0   -7.885154187679291
0.0   -8.917842864990234
0.0   -9.286263704299927
0.0   -3.983578085899353
0.0   -5.439936876296997
0.0   -8.474819540977478
0.0   -8.98147201538086
0.0   -8.573161482810974
0.0   -9.696277976036072
0.0   -8.501389265060425
0.0   -8.861196279525757
0.0   -8.471212148666382
0.0   -9.10974931716919
0.0   -7.933885455131531
0.0   -8.939478397369385
0.0   -9.774307012557983
0.0   -9.509191751480103
0.0   -9.191491723060608
0.0   -9.458465099334717
0.0   -7.726187705993652
0.0   -7.615949392318726
0.0   -8.34105670452118
0.0   0.7959116697311401
0.0   -9.613341331481934
0.0   -8.664814949035645
0.0   -8.439768195152283
0.0   -9.37520718574524
0.0   -9.812732815742493
0.0   -8.3374605178833
0.0   -9.465941667556763
0.0   -7.133859038352966
0.0   -8.929287433624268
0.0   -9.724012851715088
0.0   -6.971080780029297
0.0   -8.38396430015564
0.0   -7.70347535610199
0.0   -2.7260355949401855
0.0   -8.487385272979736
0.0   -4.056066274642944
0.0   -7.777160286903381
0.0   -9.229076862335205
0.0   -9.250936031341553
0.0   -4.529407262802124
0.0   -9.720755577087402
0.0   -8.713695168495178
0.0   -9.284435033798218
0.0   -8.38538384437561
0.0   -6.440581321716309
0.0   -9.067069053649902
0.0   -9.118059515953064
0.0   -9.523254752159119
0.0   -7.3636696338653564
0.0   -8.593486666679382
0.0   -9.10859501361847
0.0   -9.507911086082458
0.0   -9.196973085403442
0.0   -9.640690803527832
0.0   -6.5369720458984375
0.0   -9.12397575378418
0.0   -9.92266035079956
0.0   -9.75132167339325
1.0   -6.065150260925293
1.0   -7.878800749778748
1.0   -8.983861088752747
1.0   -6.15179169178009
1.0   -3.9514455795288086
1.0   -7.6842076778411865
1.0   0.06852638721466064
1.0   -5.120819687843323
1.0   -5.210704326629639
1.0   0.1778327226638794
1.0   -5.491980075836182
1.0   -2.498412609100342
1.0   -7.1583051681518555
1.0   -8.47191333770752
1.0   2.029282808303833
1.0   16.49455153942108
1.0   -1.461489200592041
1.0   8.83215618133545
1.0   7.628817796707153
1.0   1.321988582611084
1.0   26.7752423286438
1.0   8.314473628997803
1.0   -3.91604745388031
1.0   -7.261833429336548
1.0   7.118866205215454
1.0   2.3464725017547607
1.0   -8.693317174911499
1.0   -7.465807795524597
1.0   -9.150508165359497
1.0   -8.21098017692566
0.0   -8.67691946029663
0.0   -9.044323444366455
0.0   -3.667686700820923
0.0   -5.13123881816864
0.0   -8.210976839065552
0.0   -8.73025894165039
0.0   -8.33210277557373
0.0   -9.44320297241211
0.0   -8.245253801345825
0.0   -8.619393229484558
0.0   -8.195383310317993
0.0   -8.87084186077118
0.0   -7.682959794998169
0.0   -8.690683007240295
0.0   -9.526840448379517
0.0   -9.266497254371643
0.0   -8.951793432235718
0.0   -9.213738322257996
0.0   -7.453402876853943
0.0   -7.335742712020874
0.0   -8.074398398399353
0.0   1.2056000232696533
0.0   -9.359133243560791
0.0   -8.418818473815918
0.0   -8.178216218948364
0.0   -9.135233640670776
0.0   -9.566229701042175
0.0   -8.102126240730286
0.0   -9.22001302242279
0.0   -6.876185178756714
0.0   -8.682274341583252
0.0   -9.47842526435852
0.0   -6.7071956396102905
0.0   -8.124672174453735
0.0   -7.465347528457642
0.0   -2.3755940198898315
0.0   -8.235609531402588
0.0   -3.712728500366211
0.0   -7.516867756843567
0.0   -8.98634159564972
0.0   -9.00918734073639
0.0   -4.180674910545349
0.0   -9.47233784198761
0.0   -8.487344980239868
0.0   -9.042065501213074
0.0   -8.122795224189758
0.0   -6.162446975708008
0.0   -8.82553744316101
0.0   -8.861154794692993
0.0   -9.28445589542389
0.0   -7.067832946777344
0.0   -8.316967248916626
0.0   -8.868490934371948
0.0   -9.268779277801514
0.0   -8.948567509651184
0.0   -9.393686413764954
0.0   -6.269546389579773
0.0   -8.884790658950806
0.0   -9.671508312225342
0.0   -9.498626232147217
1.0   -5.8011016845703125
1.0   -7.626051664352417
1.0   -8.740231275558472
1.0   -5.982046961784363
1.0   -3.669179677963257
1.0   -7.454700708389282
1.0   0.3030061721801758
1.0   -4.863712787628174
1.0   -4.941239953041077
1.0   0.5051500797271729
1.0   -5.224521517753601
1.0   -2.2222275733947754
1.0   -6.889928579330444
1.0   -8.244689702987671
1.0   2.6169044971466064
1.0   17.313076376914978
1.0   -1.0329968929290771
1.0   9.371507167816162
1.0   8.295478105545044
1.0   1.870408535003662
1.0   27.775598287582397
1.0   9.027588605880737
1.0   -3.6577932834625244
1.0   -7.004405379295349
1.0   6.650049209594727
1.0   2.5499411821365356
1.0   -8.46143901348114
1.0   -7.226518869400024
1.0   -8.91120457649231
1.0   -7.933946967124939
0.0   -8.712825655937195
0.0   -9.081393241882324
0.0   -3.721433162689209
0.0   -5.173515796661377
0.0   -8.235738635063171
0.0   -8.752219200134277
0.0   -8.353451251983643
0.0   -9.481340765953064
0.0   -8.259253025054932
0.0   -8.64770221710205
0.0   -8.20919418334961
0.0   -8.905284643173218
0.0   -7.689913511276245
0.0   -8.718422532081604
0.0   -9.576708316802979
0.0   -9.306089878082275
0.0   -8.985641121864319
0.0   -9.254208445549011
0.0   -7.46176540851593
0.0   -7.343882083892822
0.0   -8.094618320465088
0.0   1.1774495840072632
0.0   -9.399858474731445
0.0   -8.434046030044556
0.0   -8.20305323600769
0.0   -9.174973607063293
0.0   -9.620083570480347
0.0   -8.127109169960022
0.0   -9.257750988006592
0.0   -6.882744312286377
0.0   -8.708472728729248
0.0   -9.535653710365295
0.0   -6.719878077507019
0.0   -8.141596555709839
0.0   -7.500572323799133
0.0   -2.4130194187164307
0.0   -8.248801827430725
0.0   -3.735202431678772
0.0   -7.534844160079956
0.0   -9.025291562080383
0.0   -9.046067476272583
0.0   -4.222649455070496
0.0   -9.518707275390625
0.0   -8.523224115371704
0.0   -9.083068490028381
0.0   -8.137837886810303
0.0   -6.161467671394348
0.0   -8.853204369544983
0.0   -8.888456106185913
0.0   -9.326661229133606
0.0   -7.075411677360535
0.0   -8.332545042037964
0.0   -8.902335405349731
0.0   -9.314006567001343
0.0   -8.978836059570312
0.0   -9.436656713485718
0.0   -6.3187185525894165
0.0   -8.91581416130066
0.0   -9.720653891563416
0.0   -9.541946172714233
1.0   -5.8079832792282104
1.0   -7.638195157051086
1.0   -8.76528513431549
1.0   -6.056395173072815
1.0   -3.7214748859405518
1.0   -7.47960364818573
1.0   0.1653367280960083
1.0   -4.879095077514648
1.0   -4.940192461013794
1.0   0.3769131898880005
1.0   -5.273070812225342
1.0   -2.320858120918274
1.0   -6.922009706497192
1.0   -8.27612590789795
1.0   2.6642274856567383
1.0   17.287259817123413
1.0   -1.048874855041504
1.0   9.30005168914795
1.0   8.30460524559021
1.0   1.8840422630310059
1.0   27.662007570266724
1.0   9.086797714233398
1.0   -3.7828162908554077
1.0   -7.0170958042144775
1.0   5.485729217529297
1.0   2.2703020572662354
1.0   -8.499247789382935
1.0   -7.258648753166199
1.0   -8.948846220970154
1.0   -7.969824552536011
0.0   -9.053484201431274
0.0   -9.421818137168884
0.0   -3.8021481037139893
0.0   -5.284822940826416
0.0   -8.566896677017212
0.0   -9.087650418281555
0.0   -8.677318096160889
0.0   -9.833109855651855
0.0   -8.579050779342651
0.0   -8.974144220352173
0.0   -8.534396409988403
0.0   -9.236024022102356
0.0   -8.000094532966614
0.0   -9.054746508598328
0.0   -9.940977931022644
0.0   -9.654733896255493
0.0   -9.327028036117554
0.0   -9.609293699264526
0.0   -7.757904291152954
0.0   -7.637103319168091
0.0   -8.418823838233948
0.0   1.2522661685943604
0.0   -9.755762219429016
0.0   -8.756003737449646
0.0   -8.524780511856079
0.0   -9.522011160850525
0.0   -9.986294269561768
0.0   -8.440992712974548
0.0   -9.608992218971252
0.0   -7.167251110076904
0.0   -9.041300535202026
0.0   -9.900732278823853
0.0   -7.011037826538086
0.0   -8.454969882965088
0.0   -7.798294186592102
0.0   -2.4813265800476074
0.0   -8.567206859588623
0.0   -3.8244651556015015
0.0   -7.831624269485474
0.0   -9.374610662460327
0.0   -9.38751769065857
0.0   -4.3414835929870605
0.0   -9.877421855926514
0.0   -8.841885805130005
0.0   -9.424072027206421
0.0   -8.45319676399231
0.0   -6.411977291107178
0.0   -9.181963682174683
0.0   -9.233522891998291
0.0   -9.673469305038452
0.0   -7.363324880599976
0.0   -8.65589427947998
0.0   -9.240623950958252
0.0   -9.666393160820007
0.0   -9.316882491111755
0.0   -9.79161810874939
0.0   -6.517977476119995
0.0   -9.255144357681274
0.0   -10.08688747882843
0.0   -9.899770259857178
1.0   -6.0485663414001465
1.0   -7.947691440582275
1.0   -9.096256732940674
1.0   -6.244527816772461
1.0   -3.8253082036972046
1.0   -7.7685863971710205
1.0   0.016183137893676758
1.0   -5.104567766189575
1.0   -5.153389096260071
1.0   0.3737039566040039
1.0   -5.457750558853149
1.0   -2.458263635635376
1.0   -7.230779528617859
1.0   -8.591635823249817
1.0   2.860228657722473
1.0   17.813424110412598
1.0   -0.9727962017059326
1.0   9.633762121200562
1.0   8.631910562515259
1.0   2.017167091369629
1.0   28.47997546195984
1.0   9.47562050819397
1.0   -3.9659512042999268
1.0   -7.303720593452454
1.0   4.622069835662842
1.0   2.3017330169677734
1.0   -8.820337772369385
1.0   -7.537042617797852
1.0   -9.277113676071167
1.0   -8.294715881347656
0.0   -9.093601703643799
0.0   -9.46133542060852
0.0   -3.8090147972106934
0.0   -5.2979432344436646
0.0   -8.60585880279541
0.0   -9.126832842826843
0.0   -8.715322494506836
0.0   -9.874476194381714
0.0   -8.61674690246582
0.0   -9.012914299964905
0.0   -8.572273135185242
0.0   -9.27434754371643
0.0   -8.036596536636353
0.0   -9.09506893157959
0.0   -9.98347020149231
0.0   -9.69549012184143
0.0   -9.367066502571106
0.0   -9.651012182235718
0.0   -7.7922682762146
0.0   -7.670862078666687
0.0   -8.456443071365356
0.0   1.2613928318023682
0.0   -9.79764723777771
0.0   -8.794453382492065
0.0   -8.562104225158691
0.0   -9.562544584274292
0.0   -10.028737425804138
0.0   -8.47780704498291
0.0   -9.650116920471191
0.0   -7.200555086135864
0.0   -9.079978585243225
0.0   -9.943410992622375
0.0   -7.04548192024231
0.0   -8.491545915603638
0.0   -7.832743883132935
0.0   -2.4911773204803467
0.0   -8.604350566864014
0.0   -3.8357787132263184
0.0   -7.866863489151001
0.0   -9.415641069412231
0.0   -9.426496744155884
0.0   -4.35802149772644
0.0   -9.919034004211426
0.0   -8.87877333164215
0.0   -9.464114546775818
0.0   -8.49026870727539
0.0   -6.439529776573181
0.0   -9.22040331363678
0.0   -9.274226307868958
0.0   -9.714039087295532
0.0   -7.397218465805054
0.0   -8.693793177604675
0.0   -9.280442357063293
0.0   -9.70722222328186
0.0   -9.356102466583252
0.0   -9.832559823989868
0.0   -6.539464354515076
0.0   -9.294962286949158
0.0   -10.12922739982605
0.0   -9.941683292388916
1.0   -6.075435280799866
1.0   -7.984346985816956
1.0   -9.135015487670898
1.0   -6.263429403305054
1.0   -3.8342047929763794
1.0   -7.80289614200592
1.0   0.004437446594238281
1.0   -5.1299216747283936
1.0   -5.177389144897461
1.0   0.37775182723999023
1.0   -5.476489305496216
1.0   -2.473771095275879
1.0   -7.265967845916748
1.0   -8.628493905067444
1.0   2.8785855770111084
1.0   17.87554144859314
1.0   -0.9680465459823608
1.0   9.676918745040894
1.0   8.665083646774292
1.0   2.03090763092041
1.0   28.576370000839233
1.0   9.522724151611328
1.0   -3.988486409187317
1.0   -7.33716607093811
1.0   4.560577869415283
1.0   2.3215723037719727
1.0   -8.857576847076416
1.0   -7.568573951721191
1.0   -9.314632892608643
1.0   -8.331697583198547
0.0   -9.139718055725098
0.0   -9.506537675857544
0.0   -3.8209023475646973
0.0   -5.31816554069519
0.0   -8.650559067726135
0.0   -9.172194957733154
0.0   -8.758537650108337
0.0   -9.92175579071045
0.0   -8.660515069961548
0.0   -9.05698013305664
0.0   -8.615740180015564
0.0   -9.318524360656738
0.0   -8.077953934669495
0.0   -9.14104688167572
0.0   -10.032010793685913
0.0   -9.742084622383118
0.0   -9.412463307380676
0.0   -9.69864547252655
0.0   -7.831918239593506
0.0   -7.709842324256897
0.0   -8.49943995475769
0.0   1.2643471956253052
0.0   -9.845503807067871
0.0   -8.838414669036865
0.0   -8.604318976402283
0.0   -9.60903775691986
0.0   -10.077335357666016
0.0   -8.519896626472473
0.0   -9.697019457817078
0.0   -7.238479971885681
0.0   -9.124125838279724
0.0   -9.992133498191833
0.0   -7.085043549537659
0.0   -8.533285856246948
0.0   -7.872896194458008
0.0   -2.5057566165924072
0.0   -8.646616697311401
0.0   -3.852970600128174
0.0   -7.90755021572113
0.0   -9.462382674217224
0.0   -9.471084117889404
0.0   -4.382657527923584
0.0   -9.967024683952332
0.0   -8.920763731002808
0.0   -9.510015845298767
0.0   -8.532694935798645
0.0   -6.469483852386475
0.0   -9.26419734954834
0.0   -9.320527791976929
0.0   -9.760262966156006
0.0   -7.436200857162476
0.0   -8.737344026565552
0.0   -9.32558012008667
0.0   -9.75419306755066
0.0   -9.400806903839111
0.0   -9.87975549697876
0.0   -6.56505823135376
0.0   -9.34027099609375
0.0   -10.177967309951782
0.0   -9.989714860916138
1.0   -6.106216669082642
1.0   -8.026432514190674
1.0   -9.178892135620117
1.0   -6.285699844360352
1.0   -3.8480446338653564
1.0   -7.842195749282837
1.0   -0.011052966117858887
1.0   -5.1595412492752075
1.0   -5.205397605895996
1.0   0.3774130344390869
1.0   -5.501160383224487
1.0   -2.4957799911499023
1.0   -7.3062015771865845
1.0   -8.67054569721222
1.0   2.8884456157684326
1.0   17.925385236740112
1.0   -0.9733450412750244
1.0   9.714340448379517
1.0   8.68716549873352
1.0   2.0361790657043457
1.0   28.66402506828308
1.0   9.559238910675049
1.0   -4.017735600471497
1.0   -7.375006437301636
1.0   4.504304647445679
1.0   2.33940851688385
1.0   -8.900295734405518
1.0   -7.604634404182434
1.0   -9.35761547088623
1.0   -8.373660326004028
0.0   -9.17195200920105
0.0   -9.537420153617859
0.0   -3.8192050457000732
0.0   -5.3269346952438354
0.0   -8.68138337135315
0.0   -9.20368218421936
0.0   -8.787933707237244
0.0   -9.954282760620117
0.0   -8.690006852149963
0.0   -9.086728811264038
0.0   -8.644418716430664
0.0   -9.348779320716858
0.0   -8.104872345924377
0.0   -9.172714710235596
0.0   -10.065694808959961
0.0   -9.77385699748993
0.0   -9.442421197891235
0.0   -9.73179006576538
0.0   -7.857349634170532
0.0   -7.733736753463745
0.0   -8.528008460998535
0.0   1.283796787261963
0.0   -9.878721594810486
0.0   -8.867910265922546
0.0   -8.631772994995117
0.0   -9.641082525253296
0.0   -10.11096704006195
0.0   -8.548113584518433
0.0   -9.729342341423035
0.0   -7.2628360986709595
0.0   -9.154672503471375
0.0   -10.026159286499023
0.0   -7.110891342163086
0.0   -8.559776067733765
0.0   -7.900166869163513
0.0   -2.5058295726776123
0.0   -8.67454206943512
0.0   -3.857257843017578
0.0   -7.934699177742004
0.0   -9.494385957717896
0.0   -9.501349449157715
0.0   -4.394695043563843
0.0   -10.00037133693695
0.0   -8.948423624038696
0.0   -9.541282892227173
0.0   -8.56164264678955
0.0   -6.483912229537964
0.0   -9.292893648147583
0.0   -9.352261185646057
0.0   -9.791830658912659
0.0   -7.457395792007446
0.0   -8.766544342041016
0.0   -9.356527924537659
0.0   -9.786828756332397
0.0   -9.431509733200073
0.0   -9.912712335586548
0.0   -6.575714111328125
0.0   -9.371344447135925
0.0   -10.211901545524597
0.0   -10.023088693618774
1.0   -6.122052431106567
1.0   -8.054546117782593
1.0   -9.20806109905243
1.0   -6.293260216712952
1.0   -3.8470983505249023
1.0   -7.8684000968933105
1.0   -0.009494781494140625
1.0   -5.17511510848999
1.0   -5.2197325229644775
1.0   0.39079785346984863
1.0   -5.513549327850342
1.0   -2.503558397293091
1.0   -7.331331491470337
1.0   -8.698557615280151
1.0   2.911694049835205
1.0   18.006980419158936
1.0   -0.9701300859451294
1.0   9.777447700500488
1.0   8.726863861083984
1.0   2.05318284034729
1.0   28.799688458442688
1.0   9.613451957702637
1.0   -4.034624338150024
1.0   -7.398032784461975
1.0   4.487377643585205
1.0   2.3871071338653564
1.0   -8.92981505393982
1.0   -7.626173615455627
1.0   -9.386054039001465
1.0   -8.400116443634033
0.0   -9.206586360931396
0.0   -9.570707321166992
0.0   -3.8257267475128174
0.0   -5.342469573020935
0.0   -8.714221715927124
0.0   -9.238638401031494
0.0   -8.81939947605133
0.0   -9.98966908454895
0.0   -8.721702814102173
0.0   -9.11892318725586
0.0   -8.675525665283203
0.0   -9.381910920143127
0.0   -8.133901953697205
0.0   -9.206036806106567
0.0   -10.101794958114624
0.0   -9.808167219161987
0.0   -9.474960565567017
0.0   -9.767910361289978
0.0   -7.883638620376587
0.0   -7.760347843170166
0.0   -8.559224963188171
0.0   1.290788173675537
0.0   -9.9150310754776
0.0   -8.899317026138306
0.0   -8.662004113197327
0.0   -9.676167011260986
0.0   -10.147148728370667
0.0   -8.578475713729858
0.0   -9.764238357543945
0.0   -7.289264917373657
0.0   -9.188103675842285
0.0   -10.06312084197998
0.0   -7.139091968536377
0.0   -8.5890132188797
0.0   -7.929740309715271
0.0   -2.5162864923477173
0.0   -8.70509147644043
0.0   -3.8693690299987793
0.0   -7.964035987854004
0.0   -9.529120445251465
0.0   -9.533949136734009
0.0   -4.412372589111328
0.0   -10.03685998916626
0.0   -8.978461742401123
0.0   -9.574360847473145
0.0   -8.593538522720337
0.0   -6.502036452293396
0.0   -9.323739290237427
0.0   -9.386754393577576
0.0   -9.82537043094635
0.0   -7.481549859046936
0.0   -8.798287749290466
0.0   -9.390089750289917
0.0   -9.821307182312012
0.0   -9.46416163444519
0.0   -9.948505163192749
0.0   -6.590742468833923
0.0   -9.405255556106567
0.0   -10.248527646064758
0.0   -10.059015274047852
1.0   -6.1394875049591064
1.0   -8.084352612495422
1.0   -9.23997688293457
1.0   -6.305577397346497
1.0   -3.853168487548828
1.0   -7.89720094203949
1.0   -0.013589024543762207
1.0   -5.194446086883545
1.0   -5.237082242965698
1.0   0.3943362236022949
1.0   -5.532266616821289
1.0   -2.516235589981079
1.0   -7.3591086864471436
1.0   -8.729057312011719
1.0   2.914019823074341
1.0   18.05828893184662
1.0   -0.9798340797424316
1.0   9.82059907913208
1.0   8.743799924850464
1.0   2.0522096157073975
1.0   28.89357030391693
1.0   9.647796392440796
1.0   -4.058900237083435
1.0   -7.4237060546875
1.0   4.467620372772217
1.0   2.425594210624695
1.0   -8.961649894714355
1.0   -7.649878621101379
1.0   -9.417207479476929
1.0   -8.428603649139404
0.0   -9.22162652015686
0.0   -9.583347201347351
0.0   -3.8184505701065063
0.0   -5.344431042671204
0.0   -8.726768493652344
0.0   -9.253203868865967
0.0   -8.831754088401794
0.0   -10.00484013557434
0.0   -8.733571648597717
0.0   -9.131082773208618
0.0   -8.687267899513245
0.0   -9.394751906394958
0.0   -8.14397418498993
0.0   -9.219061732292175
0.0   -10.116350412368774
0.0   -9.82099461555481
0.0   -9.487764835357666
0.0   -9.783161044120789
0.0   -7.890115857124329
0.0   -7.768141508102417
0.0   -8.571024537086487
0.0   1.2998814582824707
0.0   -9.931347966194153
0.0   -8.911319017410278
0.0   -8.672831058502197
0.0   -9.6906179189682
0.0   -10.161524534225464
0.0   -8.589262247085571
0.0   -9.778485894203186
0.0   -7.29770302772522
0.0   -9.201225757598877
0.0   -10.0801922082901
0.0   -7.149161100387573
0.0   -8.599206686019897
0.0   -7.940049409866333
0.0   -2.5151965618133545
0.0   -8.715986013412476
0.0   -3.8675341606140137
0.0   -7.974638104438782
0.0   -9.542460083961487
0.0   -9.545381784439087
0.0   -4.417701005935669
0.0   -10.051694750785828
0.0   -8.988471150398254
0.0   -9.587803840637207
0.0   -8.605986595153809
0.0   -6.502335071563721
0.0   -9.333952903747559
0.0   -9.401420593261719
0.0   -9.838735818862915
0.0   -7.48738694190979
0.0   -8.809945821762085
0.0   -9.402685523033142
0.0   -9.8351731300354
0.0   -9.476365566253662
0.0   -9.962926626205444
0.0   -6.5902851819992065
0.0   -9.419074177742004
0.0   -10.263348937034607
0.0   -10.074867129325867
1.0   -6.139375686645508
1.0   -8.094526290893555
1.0   -9.252338647842407
1.0   -6.301964282989502
1.0   -3.8445911407470703
1.0   -7.907831907272339
1.0   -0.003857731819152832
1.0   -5.197041630744934
1.0   -5.23914635181427
1.0   0.40979576110839844
1.0   -5.536624431610107
1.0   -2.5169605016708374
1.0   -7.3676393032073975
1.0   -8.740140199661255
1.0   2.9201011657714844
1.0   18.10958957672119
1.0   -0.9829699993133545
1.0   9.8669114112854
1.0   8.76066279411316
1.0   2.0532314777374268
1.0   28.982527256011963
1.0   9.683006286621094
1.0   -4.069496512413025
1.0   -7.430971622467041
1.0   4.491544723510742
1.0   2.4802732467651367
1.0   -8.97314453125
1.0   -7.655091762542725
1.0   -9.427967190742493
1.0   -8.436708569526672
0.0   -9.238003611564636
0.0   -9.59585964679718
0.0   -3.8410104513168335
0.0   -5.3657320737838745
0.0   -8.741264343261719
0.0   -9.268885374069214
0.0   -8.844985246658325
0.0   -10.020649433135986
0.0   -8.746670842170715
0.0   -9.143857479095459
0.0   -8.701406359672546
0.0   -9.408353686332703
0.0   -8.155936479568481
0.0   -9.23334288597107
0.0   -10.132388591766357
0.0   -9.834720373153687
0.0   -9.50157642364502
0.0   -9.798512578010559
0.0   -7.8991429805755615
0.0   -7.77966034412384
0.0   -8.58456552028656
0.0   1.2566914558410645
0.0   -9.948240399360657
0.0   -8.924532532691956
0.0   -8.68611228466034
0.0   -9.705411791801453
0.0   -10.176201820373535
0.0   -8.601627349853516
0.0   -9.79338002204895
0.0   -7.309188604354858
0.0   -9.215179085731506
0.0   -10.098093032836914
0.0   -7.162743091583252
0.0   -8.611783266067505
0.0   -7.95301365852356
0.0   -2.543254017829895
0.0   -8.728978276252747
0.0   -3.8910993337631226
0.0   -7.9882965087890625
0.0   -9.556455135345459
0.0   -9.558737635612488
0.0   -4.448190212249756
0.0   -10.067858457565308
0.0   -9.00043535232544
0.0   -9.602287530899048
0.0   -8.620633482933044
0.0   -6.512615203857422
0.0   -9.346220135688782
0.0   -9.41702950000763
0.0   -9.85302996635437
0.0   -7.499536514282227
0.0   -8.823753952980042
0.0   -9.416430711746216
0.0   -9.849816679954529
0.0   -9.490229725837708
0.0   -9.978195190429688
0.0   -6.602879047393799
0.0   -9.43418037891388
0.0   -10.278406620025635
0.0   -10.090590953826904
1.0   -6.146996259689331
1.0   -8.105966806411743
1.0   -9.265533566474915
1.0   -6.306878685951233
1.0   -3.8619635105133057
1.0   -7.921806335449219
1.0   -0.028534889221191406
1.0   -5.20945143699646
1.0   -5.25060760974884
1.0   0.3826420307159424
1.0   -5.55633807182312
1.0   -2.5491409301757812
1.0   -7.378235578536987
1.0   -8.752641201019287
1.0   2.8661203384399414
1.0   18.00975525379181
1.0   -1.0273065567016602
1.0   9.809851884841919
1.0   8.683862924575806
1.0   2.0010082721710205
1.0   28.853918433189392
1.0   9.615208387374878
1.0   -4.1034228801727295
1.0   -7.4415892362594604
1.0   4.469874382019043
1.0   2.463280200958252
1.0   -8.986706852912903
1.0   -7.663521766662598
1.0   -9.4395512342453
1.0   -8.44759738445282
0.0   -9.255752325057983
0.0   -9.610237836837769
0.0   -3.886739492416382
0.0   -5.401729345321655
0.0   -8.759213209152222
0.0   -9.286565899848938
0.0   -8.860584735870361
0.0   -10.037350416183472
0.0   -8.762012124061584
0.0   -9.158692955970764
0.0   -8.718386054039001
0.0   -9.42385470867157
0.0   -8.17074704170227
0.0   -9.250466108322144
0.0   -10.149925470352173
0.0   -9.850275158882141
0.0   -9.517007827758789
0.0   -9.81528389453888
0.0   -7.910789132118225
0.0   -7.795448064804077
0.0   -8.601211786270142
0.0   1.1779849529266357
0.0   -9.966034054756165
0.0   -8.939889192581177
0.0   -8.702274322509766
0.0   -9.721384763717651
0.0   -10.19240951538086
0.0   -8.616454601287842
0.0   -9.809747457504272
0.0   -7.324068307876587
0.0   -9.231042504310608
0.0   -10.11766791343689
0.0   -7.18025803565979
0.0   -8.62745988368988
0.0   -7.96960985660553
0.0   -2.5937007665634155
0.0   -8.74457037448883
0.0   -3.934175729751587
0.0   -8.005582571029663
0.0   -9.572259068489075
0.0   -9.57424807548523
0.0   -4.497888803482056
0.0   -10.085791110992432
0.0   -9.014599919319153
0.0   -9.618622779846191
0.0   -8.63818633556366
0.0   -6.533343195915222
0.0   -9.360364317893982
0.0   -9.434312343597412
0.0   -9.868978023529053
0.0   -7.518440246582031
0.0   -8.840365171432495
0.0   -9.432202816009521
0.0   -9.86648404598236
0.0   -9.506330728530884
0.0   -9.994993686676025
0.0   -6.62608540058136
0.0   -9.451168298721313
0.0   -10.294343829154968
0.0   -10.107985377311707
1.0   -6.163038492202759
1.0   -8.119786143302917
1.0   -9.280571460723877
1.0   -6.3211435079574585
1.0   -3.8989968299865723
1.0   -7.939568996429443
1.0   -0.07916736602783203
1.0   -5.230697274208069
1.0   -5.270773768424988
1.0   0.3247239589691162
1.0   -5.587341904640198
1.0   -2.6053338050842285
1.0   -7.393317818641663
1.0   -8.767075061798096
1.0   2.7680232524871826
1.0   17.803300857543945
1.0   -1.1030375957489014
1.0   9.675291538238525
1.0   8.539915800094604
1.0   1.9100828170776367
1.0   28.568898677825928
1.0   9.476175785064697
1.0   -4.156342267990112
1.0   -7.4562612771987915
1.0   4.408898830413818
1.0   2.393012523651123
1.0   -9.003001689910889
1.0   -7.675735235214233
1.0   -9.453518867492676
1.0   -8.462066292762756
0.0   -9.269025087356567
0.0   -9.620872735977173
0.0   -3.9505598545074463
0.0   -5.448334693908691
0.0   -8.774449467658997
0.0   -9.300666332244873
0.0   -8.872488617897034
0.0   -10.049529314041138
0.0   -8.774098634719849
0.0   -9.169539332389832
0.0   -8.732440710067749
0.0   -9.435566902160645
0.0   -8.18298327922821
0.0   -9.263877868652344
0.0   -10.162319779396057
0.0   -9.862041711807251
0.0   -9.52835488319397
0.0   -9.828634023666382
0.0   -7.920977711677551
0.0   -7.8100221157073975
0.0   -8.61501169204712
0.0   1.0658478736877441
0.0   -9.97864317893982
0.0   -8.951618432998657
0.0   -8.715842008590698
0.0   -9.733334302902222
0.0   -10.203601837158203
0.0   -8.628337621688843
0.0   -9.821640133857727
0.0   -7.337145805358887
0.0   -9.243232727050781
0.0   -10.132416009902954
0.0   -7.196499705314636
0.0   -8.64066767692566
0.0   -7.984499931335449
0.0   -2.6649280786514282
0.0   -8.75726068019867
0.0   -3.991455316543579
0.0   -8.020990252494812
0.0   -9.584311962127686
0.0   -9.585918188095093
0.0   -4.561060428619385
0.0   -10.098566174507141
0.0   -9.025367617607117
0.0   -9.63112735748291
0.0   -8.653130412101746
0.0   -6.559300541877747
0.0   -9.37010407447815
0.0   -9.44729208946228
0.0   -9.880871415138245
0.0   -7.538873553276062
0.0   -8.85416054725647
0.0   -9.4442058801651
0.0   -9.87897789478302
0.0   -9.518653392791748
0.0   -10.006217002868652
0.0   -6.654186010360718
0.0   -9.46425187587738
0.0   -10.306584239006042
0.0   -10.12108314037323
1.0   -6.181047558784485
1.0   -8.130749464035034
1.0   -9.291683793067932
1.0   -6.34034538269043
1.0   -3.9506773948669434
1.0   -7.955638647079468
1.0   -0.15353727340698242
1.0   -5.258696794509888
1.0   -5.294446229934692
1.0   0.23860180377960205
1.0   -5.626526355743408
1.0   -2.681419610977173
1.0   -7.4066596031188965
1.0   -8.77834165096283
1.0   2.629725933074951
1.0   17.489514112472534
1.0   -1.202465295791626
1.0   9.464154243469238
1.0   8.32689118385315
1.0   1.7838356494903564
1.0   28.126604318618774
1.0   9.269216775894165
1.0   -4.222168922424316
1.0   -7.469569087028503
1.0   4.31801176071167
1.0   2.268646001815796
1.0   -9.015740752220154
1.0   -7.686386585235596
1.0   -9.463882565498352
1.0   -8.475061535835266
0.0   -9.244361400604248
0.0   -9.59276270866394
0.0   -3.9907182455062866
0.0   -5.464823842048645
0.0   -8.752403855323792
0.0   -9.276041388511658
0.0   -8.84774911403656
0.0   -10.020848751068115
0.0   -8.749360084533691
0.0   -9.142900228500366
0.0   -8.709625124931335
0.0   -9.408655643463135
0.0   -8.160684943199158
0.0   -9.238769888877869
0.0   -10.133545517921448
0.0   -9.833402156829834
0.0   -9.500829577445984
0.0   -9.801541924476624
0.0   -7.896960735321045
0.0   -7.790497779846191
0.0   -8.592405200004578
0.0   0.9630484580993652
0.0   -9.950297594070435
0.0   -8.926192998886108
0.0   -8.69267725944519
0.0   -9.705735445022583
0.0   -10.174198627471924
0.0   -8.604267954826355
0.0   -9.793294429779053
0.0   -7.318641901016235
0.0   -9.21697986125946
0.0   -10.105344653129578
0.0   -7.180437445640564
0.0   -8.61746621131897
0.0   -7.9652708768844604
0.0   -2.7159640789031982
0.0   -8.733359217643738
0.0   -4.019803285598755
0.0   -8.002191305160522
0.0   -9.556740164756775
0.0   -9.558077573776245
0.0   -4.597968101501465
0.0   -10.070410132408142
0.0   -8.998939514160156
0.0   -9.604059338569641
0.0   -8.631584405899048
0.0   -6.554513931274414
0.0   -9.3417067527771
0.0   -9.421140193939209
0.0   -9.852625727653503
0.0   -7.525083541870117
0.0   -8.830910325050354
0.0   -9.417624592781067
0.0   -9.851158738136292
0.0   -9.491729497909546
0.0   -9.977181911468506
0.0   -6.6508777141571045
0.0   -9.43808102607727
0.0   -10.277658224105835
0.0   -10.092695355415344
1.0   -6.17078959941864
1.0   -8.107392072677612
1.0   -9.264464259147644
1.0   -6.33263897895813
1.0   -3.976659059524536
1.0   -7.937977194786072
1.0   -0.21463227272033691
1.0   -5.261640310287476
1.0   -5.290743827819824
1.0   0.1677539348602295
1.0   -5.639773845672607
1.0   -2.7388789653778076
1.0   -7.386656999588013
1.0   -8.75314974784851
1.0   2.5011096000671387
1.0   17.146894216537476
1.0   -1.2863667011260986
1.0   9.24315857887268
1.0   8.111359119415283
1.0   1.6751480102539062
1.0   27.622901916503906
1.0   9.05725884437561
1.0   -4.2648515701293945
1.0   -7.4501365423202515
1.0   4.245052337646484
1.0   2.1428792476654053
1.0   -8.991103172302246
1.0   -7.663837432861328
1.0   -9.435768723487854
1.0   -8.452052354812622
0.0   -9.18572449684143
0.0   -9.530148148536682
0.0   -3.993361473083496
0.0   -5.443993806838989
0.0   -8.696495771408081
0.0   -9.216881275177002
0.0   -8.790190815925598
0.0   -9.955872297286987
0.0   -8.691434860229492
0.0   -9.082438349723816
0.0   -8.65285849571228
0.0   -9.347264647483826
0.0   -8.106979966163635
0.0   -9.179371356964111
0.0   -10.06844675540924
0.0   -9.768518924713135
0.0   -9.438510417938232
0.0   -9.738144159317017
0.0   -7.840440034866333
0.0   -7.738694906234741
0.0   -8.536912083625793
0.0   0.899510383605957
0.0   -9.885643720626831
0.0   -8.867678761482239
0.0   -8.63589096069336
0.0   -9.643006324768066
0.0   -10.10839831829071
0.0   -8.547497868537903
0.0   -9.72929072380066
0.0   -7.270909070968628
0.0   -9.156286597251892
0.0   -10.041229486465454
0.0   -7.1338396072387695
0.0   -8.560907006263733
0.0   -7.914337992668152
0.0   -2.729416847229004
0.0   -8.676283359527588
0.0   -4.010765194892883
0.0   -7.951855659484863
0.0   -9.493591070175171
0.0   -9.494785904884338
0.0   -4.597641229629517
0.0   -10.005598902702332
0.0   -8.939086198806763
0.0   -9.541457414627075
0.0   -8.57692289352417
0.0   -6.5156919956207275
0.0   -9.279050350189209
0.0   -9.36026132106781
0.0   -9.788355112075806
0.0   -7.47663938999176
0.0   -8.773813962936401
0.0   -9.356557250022888
0.0   -9.787379622459412
0.0   -9.429463744163513
0.0   -9.912214875221252
0.0   -6.611960053443909
0.0   -9.377039313316345
0.0   -10.211495637893677
0.0   -10.02762246131897
1.0   -6.1317654848098755
1.0   -8.052754044532776
1.0   -9.202596426010132
1.0   -6.292694807052612
1.0   -3.96624755859375
1.0   -7.88888943195343
1.0   -0.24335813522338867
1.0   -5.2354007959365845
1.0   -5.258917450904846
1.0   0.13425421714782715
1.0   -5.621384620666504
1.0   -2.7567766904830933
1.0   -7.334425926208496
1.0   -8.69510531425476
1.0   2.419583320617676
1.0   16.871997594833374
1.0   -1.325976848602295
1.0   9.071141242980957
1.0   7.954285144805908
1.0   1.6108863353729248
1.0   27.19104027748108
1.0   8.898956775665283
1.0   -4.268081545829773
1.0   -7.399749398231506
1.0   4.208054542541504
1.0   2.055936813354492
1.0   -8.932166457176208
1.0   -7.609661102294922
1.0   -9.372868299484253
1.0   -8.395447731018066
0.0   -9.176720261573792
0.0   -9.520740628242493
0.0   -3.9902420043945312
0.0   -5.438559532165527
0.0   -8.687704682350159
0.0   -9.207751154899597
0.0   -8.781343698501587
0.0   -9.946065187454224
0.0   -8.682500004768372
0.0   -9.073287963867188
0.0   -8.64393424987793
0.0   -9.337887287139893
0.0   -8.098584413528442
0.0   -9.170276880264282
0.0   -10.058568596839905
0.0   -9.758717656135559
0.0   -9.42907989025116
0.0   -9.72844398021698
0.0   -7.831664800643921
0.0   -7.730381488800049
0.0   -8.528245091438293
0.0   0.8971142768859863
0.0   -9.875856637954712
0.0   -8.858713865280151
0.0   -8.626992583274841
0.0   -9.633474349975586
0.0   -10.098476886749268
0.0   -8.538715481758118
0.0   -9.719605565071106
0.0   -7.263097763061523
0.0   -9.147030472755432
0.0   -10.031419515609741
0.0   -7.126192569732666
0.0   -8.552085876464844
0.0   -7.906194090843201
0.0   -2.7270591259002686
0.0   -8.667429447174072
0.0   -4.006341218948364
0.0   -7.94380509853363
0.0   -9.484009623527527
0.0   -9.48517906665802
0.0   -4.594044923782349
0.0   -9.995748519897461
0.0   -8.929942011833191
0.0   -9.53192663192749
0.0   -8.568355083465576
0.0   -6.508476495742798
0.0   -9.269665122032166
0.0   -9.350896835327148
0.0   -9.778608202934265
0.0   -7.4682793617248535
0.0   -8.764891266822815
0.0   -9.34723448753357
0.0   -9.777687907218933
0.0   -9.419942736625671
0.0   -9.902414202690125
0.0   -6.6048290729522705
0.0   -9.367663621902466
0.0   -10.20148766040802
0.0   -10.0176922082901
1.0   -6.1249388456344604
1.0   -8.044290542602539
1.0   -9.19314706325531
1.0   -6.285850882530212
1.0   -3.9620778560638428
1.0   -7.880969285964966
1.0   -0.2425670623779297
1.0   -5.229633808135986
1.0   -5.252896785736084
1.0   0.13342797756195068
1.0   -5.6165056228637695
1.0   -2.755093812942505
1.0   -7.326178073883057
1.0   -8.68620252609253
1.0   2.415180206298828
1.0   16.85172700881958
1.0   -1.3262454271316528
1.0   9.058499336242676
1.0   7.943691730499268
1.0   1.6086359024047852
1.0   27.157076597213745
1.0   8.888262748718262
1.0   -4.265318393707275
1.0   -7.391697645187378
1.0   4.210421323776245
1.0   2.051241159439087
1.0   -8.923113465309143
1.0   -7.601262211799622
1.0   -9.36340582370758
1.0   -8.38655948638916
0.0   -9.165642023086548
0.0   -9.50918197631836
0.0   -3.9854612350463867
0.0   -5.431421279907227
0.0   -8.676792621612549
0.0   -9.196488857269287
0.0   -8.770536184310913
0.0   -9.93397569656372
0.0   -8.671542644500732
0.0   -9.062076330184937
0.0   -8.632930755615234
0.0   -9.32639455795288
0.0   -8.088263392448425
0.0   -9.159043788909912
0.0   -10.046489477157593
0.0   -9.746718049049377
0.0   -9.417521834373474
0.0   -9.716556906700134
0.0   -7.820775389671326
0.0   -7.720045566558838
0.0   -8.517513036727905
0.0   0.8961677551269531
0.0   -9.863850355148315
0.0   -8.847708940505981
0.0   -8.616055727005005
0.0   -9.621816158294678
0.0   -10.086339116096497
0.0   -8.527948379516602
0.0   -9.707754015922546
0.0   -7.253496527671814
0.0   -9.13565456867218
0.0   -10.019347786903381
0.0   -7.116544961929321
0.0   -8.541188597679138
0.0   -7.896047234535217
0.0   -2.7230628728866577
0.0   -8.656542539596558
0.0   -4.000425577163696
0.0   -7.9337499141693115
0.0   -9.472241878509521
0.0   -9.473408818244934
0.0   -4.588636636734009
0.0   -9.983660459518433
0.0   -8.918759822845459
0.0   -9.52021598815918
0.0   -8.557679891586304
0.0   -6.499064326286316
0.0   -9.258141875267029
0.0   -9.339420080184937
0.0   -9.766687631607056
0.0   -7.457833409309387
0.0   -8.753873944282532
0.0   -9.33582854270935
0.0   -9.765798091888428
0.0   -9.4082932472229
0.0   -9.890421628952026
0.0   -6.595532536506653
0.0   -9.356198906898499
0.0   -10.189257740974426
0.0   -10.005525708198547
1.0   -6.1161171197891235
1.0   -8.033867001533508
1.0   -9.181612491607666
1.0   -6.276990652084351
1.0   -3.955780267715454
1.0   -7.871065258979797
1.0   -0.24022889137268066
1.0   -5.2217535972595215
1.0   -5.245021224021912
1.0   0.13498950004577637
1.0   -5.6094746589660645
1.0   -2.751194953918457
1.0   -7.31585431098938
1.0   -8.67527961730957
1.0   2.412519931793213
1.0   16.833519220352173
1.0   -1.3248660564422607
1.0   9.04806399345398
1.0   7.935145854949951
1.0   1.608217716217041
1.0   27.12712061405182
1.0   8.879359722137451
1.0   -4.259985327720642
1.0   -7.381698250770569
1.0   4.215866804122925
1.0   2.0493507385253906
1.0   -8.91193675994873
1.0   -7.590702772140503
1.0   -9.351832151412964
1.0   -8.375579833984375
0.0   -9.153098940849304
0.0   -9.496065139770508
0.0   -3.9763344526290894
0.0   -5.421304941177368
0.0   -8.664365530014038
0.0   -9.18367886543274
0.0   -8.758236169815063
0.0   -9.92026972770691
0.0   -8.659099221229553
0.0   -9.04936683177948
0.0   -8.620394349098206
0.0   -9.313328981399536
0.0   -8.076520442962646
0.0   -9.146257638931274
0.0   -10.032815337181091
0.0   -9.733110070228577
0.0   -9.404475331306458
0.0   -9.703083872795105
0.0   -7.808425545692444
0.0   -7.708175182342529
0.0   -8.505242586135864
0.0   0.9017298221588135
0.0   -9.85024905204773
0.0   -8.835235476493835
0.0   -8.603600025177002
0.0   -9.608626127243042
0.0   -10.072613954544067
0.0   -8.515730142593384
0.0   -9.694322109222412
0.0   -7.242555260658264
0.0   -9.122729539871216
0.0   -10.005672454833984
0.0   -7.1055169105529785
0.0   -8.528738737106323
0.0   -7.88445520401001
0.0   -2.7144410610198975
0.0   -8.644141435623169
0.0   -3.99072003364563
0.0   -7.922315359115601
0.0   -9.45892596244812
0.0   -9.46008288860321
0.0   -4.579843282699585
0.0   -9.970011949539185
0.0   -8.90607225894928
0.0   -9.5069260597229
0.0   -8.545503616333008
0.0   -6.487818241119385
0.0   -9.245145082473755
0.0   -9.326396107673645
0.0   -9.75320589542389
0.0   -7.445569038391113
0.0   -8.741355180740356
0.0   -9.32290518283844
0.0   -9.752360463142395
0.0   -9.395051121711731
0.0   -9.876895904541016
0.0   -6.584075450897217
0.0   -9.343198895454407
0.0   -10.175400257110596
0.0   -9.991777420043945
1.0   -6.105991363525391
1.0   -8.022067427635193
1.0   -9.168517827987671
1.0   -6.266364097595215
1.0   -3.945425510406494
1.0   -7.859699964523315
1.0   -0.23363327980041504
1.0   -5.212221026420593
1.0   -5.235798120498657
1.0   0.1423189640045166
1.0   -5.600349545478821
1.0   -2.7436776161193848
1.0   -7.303900122642517
1.0   -8.662938714027405
1.0   2.4180526733398438
1.0   16.832467317581177
1.0   -1.31880784034729
1.0   9.048995971679688
1.0   7.938060283660889
1.0   1.614537000656128
1.0   27.120322465896606
1.0   8.883109092712402
1.0   -4.2518861293792725
1.0   -7.370261311531067
1.0   4.227862119674683
1.0   2.055386543273926
1.0   -8.899295926094055
1.0   -7.578847169876099
1.0   -9.338777899742126
1.0   -8.363126635551453
0.0   -9.138630867004395
0.0   -9.481032609939575
0.0   -3.9657814502716064
0.0   -5.409418225288391
0.0   -8.649991750717163
0.0   -9.168983697891235
0.0   -8.74404776096344
0.0   -9.904561519622803
0.0   -8.644811868667603
0.0   -9.034748792648315
0.0   -8.605957508087158
0.0   -9.298367500305176
0.0   -8.063002109527588
0.0   -9.131486177444458
0.0   -10.017147302627563
0.0   -9.717547416687012
0.0   -9.389501929283142
0.0   -9.68760621547699
0.0   -7.7943198680877686
0.0   -7.694475173950195
0.0   -8.491063833236694
0.0   0.9086580276489258
0.0   -9.834641575813293
0.0   -8.820846915245056
0.0   -8.589272141456604
0.0   -9.593477129936218
0.0   -10.056902408599854
0.0   -8.50165867805481
0.0   -9.678887844085693
0.0   -7.229926586151123
0.0   -9.107923746109009
0.0   -9.989962339401245
0.0   -7.092697858810425
0.0   -8.514439821243286
0.0   -7.871094346046448
0.0   -2.7044354677200317
0.0   -8.629896640777588
0.0   -3.979494333267212
0.0   -7.908926725387573
0.0   -9.443625330924988
0.0   -9.444798827171326
0.0   -4.569218993186951
0.0   -9.954328417778015
0.0   -8.891568422317505
0.0   -9.491741061210632
0.0   -8.531488299369812
0.0   -6.474678993225098
0.0   -9.230258464813232
0.0   -9.31146502494812
0.0   -9.737756729125977
0.0   -7.431383848190308
0.0   -8.726885080337524
0.0   -9.30807113647461
0.0   -9.736937999725342
0.0   -9.379890203475952
0.0   -9.861393451690674
0.0   -6.570804834365845
0.0   -9.328293561935425
0.0   -10.159542202949524
0.0   -9.975984930992126
1.0   -6.094098806381226
1.0   -8.008503675460815
1.0   -9.153535604476929
1.0   -6.2540576457977295
1.0   -3.934051275253296
1.0   -7.84648060798645
1.0   -0.22522497177124023
1.0   -5.200751781463623
1.0   -5.224864602088928
1.0   0.15062975883483887
1.0   -5.589252471923828
1.0   -2.7343779802322388
1.0   -7.290042996406555
1.0   -8.648786067962646
1.0   2.423738479614258
1.0   16.830868005752563
1.0   -1.311340093612671
1.0   9.050514936447144
1.0   7.941587924957275
1.0   1.622215747833252
1.0   27.11336362361908
1.0   8.886132717132568
1.0   -4.241625905036926
1.0   -7.357009291648865
1.0   4.244606018066406
1.0   2.0623281002044678
1.0   -8.88483452796936
1.0   -7.565281391143799
1.0   -9.3238525390625
1.0   -8.34876561164856
0.0   -9.123275637626648
0.0   -9.464981079101562
0.0   -3.9536986351013184
0.0   -5.39638090133667
0.0   -8.634684443473816
0.0   -9.153277397155762
0.0   -8.728959441184998
0.0   -9.887906074523926
0.0   -8.629593253135681
0.0   -9.01922595500946
0.0   -8.59056043624878
0.0   -9.282451629638672
0.0   -8.048588514328003
0.0   -9.115790367126465
0.0   -10.000478267669678
0.0   -9.700967669487
0.0   -9.373611450195312
0.0   -9.671175003051758
0.0   -7.779265880584717
0.0   -7.679847478866577
0.0   -8.475918292999268
0.0   0.9169180393218994
0.0   -9.818096160888672
0.0   -8.805526733398438
0.0   -8.573985576629639
0.0   -9.577400088310242
0.0   -10.04020357131958
0.0   -8.48671293258667
0.0   -9.662522315979004
0.0   -7.216487884521484
0.0   -9.09211814403534
0.0   -9.973235964775085
0.0   -7.0789268016815186
0.0   -8.49916958808899
0.0   -7.856732726097107
0.0   -2.6929798126220703
0.0   -8.614702820777893
0.0   -3.9671380519866943
0.0   -7.894626617431641
0.0   -9.42738127708435
0.0   -9.42852520942688
0.0   -4.557262897491455
0.0   -9.937678217887878
0.0   -8.876124739646912
0.0   -9.475562572479248
0.0   -8.516499161720276
0.0   -6.460436701774597
0.0   -9.214318990707397
0.0   -9.295556902885437
0.0   -9.72133719921112
0.0   -7.416139125823975
0.0   -8.711490392684937
0.0   -9.2922865152359
0.0   -9.720561504364014
0.0   -9.363758563995361
0.0   -9.84492027759552
0.0   -6.556483745574951
0.0   -9.312425136566162
0.0   -10.142651081085205
0.0   -9.959206342697144
1.0   -6.081271409988403
1.0   -7.994053602218628
1.0   -9.137606024742126
1.0   -6.240728855133057
1.0   -3.921254873275757
1.0   -7.83243465423584
1.0   -0.21579504013061523
1.0   -5.188300371170044
1.0   -5.212998032569885
1.0   0.15999221801757812
1.0   -5.577125549316406
1.0   -2.723956346511841
1.0   -7.275373697280884
1.0   -8.633687019348145
1.0   2.4314262866973877
1.0   16.832696676254272
1.0   -1.3025808334350586
1.0   9.053786277770996
1.0   7.947418212890625
1.0   1.6314432621002197
1.0   27.11040687561035
1.0   8.892206192016602
1.0   -4.230594754219055
1.0   -7.3428874015808105
1.0   4.260850429534912
1.0   2.071638345718384
1.0   -8.8694167137146
1.0   -7.55064582824707
1.0   -9.307915925979614
1.0   -8.333461284637451
0.0   -9.106674790382385
0.0   -9.447725772857666
0.0   -3.940946102142334
0.0   -5.382434606552124
0.0   -8.618082523345947
0.0   -9.136338591575623
0.0   -8.712663173675537
0.0   -9.869901180267334
0.0   -8.613171100616455
0.0   -9.002467274665833
0.0   -8.573917746543884
0.0   -9.265281677246094
0.0   -8.033033967018127
0.0   -9.098833203315735
0.0   -9.982511281967163
0.0   -9.683134078979492
0.0   -9.356428146362305
0.0   -9.653494834899902
0.0   -7.762961268424988
0.0   -7.664011359214783
0.0   -8.459465742111206
0.0   0.9262359142303467
0.0   -9.800199747085571
0.0   -8.78895115852356
0.0   -8.557473182678223
0.0   -9.560017943382263
0.0   -10.022171378135681
0.0   -8.470525026321411
0.0   -9.644849300384521
0.0   -7.2018455266952515
0.0   -9.075138449668884
0.0   -9.955171942710876
0.0   -7.063945770263672
0.0   -8.48270845413208
0.0   -7.84120774269104
0.0   -2.680643081665039
0.0   -8.598304271697998
0.0   -3.95404052734375
0.0   -7.87908136844635
0.0   -9.409875750541687
0.0   -9.411013007164001
0.0   -4.544250249862671
0.0   -9.91964840888977
0.0   -8.859486699104309
0.0   -9.45809268951416
0.0   -8.500283598899841
0.0   -6.444989085197449
0.0   -9.197023034095764
0.0   -9.278332471847534
0.0   -9.703577280044556
0.0   -7.399574518203735
0.0   -8.694837808609009
0.0   -9.275266170501709
0.0   -9.702853202819824
0.0   -9.34636116027832
0.0   -9.827032089233398
0.0   -6.541008830070496
0.0   -9.295265078544617
0.0   -10.124443888664246
0.0   -9.941057920455933
1.0   -6.067189455032349
1.0   -7.978380918502808
1.0   -9.120424389839172
1.0   -6.226439118385315
1.0   -3.9076738357543945
1.0   -7.817143440246582
1.0   -0.20561647415161133
1.0   -5.1745219230651855
1.0   -5.199991226196289
1.0   0.16977167129516602
1.0   -5.563875675201416
1.0   -2.712319016456604
1.0   -7.2594263553619385
1.0   -8.617279291152954
1.0   2.4401657581329346
1.0   16.835681200027466
1.0   -1.2926745414733887
1.0   9.058271884918213
1.0   7.9543938636779785
1.0   1.6422412395477295
1.0   27.109641790390015
1.0   8.899111270904541
1.0   -4.21820855140686
1.0   -7.327581405639648
1.0   4.279332160949707
1.0   2.0819814205169678
1.0   -8.85268521308899
1.0   -7.53485631942749
1.0   -9.29073452949524
1.0   -8.316895484924316
0.0   -9.089332818984985
0.0   -9.429606199264526
0.0   -3.925389051437378
0.0   -5.366531729698181
0.0   -8.60074520111084
0.0   -9.11865746974945
0.0   -8.69565999507904
0.0   -9.851006984710693
0.0   -8.596001982688904
0.0   -8.984899997711182
0.0   -8.556471586227417
0.0   -9.247318267822266
0.0   -8.016750812530518
0.0   -9.081080436706543
0.0   -9.963721513748169
0.0   -9.66444718837738
0.0   -9.338490009307861
0.0   -9.635031938552856
0.0   -7.745910406112671
0.0   -7.6474080085754395
0.0   -8.442225217819214
0.0   0.9393963813781738
0.0   -9.78134000301361
0.0   -8.771586179733276
0.0   -8.540170669555664
0.0   -9.541849136352539
0.0   -10.003308057785034
0.0   -8.453593969345093
0.0   -9.626338124275208
0.0   -7.186536550521851
0.0   -9.057349681854248
0.0   -9.936306715011597
0.0   -7.048335909843445
0.0   -8.465465545654297
0.0   -7.824995160102844
0.0   -2.665553569793701
0.0   -8.581161379814148
0.0   -3.938362717628479
0.0   -7.862913131713867
0.0   -9.39149284362793
0.0   -9.392659425735474
0.0   -4.5290443897247314
0.0   -9.900853633880615
0.0   -8.842053413391113
0.0   -9.439831972122192
0.0   -8.483378887176514
0.0   -6.428502082824707
0.0   -9.178975105285645
0.0   -9.260308027267456
0.0   -9.685019135475159
0.0   -7.3820730447769165
0.0   -8.677406311035156
0.0   -9.25747561454773
0.0   -9.684326887130737
0.0   -9.328114986419678
0.0   -9.808252096176147
0.0   -6.524209380149841
0.0   -9.277354001998901
0.0   -10.10536003112793
0.0   -9.922078609466553
1.0   -6.052623510360718
1.0   -7.961975693702698
1.0   -9.102388143539429
1.0   -6.211013078689575
1.0   -3.8913261890411377
1.0   -7.801130294799805
1.0   -0.19269752502441406
1.0   -5.159799814224243
1.0   -5.186466336250305
1.0   0.18388891220092773
1.0   -5.54939591884613
1.0   -2.6983429193496704
1.0   -7.242643117904663
1.0   -8.600209951400757
1.0   2.454279899597168
1.0   16.849772930145264
1.0   -1.2795703411102295
1.0   9.070802688598633
1.0   7.9693074226379395
1.0   1.657454252243042
1.0   27.12497067451477
1.0   8.91418719291687
1.0   -4.203997611999512
1.0   -7.311582088470459
1.0   4.301408767700195
1.0   2.097311019897461
1.0   -8.835349678993225
1.0   -7.5184361934661865
1.0   -9.272836089134216
1.0   -8.299508571624756
0.0   -9.070973992347717
0.0   -9.410463452339172
0.0   -3.909827709197998
0.0   -5.350167989730835
0.0   -8.582380771636963
0.0   -9.099964618682861
0.0   -8.677694201469421
0.0   -9.83108127117157
0.0   -8.577858567237854
0.0   -8.96628487110138
0.0   -8.537973403930664
0.0   -9.228359580039978
0.0   -7.999566078186035
0.0   -9.062322735786438
0.0   -9.943835020065308
0.0   -9.644759178161621
0.0   -9.319556951522827
0.0   -9.61548924446106
0.0   -7.727989912033081
0.0   -7.629875540733337
0.0   -8.424005270004272
0.0   0.9519248008728027
0.0   -9.761394739151001
0.0   -8.753220081329346
0.0   -8.521939754486084
0.0   -9.522698640823364
0.0   -9.983425855636597
0.0   -8.435739636421204
0.0   -9.606841087341309
0.0   -7.170373320579529
0.0   -9.03858196735382
0.0   -9.916292905807495
0.0   -7.031838655471802
0.0   -8.447253227233887
0.0   -7.807916641235352
0.0   -2.65041184425354
0.0   -8.563036561012268
0.0   -3.9225610494613647
0.0   -7.84577488899231
0.0   -9.372138261795044
0.0   -9.373303771018982
0.0   -4.513336896896362
0.0   -9.880961656570435
0.0   -8.823716282844543
0.0   -9.420582056045532
0.0   -8.465492725372314
0.0   -6.4111292362213135
0.0   -9.159945011138916
0.0   -9.241258382797241
0.0   -9.665462255477905
0.0   -7.363610148429871
0.0   -8.658993124961853
0.0   -9.238684177398682
0.0   -9.664670944213867
0.0   -9.30888044834137
0.0   -9.788408994674683
0.0   -6.506618976593018
0.0   -9.258440136909485
0.0   -10.085192799568176
0.0   -9.902076005935669
1.0   -6.037107348442078
1.0   -7.9446797370910645
1.0   -9.083382606506348
1.0   -6.194686055183411
1.0   -3.8749263286590576
1.0   -7.784094333648682
1.0   -0.17958903312683105
1.0   -5.14424204826355
1.0   -5.172119379043579
1.0   0.1974191665649414
1.0   -5.534030079841614
1.0   -2.684158682823181
1.0   -7.224928617477417
1.0   -8.582180261611938
1.0   2.4663641452789307
1.0   16.857971668243408
1.0   -1.2668862342834473
1.0   9.079478025436401
1.0   7.980952739715576
1.0   1.6714210510253906
1.0   27.1314297914505
1.0   8.925100326538086
1.0   -4.189005136489868
1.0   -7.294678807258606
1.0   4.323845624923706
1.0   2.111677885055542
1.0   -8.816945552825928
1.0   -7.501107692718506
1.0   -9.253898024559021
1.0   -8.281159162521362
0.0   -9.052019000053406
0.0   -9.3907972574234
0.0   -3.893371105194092
0.0   -5.333077073097229
0.0   -8.563406705856323
0.0   -9.080610632896423
0.0   -8.659110069274902
0.0   -9.810477495193481
0.0   -8.559137463569641
0.0   -8.94708240032196
0.0   -8.518882274627686
0.0   -9.20875096321106
0.0   -7.981837034225464
0.0   -9.042940020561218
0.0   -9.923312902450562
0.0   -9.624552488327026
0.0   -9.299994945526123
0.0   -9.595287203788757
0.0   -7.709495306015015
0.0   -7.611787557601929
0.0   -8.405194997787476
0.0   0.965548038482666
0.0   -9.740783214569092
0.0   -8.734245538711548
0.0   -8.50298821926117
0.0   -9.502826690673828
0.0   -9.962863206863403
0.0   -8.417249917984009
0.0   -9.586673617362976
0.0   -7.153615236282349
0.0   -9.019170761108398
0.0   -9.895638465881348
0.0   -7.01473069190979
0.0   -8.428447246551514
0.0   -7.790230870246887
0.0   -2.6342461109161377
0.0   -8.544322848320007
0.0   -3.9059512615203857
0.0   -7.828044414520264
0.0   -9.352131485939026
0.0   -9.353301644325256
0.0   -4.49687647819519
0.0   -9.860413074493408
0.0   -8.804770112037659
0.0   -9.400664329528809
0.0   -8.446907758712769
0.0   -6.393239259719849
0.0   -9.140335083007812
0.0   -9.221603155136108
0.0   -9.645211100578308
0.0   -7.344417452812195
0.0   -8.639870405197144
0.0   -9.219268441200256
0.0   -9.644341468811035
0.0   -9.289005637168884
0.0   -9.767905592918396
0.0   -6.488394260406494
0.0   -9.238868713378906
0.0   -10.064388990402222
0.0   -9.881353616714478
1.0   -6.021097302436829
1.0   -7.9268423318862915
1.0   -9.0637446641922
1.0   -6.177857518196106
1.0   -3.857799530029297
1.0   -7.766477465629578
1.0   -0.1657867431640625
1.0   -5.128114819526672
1.0   -5.15726637840271
1.0   0.2115917205810547
1.0   -5.51807165145874
1.0   -2.6690869331359863
1.0   -7.206675171852112
1.0   -8.563534021377563
1.0   2.480217456817627
1.0   16.869422912597656
1.0   -1.2530860900878906
1.0   9.090190887451172
1.0   7.994870185852051
1.0   1.6870665550231934
1.0   27.14305806159973
1.0   8.938364028930664
1.0   -4.173429727554321
1.0   -7.277252435684204
1.0   4.345595359802246
1.0   2.126556158065796
1.0   -8.79794430732727
1.0   -7.483288645744324
1.0   -9.23436689376831
1.0   -8.262200474739075
0.0   -9.031789541244507
0.0   -9.369771242141724
0.0   -3.8777267932891846
0.0   -5.316182851791382
0.0   -8.54314136505127
0.0   -9.059926629066467
0.0   -8.639284014701843
0.0   -9.788522720336914
0.0   -8.539098143577576
0.0   -8.926411747932434
0.0   -8.498460054397583
0.0   -9.187849760055542
0.0   -7.962797403335571
0.0   -9.022302627563477
0.0   -9.90142810344696
0.0   -9.602943181991577
0.0   -9.279127478599548
0.0   -9.573792219161987
0.0   -7.689626216888428
0.0   -7.592402696609497
0.0   -8.38504707813263
0.0   0.9765992164611816
0.0   -9.718839168548584
0.0   -8.713964462280273
0.0   -8.482726216316223
0.0   -9.481530547142029
0.0   -9.940914154052734
0.0   -8.397455215454102
0.0   -9.565186738967896
0.0   -7.135566234588623
0.0   -8.998427391052246
0.0   -9.873621344566345
0.0   -6.996289134025574
0.0   -8.408314108848572
0.0   -7.771251320838928
0.0   -2.6194804906845093
0.0   -8.524302363395691
0.0   -3.8901116847991943
0.0   -7.8090678453445435
0.0   -9.330764055252075
0.0   -9.331945776939392
0.0   -4.480819582939148
0.0   -9.838542342185974
0.0   -8.784519791603088
0.0   -9.37940239906311
0.0   -8.426982879638672
0.0   -6.3742358684539795
0.0   -9.119316220283508
0.0   -9.200599074363708
0.0   -9.623628497123718
0.0   -7.324075937271118
0.0   -8.61939823627472
0.0   -9.198627233505249
0.0   -9.622706770896912
0.0   -9.267783999443054
0.0   -9.745887756347656
0.0   -6.469540476799011
0.0   -9.218001365661621
0.0   -10.042322158813477
0.0   -9.859282970428467
1.0   -6.0038251876831055
1.0   -7.907646417617798
1.0   -9.042766690254211
1.0   -6.160703182220459
1.0   -3.841095209121704
1.0   -7.747841238975525
1.0   -0.15343093872070312
1.0   -5.111055374145508
1.0   -5.141296148300171
1.0   0.22349882125854492
1.0   -5.5018240213394165
1.0   -2.6548449993133545
1.0   -7.187457799911499
1.0   -8.543534994125366
1.0   2.4908952713012695
1.0   16.872546672821045
1.0   -1.2410438060760498
1.0   9.095454692840576
1.0   8.003495693206787
1.0   1.7000722885131836
1.0   27.143165826797485
1.0   8.946182012557983
1.0   -4.158271431922913
1.0   -7.258589148521423
1.0   4.364700078964233
1.0   2.138753890991211
1.0   -8.777616620063782
1.0   -7.46410608291626
1.0   -9.213496327400208
1.0   -8.24198567867279
