0.0   1.0977306962013245
0.0   1.1121883988380432
0.0   1.6490842700004578
0.0   1.3920400738716125
0.0   1.0740558207035065
0.0   1.111197292804718
0.0   1.0426363348960876
0.0   1.1184838712215424
0.0   1.6753868460655212
0.0   1.2253466844558716
0.0   1.2775470614433289
0.0   1.1370522379875183
0.0   1.1837273240089417
0.0   1.5564663410186768
0.0   1.1139509677886963
0.0   1.1285381317138672
0.0   1.1925653219223022
0.0   1.2680885195732117
0.0   1.0771066546440125
0.0   1.1741588115692139
1.0   16.110471725463867
1.0   5.8707029819488525
1.0   17.183314561843872
1.0   11.827223300933838
1.0   1.977936029434204
1.0   1.3909963369369507
1.0   15.01982593536377
1.0   15.135451316833496
1.0   10.050538778305054
1.0   16.28295087814331
1.0   11.667498588562012
1.0   13.215537071228027
1.0   10.28011441230774
1.0   1.7632604837417603
1.0   13.181015968322754
1.0   17.215356826782227
1.0   13.215320110321045
1.0   12.23652696609497
1.0   6.251450061798096
1.0   10.587041854858398
1.0   12.08309555053711
1.0   14.293285608291626
1.0   13.259958267211914
1.0   10.047670483589172
1.0   12.942610263824463
1.0   9.620487689971924
1.0   11.795208930969238
1.0   15.192882061004639
1.0   14.91444444656372
1.0   17.518134117126465
1.0   16.906375646591187
1.0   14.818984746932983
1.0   16.610421180725098
1.0   11.745161771774292
1.0   1.3135649263858795
1.0   2.043609380722046
1.0   16.38100290298462
1.0   11.799256801605225
1.0   8.310515403747559
1.0   13.831346035003662
1.0   15.960083961486816
1.0   17.829228162765503
1.0   10.546900391578674
1.0   10.83984923362732
1.0   14.49262261390686
1.0   2.56041157245636
1.0   17.487210273742676
1.0   17.016785621643066
1.0   11.109309434890747
1.0   3.4506163597106934
1.0   13.809751272201538
1.0   19.21604299545288
1.0   11.194977283477783
0.0   -3.2836782336235046
0.0   -3.3305716514587402
0.0   -1.118499517440796
0.0   -2.6735322773456573
0.0   -3.3579337298870087
0.0   -3.3376059383153915
0.0   -3.327564686536789
0.0   -3.3313677608966827
0.0   -0.9943556785583496
0.0   -3.007725179195404
0.0   -2.832244038581848
0.0   -3.254224479198456
0.0   -3.1059853434562683
0.0   -1.3112608194351196
0.0   -3.1763848662376404
0.0   -3.278923511505127
0.0   -3.1776458621025085
0.0   -2.7720358967781067
0.0   -3.335061728954315
0.0   -3.186152756214142
1.0   32.92609691619873
1.0   10.704818844795227
1.0   36.03608560562134
1.0   24.244762659072876
1.0   0.9701617956161499
1.0   -2.538706421852112
1.0   31.303486108779907
1.0   31.866678476333618
1.0   20.770503163337708
1.0   34.46852445602417
1.0   24.16488790512085
1.0   27.31356978416443
1.0   23.696414709091187
1.0   0.06970036029815674
1.0   30.54506826400757
1.0   35.692020893096924
1.0   28.62769341468811
1.0   24.975762367248535
1.0   11.532495260238647
1.0   21.995275020599365
1.0   24.92646336555481
1.0   29.72468638420105
1.0   27.143925189971924
1.0   13.5027397274971
1.0   27.4486882686615
1.0   20.49325203895569
1.0   25.603084087371826
1.0   30.56328010559082
1.0   30.768344163894653
1.0   37.523788928985596
1.0   35.65715169906616
1.0   29.98459243774414
1.0   34.85400915145874
1.0   24.511316299438477
1.0   -2.6142466962337494
1.0   2.019479274749756
1.0   34.39117479324341
1.0   24.106502532958984
1.0   18.0185968875885
1.0   28.149603843688965
1.0   33.39391088485718
1.0   37.07106113433838
1.0   14.070896804332733
1.0   22.726065397262573
1.0   30.036882400512695
1.0   3.589172601699829
1.0   35.04762887954712
1.0   34.81455087661743
1.0   23.029117584228516
1.0   5.0374778509140015
1.0   28.608157873153687
1.0   40.14676761627197
1.0   23.595358848571777
0.0   -5.2058617770671844
0.0   -5.283943980932236
0.0   -2.320453643798828
0.0   -4.572602927684784
0.0   -5.293239951133728
0.0   -5.289958328008652
0.0   -5.236144095659256
0.0   -5.269487351179123
0.0   -2.2687333822250366
0.0   -4.937600493431091
0.0   -4.710417866706848
0.0   -5.204813823103905
0.0   -5.016748160123825
0.0   -2.693050980567932
0.0   -5.0386046171188354
0.0   -5.203219890594482
0.0   -5.13983678817749
0.0   -4.586848109960556
0.0   -5.258885085582733
0.0   -5.144957482814789
1.0   36.2403666973114
1.0   11.234531164169312
1.0   40.00255727767944
1.0   26.8418208360672
1.0   0.2557593584060669
1.0   -4.415029317140579
1.0   34.75910305976868
1.0   35.15443730354309
1.0   22.41737174987793
1.0   38.13037323951721
1.0   26.555854201316833
1.0   30.37683629989624
1.0   25.068018436431885
1.0   -0.7737059593200684
1.0   33.46267747879028
1.0   39.30531597137451
1.0   31.417367935180664
1.0   27.69272470474243
1.0   12.344662427902222
1.0   24.357910990715027
1.0   27.23795998096466
1.0   32.89691472053528
1.0   30.03541874885559
1.0   14.714317440986633
1.0   30.371656894683838
1.0   22.21626591682434
1.0   28.122066974639893
1.0   33.82326674461365
1.0   34.128631353378296
1.0   41.453020095825195
1.0   39.483259201049805
1.0   33.131256341934204
1.0   38.35497760772705
1.0   27.160346031188965
1.0   -4.377190053462982
1.0   1.8257014751434326
1.0   38.09594774246216
1.0   26.76527464389801
1.0   20.06980812549591
1.0   30.915006399154663
1.0   36.60149574279785
1.0   41.11203193664551
1.0   15.404902696609497
1.0   24.94445049762726
1.0   33.061163902282715
1.0   3.5973262786865234
1.0   38.5063591003418
1.0   38.49021291732788
1.0   25.585530519485474
1.0   5.089342832565308
1.0   31.78177547454834
1.0   44.356422424316406
1.0   26.073351740837097
0.0   -6.475925654172897
0.0   -6.582137584686279
0.0   -3.4026873111724854
0.0   -5.9011097848415375
0.0   -6.583058953285217
0.0   -6.5717441737651825
0.0   -6.5143729746341705
0.0   -6.553704142570496
0.0   -3.385656237602234
0.0   -6.2246400117874146
0.0   -5.941479504108429
0.0   -6.490555822849274
0.0   -6.256896793842316
0.0   -3.815329670906067
0.0   -6.28795251250267
0.0   -6.4940855503082275
0.0   -6.418564319610596
0.0   -5.852802991867065
0.0   -6.552635133266449
0.0   -6.439301908016205
1.0   32.54380506277084
1.0   9.085907936096191
1.0   36.08339712023735
1.0   24.082239151000977
1.0   -0.9579476118087769
1.0   -5.7013340294361115
1.0   31.351224541664124
1.0   31.43346631526947
1.0   19.320500373840332
1.0   34.245875895023346
1.0   23.56073570251465
1.0   27.32786452770233
1.0   20.93320655822754
1.0   -1.9341353178024292
1.0   29.432531118392944
1.0   35.285940647125244
1.0   27.80821180343628
1.0   24.841582417488098
1.0   10.386322021484375
1.0   21.63056707382202
1.0   24.103838682174683
1.0   29.539000034332275
1.0   26.959757804870605
1.0   12.836732864379883
1.0   27.072324514389038
1.0   19.179278135299683
1.0   24.905115604400635
1.0   30.593867897987366
1.0   30.767687439918518
1.0   37.184116899967194
1.0   35.52267777919769
1.0   29.829228162765503
1.0   34.41430103778839
1.0   24.163137078285217
1.0   -5.6516061425209045
1.0   0.7330219745635986
1.0   34.33715945482254
1.0   23.94897449016571
1.0   17.669641494750977
1.0   27.553664088249207
1.0   32.79380249977112
1.0   37.25834047794342
1.0   13.517926514148712
1.0   21.993770599365234
1.0   29.529810905456543
1.0   2.4008193016052246
1.0   34.65893894433975
1.0   34.80057692527771
1.0   22.972079753875732
1.0   3.698988437652588
1.0   28.64483678340912
1.0   39.99603655934334
1.0   23.227499842643738
0.0   -7.421853244304657
0.0   -7.552046597003937
0.0   -4.39911961555481
0.0   -6.814356446266174
0.0   -7.557152569293976
0.0   -7.545513987541199
0.0   -7.485516011714935
0.0   -7.534030318260193
0.0   -4.3820483684539795
0.0   -7.166105508804321
0.0   -6.8418052196502686
0.0   -7.457561135292053
0.0   -7.183670818805695
0.0   -4.797472178936005
0.0   -7.230708301067352
0.0   -7.4640573263168335
0.0   -7.3738367557525635
0.0   -6.781714141368866
0.0   -7.53260612487793
0.0   -7.388128995895386
1.0   29.2546648979187
1.0   7.327372074127197
1.0   32.38679218292236
1.0   21.395838499069214
1.0   -2.086597442626953
1.0   -6.62940376996994
1.0   28.019108772277832
1.0   28.10351014137268
1.0   16.972392320632935
1.0   30.685599088668823
1.0   20.94894027709961
1.0   24.171937942504883
1.0   18.3793683052063
1.0   -2.9847729206085205
1.0   26.31937062740326
1.0   31.86865782737732
1.0   24.793901681900024
1.0   21.977463006973267
1.0   8.548582553863525
1.0   18.972059726715088
1.0   21.522597074508667
1.0   26.258556365966797
1.0   23.953341722488403
1.0   11.775451719760895
1.0   24.012102365493774
1.0   16.80126714706421
1.0   22.169988870620728
1.0   27.40538716316223
1.0   27.473220348358154
1.0   33.46320343017578
1.0   31.81942927837372
1.0   26.658183813095093
1.0   30.98241424560547
1.0   21.198052644729614
1.0   -6.583659648895264
1.0   -0.43271875381469727
1.0   30.80660879611969
1.0   21.0727858543396
1.0   15.231003284454346
1.0   24.61037039756775
1.0   29.58378314971924
1.0   33.540574073791504
1.0   12.486098051071167
1.0   19.406652450561523
1.0   26.4531033039093
1.0   1.0859017372131348
1.0   31.170535922050476
1.0   31.379932403564453
1.0   20.420264720916748
1.0   2.2965662479400635
1.0   25.66399335861206
1.0   36.05293846130371
1.0   20.59746026992798
0.0   -6.7826879024505615
0.0   -6.9079669415950775
0.0   -3.982459783554077
0.0   -6.1556514501571655
0.0   -6.906156599521637
0.0   -6.910181164741516
0.0   -6.854352295398712
0.0   -6.885253131389618
0.0   -4.000067174434662
0.0   -6.5543965101242065
0.0   -6.207226395606995
0.0   -6.824180841445923
0.0   -6.552075088024139
0.0   -4.379015326499939
0.0   -6.600536644458771
0.0   -6.815944999456406
0.0   -6.726533651351929
0.0   -6.145356059074402
0.0   -6.895801305770874
0.0   -6.75018697977066
1.0   27.54495596885681
1.0   7.060256481170654
1.0   30.072129368782043
1.0   20.080114781856537
1.0   -1.8514254093170166
1.0   -5.947066068649292
1.0   26.12040287256241
1.0   26.266945958137512
1.0   16.162994265556335
1.0   28.597755193710327
1.0   19.803216695785522
1.0   22.46307212114334
1.0   17.726903915405273
1.0   -2.6366902589797974
1.0   24.897997498512268
1.0   30.037344932556152
1.0   23.274712204933167
1.0   20.49937903881073
1.0   8.026583194732666
1.0   17.71355640888214
1.0   20.437036395072937
1.0   24.42371791601181
1.0   22.395166397094727
1.0   12.599016904830933
1.0   22.356213927268982
1.0   15.903096556663513
1.0   20.930253267288208
1.0   25.671558141708374
1.0   25.535297989845276
1.0   31.282110929489136
1.0   29.640802681446075
1.0   24.94669246673584
1.0   29.269233107566833
1.0   19.654981076717377
1.0   -5.92314213514328
1.0   -0.35640251636505127
1.0   28.828284323215485
1.0   19.587297677993774
1.0   14.156512975692749
1.0   23.159679412841797
1.0   27.99001169204712
1.0   31.263837814331055
1.0   13.273385882377625
1.0   18.28818827867508
1.0   24.855977654457092
1.0   1.0827560424804688
1.0   29.200019121170044
1.0   29.454417884349823
1.0   19.18867713212967
1.0   2.207759141921997
1.0   24.073286652565002
1.0   33.629343032836914
1.0   19.38865351676941
0.0   -5.323122590780258
0.0   -5.332209050655365
0.0   -2.7731311321258545
0.0   -4.6001975536346436
0.0   -5.360300660133362
0.0   -5.4267697930336
0.0   -5.367055296897888
0.0   -5.381500959396362
0.0   -2.833381772041321
0.0   -5.097273111343384
0.0   -4.783004015684128
0.0   -5.356106787919998
0.0   -5.115028023719788
0.0   -2.9961798191070557
0.0   -5.151516795158386
0.0   -5.324086546897888
0.0   -5.2188707292079926
0.0   -4.632300287485123
0.0   -5.439043819904327
0.0   -5.245025545358658
1.0   26.407347202301025
1.0   7.487162947654724
1.0   28.280235767364502
1.0   19.18702006340027
1.0   -1.0079014301300049
1.0   -4.457271575927734
1.0   24.666881322860718
1.0   25.008748292922974
1.0   16.02457618713379
1.0   27.001343250274658
1.0   19.197340488433838
1.0   21.141679286956787
1.0   18.03583788871765
1.0   -1.5871351957321167
1.0   24.214553833007812
1.0   28.754735946655273
1.0   22.447091817855835
1.0   19.444961309432983
1.0   8.11462926864624
1.0   16.901530265808105
1.0   19.934189081192017
1.0   23.082027196884155
1.0   21.304442167282104
1.0   14.913303852081299
1.0   21.185824871063232
1.0   15.61043095588684
1.0   20.286798000335693
1.0   24.41611099243164
1.0   24.108180046081543
1.0   29.731990814208984
1.0   28.01016855239868
1.0   23.641331672668457
1.0   28.28823947906494
1.0   18.627547025680542
1.0   -4.384101569652557
1.0   0.2861361503601074
1.0   27.372366428375244
1.0   18.59789204597473
1.0   13.565451860427856
1.0   22.21222686767578
1.0   27.048502922058105
1.0   29.534234046936035
1.0   15.513197660446167
1.0   17.629897594451904
1.0   23.814552307128906
1.0   1.627955675125122
1.0   27.813418865203857
1.0   28.014931201934814
1.0   18.402108430862427
1.0   2.7568790912628174
1.0   22.8908109664917
1.0   31.797640800476074
1.0   18.647950172424316
0.0   -3.579245686531067
0.0   -3.5370982885360718
0.0   -1.1363359689712524
0.0   -2.9387298226356506
0.0   -3.56468665599823
0.0   -3.637775480747223
0.0   -3.6094462275505066
0.0   -3.5924869775772095
0.0   -1.217292070388794
0.0   -3.3856149911880493
0.0   -3.2135201692581177
0.0   -3.6003137826919556
0.0   -3.4108747243881226
0.0   -1.336824655532837
0.0   -3.4711273908615112
0.0   -3.542126178741455
0.0   -3.4850818514823914
0.0   -2.9596193432807922
0.0   -3.6670668721199036
0.0   -3.5090982913970947
1.0   28.040367126464844
1.0   9.10431432723999
1.0   29.77182674407959
1.0   20.335937023162842
1.0   0.2584112882614136
1.0   -2.82426255941391
1.0   25.98290252685547
1.0   26.541993141174316
1.0   18.066917896270752
1.0   28.550495624542236
1.0   20.861132621765137
1.0   22.137357711791992
1.0   20.776884078979492
1.0   -0.09327936172485352
1.0   26.339343070983887
1.0   30.443856239318848
1.0   24.094621658325195
1.0   20.560446739196777
1.0   9.489238142967224
1.0   18.01536750793457
1.0   21.677448272705078
1.0   24.38387966156006
1.0   22.52150535583496
1.0   17.38594675064087
1.0   22.45303201675415
1.0   17.266468048095703
1.0   21.973937034606934
1.0   25.664899349212646
1.0   25.32377815246582
1.0   31.430070877075195
1.0   29.482779502868652
1.0   24.90081262588501
1.0   30.31630277633667
1.0   19.737468719482422
1.0   -2.740578532218933
1.0   1.6691265106201172
1.0   28.863415718078613
1.0   19.666375160217285
1.0   14.634711742401123
1.0   23.580185890197754
1.0   28.89142894744873
1.0   31.003365516662598
1.0   17.904503345489502
1.0   19.02603816986084
1.0   25.400139808654785
1.0   2.817305088043213
1.0   29.380961418151855
1.0   29.515979766845703
1.0   19.59109401702881
1.0   3.9917445182800293
1.0   24.154316425323486
1.0   33.47644519805908
1.0   20.079720973968506
0.0   -2.9776021242141724
0.0   -2.937324047088623
0.0   -0.7041922807693481
0.0   -2.382794141769409
0.0   -2.9640655517578125
0.0   -3.036678194999695
0.0   -3.0085842609405518
0.0   -2.9878275394439697
0.0   -0.6876323819160461
0.0   -2.8070837259292603
0.0   -2.6415959000587463
0.0   -3.0023059248924255
0.0   -2.8210307359695435
0.0   -0.8181926012039185
0.0   -2.885332942008972
0.0   -2.9358150959014893
0.0   -2.8952855467796326
0.0   -2.396849513053894
0.0   -3.060022294521332
0.0   -2.9171438813209534
1.0   27.87890386581421
1.0   9.340513467788696
1.0   29.430258750915527
1.0   20.140841960906982
1.0   0.6411455869674683
1.0   -2.2882190942764282
1.0   25.694831371307373
1.0   26.29473304748535
1.0   18.38280200958252
1.0   28.30461597442627
1.0   20.960118293762207
1.0   21.6891508102417
1.0   21.31269884109497
1.0   0.34557461738586426
1.0   26.453123092651367
1.0   30.259047508239746
1.0   23.899741172790527
1.0   20.21410322189331
1.0   9.650278568267822
1.0   17.688388347625732
1.0   21.869168758392334
1.0   24.01716947555542
1.0   22.191380500793457
1.0   17.987147331237793
1.0   22.17378282546997
1.0   17.299479484558105
1.0   22.024163246154785
1.0   25.27250862121582
1.0   24.924312591552734
1.0   31.204350471496582
1.0   29.23474645614624
1.0   24.57243061065674
1.0   30.448009490966797
1.0   19.36149024963379
1.0   -2.219307839870453
1.0   2.0190154314041138
1.0   28.562524795532227
1.0   19.324244022369385
1.0   14.390941619873047
1.0   23.30265235900879
1.0   28.79508399963379
1.0   30.660554885864258
1.0   18.418365478515625
1.0   18.89743661880493
1.0   25.219032764434814
1.0   3.0130889415740967
1.0   29.07976722717285
1.0   29.269611835479736
1.0   19.343210220336914
1.0   4.125645637512207
1.0   23.85290765762329
1.0   33.17582845687866
1.0   20.072187423706055
0.0   -2.9890215396881104
0.0   -2.9553126096725464
0.0   -0.819923460483551
0.0   -2.4012598991394043
0.0   -2.9807611107826233
0.0   -3.0518510937690735
0.0   -3.0180411338806152
0.0   -3.0016863346099854
0.0   -0.7609466314315796
0.0   -2.821563720703125
0.0   -2.650068461894989
0.0   -3.0164692401885986
0.0   -2.8318034410476685
0.0   -0.894669771194458
0.0   -2.8968511819839478
0.0   -2.9458577632904053
0.0   -2.9123655557632446
0.0   -2.4174049496650696
0.0   -3.070301353931427
0.0   -2.9302194118499756
1.0   27.08152675628662
1.0   8.96103286743164
1.0   28.497578620910645
1.0   19.411513805389404
1.0   0.4098036289215088
1.0   -2.30896258354187
1.0   24.885554313659668
1.0   25.39563751220703
1.0   17.892627477645874
1.0   27.402649879455566
1.0   20.360978603363037
1.0   20.79274272918701
1.0   20.853854656219482
1.0   0.12033689022064209
1.0   25.750970363616943
1.0   29.42256450653076
1.0   23.05513334274292
1.0   19.40244483947754
1.0   9.219660758972168
1.0   16.879003047943115
1.0   21.341886520385742
1.0   23.157608032226562
1.0   21.356383323669434
1.0   17.640087127685547
1.0   21.311403274536133
1.0   16.640482902526855
1.0   21.345850467681885
1.0   24.424461841583252
1.0   24.048723220825195
1.0   30.3037691116333
1.0   28.377426147460938
1.0   23.745508193969727
1.0   29.722089767456055
1.0   18.496613025665283
1.0   -2.2532538175582886
1.0   1.7219215631484985
1.0   27.658276557922363
1.0   18.549023628234863
1.0   13.733114242553711
1.0   22.465782165527344
1.0   28.01765251159668
1.0   29.730600357055664
1.0   18.008317947387695
1.0   18.154205322265625
1.0   24.38593864440918
1.0   2.7018150091171265
1.0   28.174726963043213
1.0   28.46044111251831
1.0   18.618456840515137
1.0   3.7546277046203613
1.0   23.073323249816895
1.0   32.185747146606445
1.0   19.441682815551758
0.0   -2.983443260192871
0.0   -2.949917793273926
0.0   -0.8243416547775269
0.0   -2.3970247507095337
0.0   -2.9752566814422607
0.0   -3.046359658241272
0.0   -3.0120767951011658
0.0   -2.9961687326431274
0.0   -0.7659119963645935
0.0   -2.8165082931518555
0.0   -2.644836664199829
0.0   -3.010868191719055
0.0   -2.826387405395508
0.0   -0.8991501331329346
0.0   -2.8915082216262817
0.0   -2.939526617527008
0.0   -2.907065749168396
0.0   -2.413704991340637
0.0   -3.064346671104431
0.0   -2.9246145486831665
1.0   27.0674467086792
1.0   8.946817398071289
1.0   28.4752254486084
1.0   19.39668607711792
1.0   0.3928760290145874
1.0   -2.305330812931061
1.0   24.864633560180664
1.0   25.368175506591797
1.0   17.86293911933899
1.0   27.372950553894043
1.0   20.343003749847412
1.0   20.780211448669434
1.0   20.81377410888672
1.0   0.10600125789642334
1.0   25.713552474975586
1.0   29.401960372924805
1.0   23.02217674255371
1.0   19.387430667877197
1.0   9.208426475524902
1.0   16.85537052154541
1.0   21.325626850128174
1.0   23.137247562408447
1.0   21.34038257598877
1.0   17.585431575775146
1.0   21.283377170562744
1.0   16.60392665863037
1.0   21.323943614959717
1.0   24.420879364013672
1.0   24.03172254562378
1.0   30.278708457946777
1.0   28.34581470489502
1.0   23.722314834594727
1.0   29.693635940551758
1.0   18.473119735717773
1.0   -2.2490235567092896
1.0   1.699156403541565
1.0   27.647948265075684
1.0   18.53499460220337
1.0   13.715891361236572
1.0   22.443177223205566
1.0   28.000295162200928
1.0   29.714364051818848
1.0   17.956173419952393
1.0   18.123966217041016
1.0   24.358442306518555
1.0   2.687825322151184
1.0   28.147765159606934
1.0   28.45157814025879
1.0   18.610415935516357
1.0   3.747357964515686
1.0   23.0704345703125
1.0   32.15720272064209
1.0   19.4253511428833
0.0   -2.9694318771362305
0.0   -2.9359101057052612
0.0   -0.8243803977966309
0.0   -2.3855557441711426
0.0   -2.961146652698517
0.0   -3.0321770906448364
0.0   -2.997604489326477
0.0   -2.9820286631584167
0.0   -0.7663711309432983
0.0   -2.803348422050476
0.0   -2.6324695348739624
0.0   -2.996671497821808
0.0   -2.812959372997284
0.0   -0.8989776372909546
0.0   -2.8779792189598083
0.0   -2.9243216514587402
0.0   -2.893167018890381
0.0   -2.4027156829833984
0.0   -3.049664616584778
0.0   -2.910565733909607
1.0   27.12221908569336
1.0   8.961565017700195
1.0   28.52772045135498
1.0   19.44210195541382
1.0   0.38677823543548584
1.0   -2.2948222160339355
1.0   24.91393280029297
1.0   25.409058570861816
1.0   17.86340618133545
1.0   27.40859317779541
1.0   20.373555660247803
1.0   20.845463752746582
1.0   20.786967754364014
1.0   0.10303294658660889
1.0   25.717524528503418
1.0   29.452951431274414
1.0   23.048506259918213
1.0   19.43800973892212
1.0   9.231157541275024
1.0   16.89492416381836
1.0   21.35454225540161
1.0   23.1849946975708
1.0   21.392573356628418
1.0   17.50765323638916
1.0   21.31895685195923
1.0   16.60455560684204
1.0   21.354531288146973
1.0   24.49893569946289
1.0   24.08529043197632
1.0   30.322067737579346
1.0   28.377644538879395
1.0   23.76755142211914
1.0   29.720945358276367
1.0   18.51585292816162
1.0   -2.2378509044647217
1.0   1.6895742416381836
1.0   27.715190887451172
1.0   18.587350845336914
1.0   13.746919393539429
1.0   22.484725952148438
1.0   28.048115730285645
1.0   29.775251388549805
1.0   17.8880033493042
1.0   18.143842220306396
1.0   24.392911434173584
1.0   2.692726254463196
1.0   28.19066047668457
1.0   28.518852710723877
1.0   18.667160034179688
1.0   3.767882227897644
1.0   23.14258575439453
1.0   32.203124046325684
1.0   19.463334560394287
0.0   -2.941611409187317
0.0   -2.908107280731201
0.0   -0.8143754005432129
0.0   -2.361562490463257
0.0   -2.9332317113876343
0.0   -3.003963351249695
0.0   -2.969339609146118
0.0   -2.9539473056793213
0.0   -0.7569175958633423
0.0   -2.7770785093307495
0.0   -2.607665777206421
0.0   -2.968625009059906
0.0   -2.7865256667137146
0.0   -0.8888366222381592
0.0   -2.8511041402816772
0.0   -2.8950772285461426
0.0   -2.8656510710716248
0.0   -2.3793017864227295
0.0   -3.0209784507751465
0.0   -2.883142054080963
1.0   27.209547519683838
1.0   8.992433547973633
1.0   28.612537384033203
1.0   19.524536609649658
1.0   0.3916829824447632
1.0   -2.2722615599632263
1.0   24.999781608581543
1.0   25.481694221496582
1.0   17.87422800064087
1.0   27.469873428344727
1.0   20.430625915527344
1.0   20.961872577667236
1.0   20.748805046081543
1.0   0.11255323886871338
1.0   25.733681678771973
1.0   29.538904190063477
1.0   23.101990222930908
1.0   19.52503728866577
1.0   9.274949789047241
1.0   16.972296714782715
1.0   21.406086444854736
1.0   23.266669750213623
1.0   21.48155117034912
1.0   17.42438554763794
1.0   21.38760757446289
1.0   16.621938228607178
1.0   21.413060665130615
1.0   24.61692237854004
1.0   24.173181533813477
1.0   30.39027738571167
1.0   28.43571949005127
1.0   23.848929405212402
1.0   29.768720626831055
1.0   18.597230434417725
1.0   -2.214586019515991
1.0   1.6921210289001465
1.0   27.81532096862793
1.0   18.681908130645752
1.0   13.818733215332031
1.0   22.560917854309082
1.0   28.123569011688232
1.0   29.866055488586426
1.0   17.818150997161865
1.0   18.188446044921875
1.0   24.4607195854187
1.0   2.7216581106185913
1.0   28.26384735107422
1.0   28.622023582458496
1.0   18.76087188720703
1.0   3.80936336517334
1.0   23.25580358505249
1.0   32.278714179992676
1.0   19.53300905227661
0.0   -2.89935839176178
0.0   -2.86574387550354
0.0   -0.7940711379051208
0.0   -2.324362635612488
0.0   -2.8907384276390076
0.0   -2.961144208908081
0.0   -2.926762819290161
0.0   -2.9112455248832703
0.0   -0.7379801273345947
0.0   -2.7369824647903442
0.0   -2.5696988105773926
0.0   -2.9261480569839478
0.0   -2.7463005781173706
0.0   -0.8684468865394592
0.0   -2.8101630806922913
0.0   -2.8512619137763977
0.0   -2.8237866163253784
0.0   -2.342432975769043
0.0   -2.9776180386543274
0.0   -2.8414841890335083
1.0   27.31985378265381
1.0   9.033316373825073
1.0   28.717991828918457
1.0   19.63514757156372
1.0   0.40764784812927246
1.0   -2.2370342016220093
1.0   25.120211601257324
1.0   25.576894283294678
1.0   17.893959045410156
1.0   27.5469970703125
1.0   20.50578498840332
1.0   21.111366271972656
1.0   20.705578804016113
1.0   0.13471484184265137
1.0   25.780035972595215
1.0   29.646709442138672
1.0   23.17851686477661
1.0   19.639883995056152
1.0   9.334229946136475
1.0   17.07713556289673
1.0   21.47214412689209
1.0   23.373775959014893
1.0   21.597444534301758
1.0   17.332322120666504
1.0   21.48548698425293
1.0   16.653730869293213
1.0   21.481890201568604
1.0   24.763906478881836
1.0   24.285701751708984
1.0   30.47318458557129
1.0   28.510825157165527
1.0   23.95732593536377
1.0   29.828678607940674
1.0   18.706071853637695
1.0   -2.1786729097366333
1.0   1.708032250404358
1.0   27.942840099334717
1.0   18.804990768432617
1.0   13.918118953704834
1.0   22.66220760345459
1.0   28.216861724853516
1.0   29.98164653778076
1.0   17.737518787384033
1.0   18.24898862838745
1.0   24.552212715148926
1.0   2.769516110420227
1.0   28.357272148132324
1.0   28.751152515411377
1.0   18.881038188934326
1.0   3.8681329488754272
1.0   23.397815704345703
1.0   32.37571859359741
1.0   19.622407913208008
0.0   -2.842743158340454
0.0   -2.808878779411316
0.0   -0.7629947662353516
0.0   -2.2740052938461304
0.0   -2.833457350730896
0.0   -2.903804063796997
0.0   -2.869830906391144
0.0   -2.854001522064209
0.0   -0.707714855670929
0.0   -2.6830707788467407
0.0   -2.5186532735824585
0.0   -2.8692225217819214
0.0   -2.692099153995514
0.0   -0.8373298645019531
0.0   -2.7551812529563904
0.0   -2.792893648147583
0.0   -2.7676169872283936
0.0   -2.2922648191452026
0.0   -2.919668197631836
0.0   -2.785677194595337
1.0   27.466317176818848
1.0   9.09413743019104
1.0   28.857584953308105
1.0   19.785041332244873
1.0   0.44875001907348633
1.0   -2.1889665126800537
1.0   25.279263496398926
1.0   25.709052085876465
1.0   17.939565181732178
1.0   27.660245895385742
1.0   20.609800338745117
1.0   21.305574893951416
1.0   20.680705070495605
1.0   0.17168092727661133
1.0   25.861250400543213
1.0   29.796831130981445
1.0   23.29275894165039
1.0   19.796113967895508
1.0   9.416261792182922
1.0   17.219465255737305
1.0   21.56583881378174
1.0   23.523544311523438
1.0   21.755048751831055
1.0   17.234426498413086
1.0   21.619462966918945
1.0   16.712061882019043
1.0   21.58287477493286
1.0   24.953569412231445
1.0   24.445279121398926
1.0   30.594968795776367
1.0   28.621256828308105
1.0   24.10618019104004
1.0   29.92528009414673
1.0   18.85054636001587
1.0   -2.129906415939331
1.0   1.739386796951294
1.0   28.11367702484131
1.0   18.961498260498047
1.0   14.051722049713135
1.0   22.80483055114746
1.0   28.34761905670166
1.0   30.139046669006348
1.0   17.642516136169434
1.0   18.33873748779297
1.0   24.684876441955566
1.0   2.8461354970932007
1.0   28.494251251220703
1.0   28.92059898376465
1.0   19.040322303771973
1.0   3.947322130203247
1.0   23.585113525390625
1.0   32.512428283691406
1.0   19.744173526763916
0.0   -2.769807815551758
0.0   -2.7354382276535034
0.0   -0.7176560759544373
0.0   -2.2083435654640198
0.0   -2.759495735168457
0.0   -2.829935312271118
0.0   -2.796696126461029
0.0   -2.7803165912628174
0.0   -0.6643170118331909
0.0   -2.6133819818496704
0.0   -2.4525104761123657
0.0   -2.7957658767700195
0.0   -2.6220942735671997
0.0   -0.7932637333869934
0.0   -2.6842440366744995
0.0   -2.718076229095459
0.0   -2.695342481136322
0.0   -2.2267109155654907
0.0   -2.8450019359588623
0.0   -2.713851809501648
1.0   27.628771781921387
1.0   9.165820598602295
1.0   29.013147354125977
1.0   19.942195892333984
1.0   0.5258469581604004
1.0   -2.1260255575180054
1.0   25.463664054870605
1.0   25.85305404663086
1.0   17.992265224456787
1.0   27.7878155708313
1.0   20.73077630996704
1.0   21.514476776123047
1.0   20.654239177703857
1.0   0.2227952480316162
1.0   25.951807975769043
1.0   29.961017608642578
1.0   23.420965671539307
1.0   19.97127342224121
1.0   9.524502873420715
1.0   17.382754802703857
1.0   21.669560432434082
1.0   23.696328163146973
1.0   21.93476963043213
1.0   17.141506671905518
1.0   21.768564224243164
1.0   16.782002925872803
1.0   21.701653480529785
1.0   25.16112232208252
1.0   24.61556339263916
1.0   30.735239028930664
1.0   28.765304565429688
1.0   24.274328231811523
1.0   30.036990642547607
1.0   19.013290405273438
1.0   -2.066295087337494
1.0   1.7858717441558838
1.0   28.298307418823242
1.0   19.13880205154419
1.0   14.204444408416748
1.0   22.96453285217285
1.0   28.492557525634766
1.0   30.323235511779785
1.0   17.553514003753662
1.0   18.444215774536133
1.0   24.829559326171875
1.0   2.949181318283081
1.0   28.649343490600586
1.0   29.112765312194824
1.0   19.22529363632202
1.0   4.040785074234009
1.0   23.793127059936523
1.0   32.66207695007324
1.0   19.884385585784912
0.0   -2.679041028022766
0.0   -2.6437675952911377
0.0   -0.6580758094787598
0.0   -2.1259857416152954
0.0   -2.667543053627014
0.0   -2.7381181716918945
0.0   -2.705933392047882
0.0   -2.6886203289031982
0.0   -0.6065698862075806
0.0   -2.526615619659424
0.0   -2.369867205619812
0.0   -2.7043949365615845
0.0   -2.5348480939865112
0.0   -0.734636664390564
0.0   -2.5959287881851196
0.0   -2.6255118250846863
0.0   -2.605490565299988
0.0   -2.144343852996826
0.0   -2.752535879611969
0.0   -2.624613583087921
1.0   27.817630767822266
1.0   9.249024033546448
1.0   29.196967124938965
1.0   20.141868114471436
1.0   0.6276140213012695
1.0   -2.0467487573623657
1.0   25.67540693283081
1.0   26.02033567428589
1.0   18.062596321105957
1.0   27.944150924682617
1.0   20.873326778411865
1.0   21.75428342819214
1.0   20.640705585479736
1.0   0.30480122566223145
1.0   26.064486026763916
1.0   30.14907169342041
1.0   23.5740327835083
1.0   20.17714834213257
1.0   9.652461290359497
1.0   17.572776794433594
1.0   21.796504497528076
1.0   23.89128828048706
1.0   22.13841676712036
1.0   17.054372310638428
1.0   21.942327976226807
1.0   16.875399112701416
1.0   21.84155511856079
1.0   25.39545774459839
1.0   24.80599546432495
1.0   30.9108829498291
1.0   28.935989379882812
1.0   24.46744966506958
1.0   30.176745891571045
1.0   19.200544357299805
1.0   -1.9863854050636292
1.0   1.862494707107544
1.0   28.51583480834961
1.0   19.339574337005615
1.0   14.380329608917236
1.0   23.150809288024902
1.0   28.66090440750122
1.0   30.546372413635254
1.0   17.47442626953125
1.0   18.57985210418701
1.0   25.00453472137451
1.0   3.071392059326172
1.0   28.826743125915527
1.0   29.32627773284912
1.0   19.445501804351807
1.0   4.147919178009033
1.0   24.03061580657959
1.0   32.83875560760498
1.0   20.057084560394287
0.0   -2.5857118368148804
0.0   -2.5495117902755737
0.0   -0.5981585383415222
0.0   -2.041153848171234
0.0   -2.573129892349243
0.0   -2.6437628865242004
0.0   -2.612561345100403
0.0   -2.594388723373413
0.0   -0.5489354729652405
0.0   -2.4372206330299377
0.0   -2.2849708795547485
0.0   -2.610566198825836
0.0   -2.4452489018440247
0.0   -0.6750010251998901
0.0   -2.505171298980713
0.0   -2.530535340309143
0.0   -2.5130778551101685
0.0   -2.0595112442970276
0.0   -2.6576560139656067
0.0   -2.5327271223068237
1.0   28.04873561859131
1.0   9.34964406490326
1.0   29.43137264251709
1.0   20.38976001739502
1.0   0.7486313581466675
1.0   -1.9657557606697083
1.0   25.936241149902344
1.0   26.23002338409424
1.0   18.162353038787842
1.0   28.14797592163086
1.0   21.04049587249756
1.0   22.031076431274414
1.0   20.657615184783936
1.0   0.40306830406188965
1.0   26.22257423400879
1.0   30.38403034210205
1.0   23.76758575439453
1.0   20.41713523864746
1.0   9.793559193611145
1.0   17.807178020477295
1.0   21.954726696014404
1.0   24.12691307067871
1.0   22.380332946777344
1.0   16.96495294570923
1.0   22.15011501312256
1.0   17.000420093536377
1.0   22.015944004058838
1.0   25.67207908630371
1.0   25.043660163879395
1.0   31.145495414733887
1.0   29.170586585998535
1.0   24.70010805130005
1.0   30.38597297668457
1.0   19.421114444732666
1.0   -1.9047160744667053
1.0   1.9547450542449951
1.0   28.782432556152344
1.0   19.569679737091064
1.0   14.587386131286621
1.0   23.37664031982422
1.0   28.874053955078125
1.0   30.81925392150879
1.0   17.393988609313965
1.0   18.748013496398926
1.0   25.217483043670654
1.0   3.2032958269119263
1.0   29.048068046569824
1.0   29.583136558532715
1.0   19.696160793304443
1.0   4.268052101135254
1.0   24.306424140930176
1.0   33.07770347595215
1.0   20.280763149261475
0.0   -2.4912756085395813
0.0   -2.4543299674987793
0.0   -0.5334230661392212
0.0   -1.9541078805923462
0.0   -2.4776588678359985
0.0   -2.5481885075569153
0.0   -2.5178053975105286
0.0   -2.4989938735961914
0.0   -0.4873606562614441
0.0   -2.3462074995040894
0.0   -2.198119044303894
0.0   -2.5157681703567505
0.0   -2.354240894317627
0.0   -0.6103933453559875
0.0   -2.4130016565322876
0.0   -2.434805750846863
0.0   -2.4195547103881836
0.0   -1.9725384712219238
0.0   -2.561934530735016
0.0   -2.4394108057022095
1.0   28.431303024291992
1.0   9.513867855072021
1.0   29.835211753845215
1.0   20.750386238098145
1.0   0.8805948495864868
1.0   -1.8823219537734985
1.0   26.342522621154785
1.0   26.599507331848145
1.0   18.38254690170288
1.0   28.526287078857422
1.0   21.331732749938965
1.0   22.428269863128662
1.0   20.8301043510437
1.0   0.5145822763442993
1.0   26.550175189971924
1.0   30.77962303161621
1.0   24.107923984527588
1.0   20.770376205444336
1.0   9.995272159576416
1.0   18.13940191268921
1.0   22.26160430908203
1.0   24.503032684326172
1.0   22.747498035430908
1.0   16.93922519683838
1.0   22.491618633270264
1.0   17.24068546295166
1.0   22.320465087890625
1.0   26.08685302734375
1.0   25.435241222381592
1.0   31.572182655334473
1.0   29.5789794921875
1.0   25.07065200805664
1.0   30.767083168029785
1.0   19.761070251464844
1.0   -1.820641040802002
1.0   2.065333604812622
1.0   29.203336715698242
1.0   19.91299057006836
1.0   14.890199661254883
1.0   23.730963706970215
1.0   29.249187469482422
1.0   31.265089988708496
1.0   17.377695083618164
1.0   19.032909393310547
1.0   25.575249671936035
1.0   3.358140468597412
1.0   29.429286003112793
1.0   29.998888969421387
1.0   20.045669555664062
1.0   4.417463779449463
1.0   24.706818103790283
1.0   33.52213001251221
1.0   20.617547035217285
0.0   -2.4700661301612854
0.0   -2.433897018432617
0.0   -0.5358569622039795
0.0   -1.9374234676361084
0.0   -2.456761360168457
0.0   -2.5273404121398926
0.0   -2.4966598749160767
0.0   -2.47818386554718
0.0   -0.49498599767684937
0.0   -2.3264729976654053
0.0   -2.1801761984825134
0.0   -2.494810938835144
0.0   -2.3348997235298157
0.0   -0.6157819628715515
0.0   -2.392919898033142
0.0   -2.4134533405303955
0.0   -2.3996353149414062
0.0   -1.9565211534500122
0.0   -2.5406428575515747
0.0   -2.419232130050659
1.0   28.750725269317627
1.0   9.627588272094727
1.0   30.184207916259766
1.0   21.047279357910156
1.0   0.942589282989502
1.0   -1.8684843182563782
1.0   26.68622398376465
1.0   26.91172504425049
1.0   18.553228855133057
1.0   28.862028121948242
1.0   21.56542730331421
1.0   22.757853984832764
1.0   20.97111177444458
1.0   0.5567305088043213
1.0   26.82693862915039
1.0   31.118556022644043
1.0   24.388396739959717
1.0   21.05880832672119
1.0   10.146324157714844
1.0   18.40490484237671
1.0   22.509406566619873
1.0   24.819761276245117
1.0   23.0486421585083
1.0   16.852060794830322
1.0   22.7759952545166
1.0   17.428722381591797
1.0   22.570273399353027
1.0   26.436059951782227
1.0   25.765320301055908
1.0   31.941654205322266
1.0   29.946186065673828
1.0   25.37619686126709
1.0   31.084240913391113
1.0   20.037071228027344
1.0   -1.8068139553070068
1.0   2.110047698020935
1.0   29.560814380645752
1.0   20.194562911987305
1.0   15.123562812805176
1.0   24.021055221557617
1.0   29.564888954162598
1.0   31.646587371826172
1.0   17.300015926361084
1.0   19.259098052978516
1.0   25.873366832733154
1.0   3.4418216347694397
1.0   29.756217002868652
1.0   30.354119300842285
1.0   20.32417631149292
1.0   4.501859903335571
1.0   25.039551258087158
1.0   33.90758800506592
1.0   20.890320777893066
0.0   -2.473398804664612
0.0   -2.437361240386963
0.0   -0.5413904786109924
0.0   -1.9409560561180115
0.0   -2.4601675271987915
0.0   -2.530770242214203
0.0   -2.499953329563141
0.0   -2.4816091060638428
0.0   -0.5009640455245972
0.0   -2.329767107963562
0.0   -2.1835461854934692
0.0   -2.498170256614685
0.0   -2.3382238149642944
0.0   -0.6216095685958862
0.0   -2.3962488770484924
0.0   -2.4168195724487305
0.0   -2.4030652046203613
0.0   -1.9601668119430542
0.0   -2.5440202951431274
0.0   -2.422557234764099
1.0   28.77092742919922
1.0   9.632468700408936
1.0   30.207414627075195
1.0   21.066222190856934
1.0   0.9429581165313721
1.0   -1.8722654581069946
1.0   26.709086418151855
1.0   26.932912349700928
1.0   18.56139898300171
1.0   28.883887767791748
1.0   21.578723907470703
1.0   22.77959442138672
1.0   20.975947856903076
1.0   0.554863452911377
1.0   26.84307050704956
1.0   31.140196800231934
1.0   24.4055814743042
1.0   21.077717781066895
1.0   10.153794169425964
1.0   18.42192506790161
1.0   22.523914337158203
1.0   24.840678691864014
1.0   23.068300247192383
1.0   16.8406400680542
1.0   22.794058322906494
1.0   17.438798904418945
1.0   22.584683418273926
1.0   26.459370613098145
1.0   25.78747844696045
1.0   31.966089248657227
1.0   29.970654487609863
1.0   25.39573860168457
1.0   31.103041648864746
1.0   20.05542516708374
1.0   -1.8106704354286194
1.0   2.1088024377822876
1.0   29.58449411392212
1.0   20.213181018829346
1.0   15.138205289840698
1.0   24.03934669494629
1.0   29.584423065185547
1.0   31.672086715698242
1.0   17.291329383850098
1.0   19.272278308868408
1.0   25.89229679107666
1.0   3.444133937358856
1.0   29.77765464782715
1.0   30.37786865234375
1.0   20.341663360595703
1.0   4.503934860229492
1.0   25.06145477294922
1.0   33.932868003845215
1.0   20.907413959503174
0.0   -2.4814528226852417
0.0   -2.4457532167434692
0.0   -0.551545262336731
0.0   -1.949094295501709
0.0   -2.4684927463531494
0.0   -2.5389931201934814
0.0   -2.5080082416534424
0.0   -2.4899003505706787
0.0   -0.5114790201187134
0.0   -2.3376519680023193
0.0   -2.1914089918136597
0.0   -2.5063191056251526
0.0   -2.346293270587921
0.0   -0.6320871710777283
0.0   -2.4043179750442505
0.0   -2.4250367879867554
0.0   -2.41133713722229
0.0   -1.9685664176940918
0.0   -2.5522247552871704
0.0   -2.4306541681289673
1.0   28.79119634628296
1.0   9.63502025604248
1.0   30.230609893798828
1.0   21.084176540374756
1.0   0.9390729665756226
1.0   -1.880603313446045
1.0   26.731867790222168
1.0   26.953791618347168
1.0   18.568852424621582
1.0   28.906006336212158
1.0   21.591447830200195
1.0   22.799976348876953
1.0   20.98127555847168
1.0   0.5484814643859863
1.0   26.85985565185547
1.0   31.16237449645996
1.0   24.422119617462158
1.0   21.09491777420044
1.0   10.158428430557251
1.0   18.43740749359131
1.0   22.53851842880249
1.0   24.86087417602539
1.0   23.086719512939453
1.0   16.820613384246826
1.0   22.811513900756836
1.0   17.44782018661499
1.0   22.598937511444092
1.0   26.481721878051758
1.0   25.808727741241455
1.0   31.991226196289062
1.0   29.99530601501465
1.0   25.414753437042236
1.0   31.122654914855957
1.0   20.072209358215332
1.0   -1.8191794157028198
1.0   2.10374915599823
1.0   29.608062744140625
1.0   20.230268955230713
1.0   15.15075421333313
1.0   24.056784629821777
1.0   29.604134559631348
1.0   31.697463035583496
1.0   17.273550987243652
1.0   19.284512996673584
1.0   25.910836219787598
1.0   3.4427656531333923
1.0   29.798970222473145
1.0   30.401443481445312
1.0   20.357801914215088
1.0   4.502353668212891
1.0   25.082924842834473
1.0   33.95890235900879
1.0   20.923640251159668
0.0   -2.4912720322608948
0.0   -2.4558504819869995
0.0   -0.5632879734039307
0.0   -1.958875596523285
0.0   -2.4785090684890747
0.0   -2.548991560935974
0.0   -2.5178048610687256
0.0   -2.4998949766159058
0.0   -0.523540198802948
0.0   -2.3472163677215576
0.0   -2.2008729577064514
0.0   -2.5162381529808044
0.0   -2.3560081720352173
0.0   -0.6440861225128174
0.0   -2.4140416383743286
0.0   -2.4350266456604004
0.0   -2.421215295791626
0.0   -1.9784024357795715
0.0   -2.5622458457946777
0.0   -2.440405011177063
1.0   28.801223754882812
1.0   9.633235931396484
1.0   30.243450164794922
1.0   21.09278392791748
1.0   0.9323235750198364
1.0   -1.8906010389328003
1.0   26.744547843933105
1.0   26.964682579040527
1.0   18.569489002227783
1.0   28.918484687805176
1.0   21.5958309173584
1.0   22.811243534088135
1.0   20.980772018432617
1.0   0.5393640995025635
1.0   26.866724967956543
1.0   31.173614501953125
1.0   24.42965269088745
1.0   21.104044914245605
1.0   10.157601594924927
1.0   18.445079803466797
1.0   22.54458236694336
1.0   24.872050762176514
1.0   23.096569538116455
1.0   16.8022141456604
1.0   22.82070779800415
1.0   17.450485229492188
1.0   22.60380220413208
1.0   26.493891716003418
1.0   25.82040500640869
1.0   32.005568504333496
1.0   30.00906991958618
1.0   25.42461633682251
1.0   31.130534172058105
1.0   20.080991744995117
1.0   -1.8293062448501587
1.0   2.0957789421081543
1.0   29.620097637176514
1.0   20.239574432373047
1.0   15.156254291534424
1.0   24.06547784805298
1.0   29.61298179626465
1.0   31.711098670959473
1.0   17.256779670715332
1.0   19.289321422576904
1.0   25.920220851898193
1.0   3.437296688556671
1.0   29.810640335083008
1.0   30.414281845092773
1.0   20.364933013916016
1.0   4.496758818626404
1.0   25.094064712524414
1.0   33.97404193878174
1.0   20.930808067321777
0.0   -2.503625273704529
0.0   -2.4685301780700684
0.0   -0.5771744847297668
0.0   -1.9710006713867188
0.0   -2.4911080598831177
0.0   -2.5615570545196533
0.0   -2.5301066637039185
0.0   -2.5124725103378296
0.0   -0.537781298160553
0.0   -2.359205722808838
0.0   -2.21265709400177
0.0   -2.5286880135536194
0.0   -2.36814022064209
0.0   -0.658315122127533
0.0   -2.426249921321869
0.0   -2.447559118270874
0.0   -2.4336111545562744
0.0   -1.9906651973724365
0.0   -2.5748101472854614
0.0   -2.452659010887146
1.0   28.825778007507324
1.0   9.635946989059448
1.0   30.27248191833496
1.0   21.112760066986084
1.0   0.9249242544174194
1.0   -1.9029024243354797
1.0   26.771652221679688
1.0   26.99006223678589
1.0   18.580235958099365
1.0   28.94649362564087
1.0   21.6119122505188
1.0   22.833896160125732
1.0   20.992931842803955
1.0   0.5289818048477173
1.0   26.889325618743896
1.0   31.201523780822754
1.0   24.45073413848877
1.0   21.123600006103516
1.0   10.161177039146423
1.0   18.462385177612305
1.0   22.562156677246094
1.0   24.896491050720215
1.0   23.117760181427002
1.0   16.779433250427246
1.0   22.842049598693848
1.0   17.46273422241211
1.0   22.621388912200928
1.0   26.519203662872314
1.0   25.846027851104736
1.0   32.037394523620605
1.0   30.03872299194336
1.0   25.44797992706299
1.0   31.15498447418213
1.0   20.10060453414917
1.0   -1.8417896032333374
1.0   2.0877798795700073
1.0   29.647846698760986
1.0   20.25879144668579
1.0   15.16935133934021
1.0   24.086502075195312
1.0   29.638105392456055
1.0   31.742348670959473
1.0   17.235202312469482
1.0   19.304052352905273
1.0   25.942589282989502
1.0   3.4328364729881287
1.0   29.83730459213257
1.0   30.44303607940674
1.0   20.382197856903076
1.0   4.492837190628052
1.0   25.1187686920166
1.0   34.007272720336914
1.0   20.949132919311523
0.0   -2.5178415775299072
0.0   -2.483114004135132
0.0   -0.5927222371101379
0.0   -1.9848911762237549
0.0   -2.5056304931640625
0.0   -2.5760101079940796
0.0   -2.5442752838134766
0.0   -2.526962637901306
0.0   -0.5536258816719055
0.0   -2.3729403018951416
0.0   -2.2261561155319214
0.0   -2.543000817298889
0.0   -2.3821310997009277
0.0   -0.6741589307785034
0.0   -2.440306782722473
0.0   -2.4620041847229004
0.0   -2.447890281677246
0.0   -2.004684805870056
0.0   -2.5892717838287354
0.0   -2.4667364358901978
1.0   28.83901023864746
1.0   9.63315200805664
1.0   30.288613319396973
1.0   21.122380256652832
1.0   0.9146382808685303
1.0   -1.916913628578186
1.0   26.786346435546875
1.0   27.003791332244873
1.0   18.583356857299805
1.0   28.96204423904419
1.0   21.618263721466064
1.0   22.845635414123535
1.0   20.99680185317993
1.0   0.5158867835998535
1.0   26.900832176208496
1.0   31.217188835144043
1.0   24.461068153381348
1.0   21.133545398712158
1.0   10.159339308738708
1.0   18.470192909240723
1.0   22.570364475250244
1.0   24.910232543945312
1.0   23.12888479232788
1.0   16.76025676727295
1.0   22.85327672958374
1.0   17.46767568588257
1.0   22.628623008728027
1.0   26.533225059509277
1.0   25.859757900238037
1.0   32.055477142333984
1.0   30.05585289001465
1.0   25.460227489471436
1.0   31.166739463806152
1.0   20.11047601699829
1.0   -1.8560629487037659
1.0   2.0768187046051025
1.0   29.66293478012085
1.0   20.268776416778564
1.0   15.174135208129883
1.0   24.097261905670166
1.0   29.651619911193848
1.0   31.759560585021973
1.0   17.216238021850586
1.0   19.310067176818848
1.0   25.95441198348999
1.0   3.4245640635490417
1.0   29.85203456878662
1.0   30.45967388153076
1.0   20.38936471939087
1.0   4.484566926956177
1.0   25.131733894348145
1.0   34.02621078491211
1.0   20.957239151000977
0.0   -2.533425211906433
0.0   -2.4989404678344727
0.0   -0.6092143058776855
0.0   -2.0000593662261963
0.0   -2.521484375
0.0   -2.5918508768081665
0.0   -2.559795081615448
0.0   -2.5427762269973755
0.0   -0.5708756446838379
0.0   -2.388030529022217
0.0   -2.2409515380859375
0.0   -2.5586794018745422
0.0   -2.3974298238754272
0.0   -0.6912288665771484
0.0   -2.455674171447754
0.0   -2.4778223037719727
0.0   -2.463480234146118
0.0   -2.0199968814849854
0.0   -2.605123519897461
0.0   -2.4821677207946777
1.0   28.853778839111328
1.0   9.63088583946228
1.0   30.307198524475098
1.0   21.133214950561523
1.0   0.9032740592956543
1.0   -1.9322713613510132
1.0   26.803589820861816
1.0   27.019577980041504
1.0   18.587616443634033
1.0   28.980366706848145
1.0   21.626197814941406
1.0   22.859084606170654
1.0   21.002479076385498
1.0   0.5015223026275635
1.0   26.91372537612915
1.0   31.235316276550293
1.0   24.473414421081543
1.0   21.144988536834717
1.0   10.156654477119446
1.0   18.47926139831543
1.0   22.579870223999023
1.0   24.925320148468018
1.0   23.141819953918457
1.0   16.738877773284912
1.0   22.866299152374268
1.0   17.47411823272705
1.0   22.637558460235596
1.0   26.548802375793457
1.0   25.87533187866211
1.0   32.07657814025879
1.0   30.075059413909912
1.0   25.474595069885254
1.0   31.181209564208984
1.0   20.12179136276245
1.0   -1.8715100288391113
1.0   2.0652061700820923
1.0   29.679843425750732
1.0   20.280019760131836
1.0   15.17938756942749
1.0   24.109771251678467
1.0   29.666645050048828
1.0   31.77859592437744
1.0   17.195364475250244
1.0   19.31752109527588
1.0   25.968432903289795
1.0   3.415657699108124
1.0   29.869186401367188
1.0   30.477893829345703
1.0   20.398175716400146
1.0   4.475428104400635
1.0   25.145843505859375
1.0   34.048651695251465
1.0   20.96676731109619
0.0   -2.5502583384513855
0.0   -2.516101837158203
0.0   -0.6270321607589722
0.0   -2.0164343118667603
0.0   -2.5386698246002197
0.0   -2.6089926958084106
0.0   -2.576597809791565
0.0   -2.559912919998169
0.0   -0.5894836187362671
0.0   -2.4043405652046204
0.0   -2.256958842277527
0.0   -2.575648844242096
0.0   -2.414008378982544
0.0   -0.7097871899604797
0.0   -2.4723092317581177
0.0   -2.4949471950531006
0.0   -2.4803792238235474
0.0   -2.0365875959396362
0.0   -2.622292160987854
0.0   -2.498892307281494
1.0   28.859543800354004
1.0   9.624473571777344
1.0   30.316298007965088
1.0   21.136512279510498
1.0   0.8900227546691895
1.0   -1.9488494992256165
1.0   26.811715602874756
1.0   27.02597665786743
1.0   18.58579969406128
1.0   28.989150524139404
1.0   21.62684202194214
1.0   22.864402770996094
1.0   21.000976085662842
1.0   0.4851936101913452
1.0   26.917800426483154
1.0   31.24371910095215
1.0   24.47738742828369
1.0   21.148882389068604
1.0   10.149439096450806
1.0   18.480958938598633
1.0   22.58201313018799
1.0   24.932430267333984
1.0   23.146758556365967
1.0   16.71096420288086
1.0   22.871249198913574
1.0   17.474287033081055
1.0   22.638208866119385
1.0   26.55578374862671
1.0   25.882357597351074
1.0   32.087462425231934
1.0   30.0845365524292
1.0   25.480557441711426
1.0   31.185051918029785
1.0   20.125751495361328
1.0   -1.8882421851158142
1.0   2.0516602993011475
1.0   29.686915397644043
1.0   20.284269332885742
1.0   15.178511142730713
1.0   24.11411762237549
1.0   29.672212600708008
1.0   31.7876033782959
1.0   17.167946815490723
1.0   19.317923545837402
1.0   25.973585605621338
1.0   3.4041152000427246
1.0   29.877132415771484
1.0   30.486843585968018
1.0   20.399521827697754
1.0   4.463378667831421
1.0   25.15211534500122
1.0   34.059956550598145
1.0   20.96877670288086
0.0   -2.5679930448532104
0.0   -2.534038543701172
0.0   -0.645948588848114
0.0   -2.0336110591888428
0.0   -2.556749939918518
0.0   -2.6270264387130737
0.0   -2.594280183315277
0.0   -2.577945113182068
0.0   -0.6090376377105713
0.0   -2.42150616645813
0.0   -2.27380907535553
0.0   -2.5935006737709045
0.0   -2.4314019083976746
0.0   -0.7292637228965759
0.0   -2.489813268184662
0.0   -2.5129623413085938
0.0   -2.4981420040130615
0.0   -2.053969919681549
0.0   -2.6403263211250305
0.0   -2.5164631605148315
1.0   28.86011838912964
1.0   9.614564180374146
1.0   30.320088386535645
1.0   21.135084629058838
1.0   0.8748948574066162
1.0   -1.9662830829620361
1.0   26.814826011657715
1.0   27.027846813201904
1.0   18.579976558685303
1.0   28.99269390106201
1.0   21.622944831848145
1.0   22.864786624908447
1.0   20.99566125869751
1.0   0.4672672748565674
1.0   26.916962146759033
1.0   31.246176719665527
1.0   24.47605800628662
1.0   21.14805507659912
1.0   10.13912582397461
1.0   18.478490829467773
1.0   22.579251766204834
1.0   24.93485450744629
1.0   23.146756172180176
1.0   16.683494091033936
1.0   22.87109375
1.0   17.470255851745605
1.0   22.634165287017822
1.0   26.557602882385254
1.0   25.884684085845947
1.0   32.09251308441162
1.0   30.088481903076172
1.0   25.481557369232178
1.0   31.18333911895752
1.0   20.1254243850708
1.0   -1.9057901501655579
1.0   2.036417841911316
1.0   29.688597202301025
1.0   20.284465312957764
1.0   15.173975944519043
1.0   24.11354351043701
1.0   29.671792030334473
1.0   31.79065704345703
1.0   17.141074657440186
1.0   19.31405782699585
1.0   25.973754405975342
1.0   3.390648901462555
1.0   29.88013219833374
1.0   30.49038553237915
1.0   20.395902633666992
1.0   4.449177980422974
1.0   25.152844429016113
1.0   34.06548881530762
1.0   20.96595859527588
0.0   -2.5870566964149475
0.0   -2.5532474517822266
0.0   -0.6663579940795898
0.0   -2.0521098971366882
0.0   -2.5759888887405396
0.0   -2.646384835243225
0.0   -2.6132699251174927
0.0   -2.597256898880005
0.0   -0.6299564838409424
0.0   -2.4399887919425964
0.0   -2.291872262954712
0.0   -2.612679958343506
0.0   -2.450022578239441
0.0   -0.7501673698425293
0.0   -2.5086026787757874
0.0   -2.5323015451431274
0.0   -2.517194628715515
0.0   -2.0725536346435547
0.0   -2.6596829891204834
0.0   -2.5353676080703735
1.0   28.8558611869812
1.0   9.602106928825378
1.0   30.318142890930176
1.0   21.129836082458496
1.0   0.8584033250808716
1.0   -1.9850468039512634
1.0   26.813098907470703
1.0   27.024527072906494
1.0   18.57075309753418
1.0   28.99046516418457
1.0   21.614954948425293
1.0   22.861058712005615
1.0   20.986464977264404
1.0   0.4479137659072876
1.0   26.911292552947998
1.0   31.24373435974121
1.0   24.470491886138916
1.0   21.143385410308838
1.0   10.126570343971252
1.0   18.472590446472168
1.0   22.572569847106934
1.0   24.932113647460938
1.0   23.1427321434021
1.0   16.659876823425293
1.0   22.867496490478516
1.0   17.462958812713623
1.0   22.626561164855957
1.0   26.55461025238037
1.0   25.882685661315918
1.0   32.092244148254395
1.0   30.08736801147461
1.0   25.478306770324707
1.0   31.177061080932617
1.0   20.121241092681885
1.0   -1.9246559143066406
1.0   2.019477963447571
1.0   29.685165405273438
1.0   20.280521869659424
1.0   15.165985584259033
1.0   24.108856201171875
1.0   29.66731834411621
1.0   31.788445472717285
1.0   17.117801666259766
1.0   19.306621074676514
1.0   25.969489097595215
1.0   3.3754392862319946
1.0   29.87767505645752
1.0   30.48873281478882
1.0   20.389289379119873
1.0   4.433223128318787
1.0   25.148701190948486
1.0   34.06533718109131
1.0   20.959677696228027
0.0   -2.602721929550171
0.0   -2.5691405534744263
0.0   -0.6827036142349243
0.0   -2.0672003030776978
0.0   -2.5919082164764404
0.0   -2.662327527999878
0.0   -2.6288670897483826
0.0   -2.613280415534973
0.0   -0.647158682346344
0.0   -2.4551026821136475
0.0   -2.3066993951797485
0.0   -2.628481149673462
0.0   -2.46527236700058
0.0   -0.7672455906867981
0.0   -2.5241007804870605
0.0   -2.548296093940735
0.0   -2.5329850912094116
0.0   -2.0878219604492188
0.0   -2.675659656524658
0.0   -2.5509122610092163
1.0   28.872758388519287
1.0   9.59945285320282
1.0   30.33972454071045
1.0   21.14112138748169
1.0   0.8467230796813965
1.0   -2.000314950942993
1.0   26.831684589385986
1.0   27.042616367340088
1.0   18.577509880065918
1.0   29.0105299949646
1.0   21.6252760887146
1.0   22.876014232635498
1.0   20.99698829650879
1.0   0.4331103563308716
1.0   26.92834711074829
1.0   31.26398277282715
1.0   24.48501205444336
1.0   21.15535306930542
1.0   10.123891711235046
1.0   18.481664180755615
1.0   22.583807945251465
1.0   24.949462890625
1.0   23.156500816345215
1.0   16.638978958129883
1.0   22.88259220123291
1.0   17.471177101135254
1.0   22.63695526123047
1.0   26.571468830108643
1.0   25.90060806274414
1.0   32.11637496948242
1.0   30.10914421081543
1.0   25.494205474853516
1.0   31.19354820251465
1.0   20.133721351623535
1.0   -1.940054714679718
1.0   2.0078070163726807
1.0   29.704383850097656
1.0   20.29297637939453
1.0   15.171600103378296
1.0   24.123186111450195
1.0   29.684701919555664
1.0   31.810237884521484
1.0   17.097291946411133
1.0   19.314977645874023
1.0   25.9853458404541
1.0   3.3662458062171936
1.0   29.8978590965271
1.0   30.509654998779297
1.0   20.397950649261475
1.0   4.423962354660034
1.0   25.163377285003662
1.0   34.0907564163208
1.0   20.96997594833374
