0.0   1.52273628115654
0.0   1.5498479008674622
0.0   1.5050769746303558
0.0   1.5228906869888306
0.0   1.5059534311294556
0.0   1.5523154139518738
0.0   1.5173313617706299
0.0   1.4942385852336884
0.0   1.5282753705978394
0.0   1.5147930979728699
0.0   1.4797357618808746
0.0   1.5152724981307983
0.0   1.5175462365150452
0.0   1.51679265499115
0.0   1.543078362941742
0.0   1.521932989358902
0.0   1.495150625705719
0.0   1.5347689092159271
0.0   1.4917814135551453
0.0   1.5209637880325317
0.0   1.5272682309150696
0.0   1.5205745100975037
0.0   1.503756046295166
0.0   1.525519073009491
0.0   1.5048176646232605
0.0   1.5083852708339691
0.0   1.5364024937152863
0.0   1.5356377065181732
0.0   1.5282952189445496
0.0   1.5444508790969849
0.0   1.5285835266113281
0.0   1.5422804951667786
0.0   1.5058703422546387
0.0   1.5258323550224304
0.0   1.5316868424415588
0.0   1.5409968197345734
0.0   1.5164129137992859
0.0   1.5035383999347687
0.0   1.5074546337127686
0.0   1.5032997727394104
1.0   10.65361738204956
1.0   6.547170281410217
1.0   5.761646628379822
1.0   5.4296571016311646
1.0   12.410322189331055
1.0   13.135954141616821
1.0   5.487975120544434
1.0   12.004684448242188
1.0   4.278073251247406
1.0   6.241240739822388
1.0   10.474635124206543
1.0   14.64332103729248
1.0   7.577983021736145
1.0   9.102291107177734
1.0   4.2884745597839355
1.0   6.403572678565979
1.0   7.279620051383972
1.0   3.0123625993728638
1.0   3.608690083026886
1.0   8.561540126800537
1.0   8.970787525177002
1.0   11.651622772216797
1.0   8.242545485496521
1.0   6.753999590873718
1.0   8.73699426651001
1.0   6.111459732055664
1.0   3.3825701475143433
1.0   9.183087408542633
1.0   9.298994302749634
1.0   7.955240964889526
1.0   15.957690238952637
1.0   16.251538515090942
1.0   14.916462421417236
1.0   11.53435730934143
1.0   14.397677421569824
1.0   6.942209243774414
1.0   13.67860460281372
1.0   14.897056102752686
1.0   15.37272572517395
1.0   18.000136137008667
1.0   14.839514255523682
1.0   15.178728580474854
1.0   9.831546425819397
1.0   5.774258494377136
1.0   15.55828046798706
1.0   19.585341453552246
1.0   1.943341076374054
1.0   13.031352400779724
1.0   11.09828770160675
1.0   12.527027010917664
1.0   13.613585472106934
1.0   21.32205557823181
1.0   6.389330446720123
1.0   21.1025550365448
1.0   15.291463613510132
1.0   18.61091423034668
1.0   8.484526753425598
1.0   8.857123792171478
1.0   7.316720247268677
1.0   11.32267677783966
0.0   -1.943213701248169
0.0   -1.9366066455841064
0.0   -1.960321307182312
0.0   -1.9426887035369873
0.0   -1.9492803812026978
0.0   -1.9384716749191284
0.0   -1.9612669944763184
0.0   -1.9476971626281738
0.0   -1.9425163269042969
0.0   -1.9589054584503174
0.0   -1.974469542503357
0.0   -1.9549843668937683
0.0   -1.943035066127777
0.0   -1.9553669691085815
0.0   -1.9326497316360474
0.0   -1.9387996792793274
0.0   -1.9706481099128723
0.0   -1.9552434086799622
0.0   -1.990800142288208
0.0   -1.9462757110595703
0.0   -1.9257721900939941
0.0   -1.954907476902008
0.0   -1.9698445796966553
0.0   -1.952097237110138
0.0   -1.947354257106781
0.0   -1.9714255332946777
0.0   -1.9463821053504944
0.0   -1.9501099586486816
0.0   -1.9355859160423279
0.0   -1.9420276880264282
0.0   -1.9501409530639648
0.0   -1.9380422830581665
0.0   -1.9971922636032104
0.0   -1.9586838483810425
0.0   -1.9417202472686768
0.0   -1.934248447418213
0.0   -1.9825553894042969
0.0   -1.9558382630348206
0.0   -1.9642542600631714
0.0   -1.9620496034622192
1.0   19.373716354370117
1.0   6.46592253446579
1.0   4.941178262233734
1.0   4.410038232803345
1.0   22.51394557952881
1.0   23.99189853668213
1.0   11.006950616836548
1.0   20.37908434867859
1.0   2.6051156520843506
1.0   6.07947301864624
1.0   14.745312452316284
1.0   26.42765188217163
1.0   10.613406002521515
1.0   15.67283034324646
1.0   3.156376838684082
1.0   6.709471106529236
1.0   8.731814920902252
1.0   0.25488996505737305
1.0   0.9184104204177856
1.0   11.783944249153137
1.0   13.265133380889893
1.0   18.310231804847717
1.0   11.05275583267212
1.0   8.121428281068802
1.0   13.325643122196198
1.0   6.63236677646637
1.0   1.1976553201675415
1.0   12.722031593322754
1.0   10.625479191541672
1.0   9.530029058456421
1.0   26.20981240272522
1.0   25.707650423049927
1.0   24.248728275299072
1.0   19.120998978614807
1.0   25.1472487449646
1.0   7.314688682556152
1.0   23.22254467010498
1.0   23.978578805923462
1.0   25.725597143173218
1.0   28.62370538711548
1.0   25.412683486938477
1.0   24.05564045906067
1.0   14.201319694519043
1.0   5.183107376098633
1.0   24.432118892669678
1.0   31.018425226211548
1.0   -1.0594055652618408
1.0   19.760414361953735
1.0   13.823366224765778
1.0   19.07950985431671
1.0   19.798945665359497
1.0   32.95374345779419
1.0   6.080875754356384
1.0   33.78982162475586
1.0   22.304367780685425
1.0   27.2934513092041
1.0   11.579695165157318
1.0   10.783543527126312
1.0   7.705100417137146
1.0   17.529168725013733
0.0   -4.386178970336914
0.0   -4.399950683116913
0.0   -4.408007860183716
0.0   -4.3856117725372314
0.0   -4.38799649477005
0.0   -4.409257888793945
0.0   -4.423349022865295
0.0   -4.38027024269104
0.0   -4.396426200866699
0.0   -4.403235614299774
0.0   -4.412340819835663
0.0   -4.409288585186005
0.0   -4.387522459030151
0.0   -4.405691146850586
0.0   -4.3857815861701965
0.0   -4.380728185176849
0.0   -4.415937781333923
0.0   -4.424069166183472
0.0   -4.451803207397461
0.0   -4.398437321186066
0.0   -4.363207221031189
0.0   -4.409955620765686
0.0   -4.419870853424072
0.0   -4.406324028968811
0.0   -4.383018136024475
0.0   -4.425614833831787
0.0   -4.405896306037903
0.0   -4.4134968519210815
0.0   -4.381367743015289
0.0   -4.404589414596558
0.0   -4.406509518623352
0.0   -4.400369644165039
0.0   -4.469909310340881
0.0   -4.41737288236618
0.0   -4.396565318107605
0.0   -4.384428381919861
0.0   -4.450976252555847
0.0   -4.402878403663635
0.0   -4.407340109348297
0.0   -4.406072497367859
1.0   19.08085584640503
1.0   5.789374113082886
1.0   2.4040398597717285
1.0   3.027099370956421
1.0   22.04327231645584
1.0   23.47887694835663
1.0   10.081952571868896
1.0   20.586109519004822
1.0   0.8817629814147949
1.0   5.370140314102173
1.0   14.91640329360962
1.0   26.35108458995819
1.0   10.330168962478638
1.0   15.518424153327942
1.0   1.9945123195648193
1.0   5.7975547313690186
1.0   8.556388854980469
1.0   -1.5360140800476074
1.0   -0.7685408592224121
1.0   12.40226411819458
1.0   13.724019765853882
1.0   18.900322914123535
1.0   11.497202157974243
1.0   8.03244686126709
1.0   13.523243188858032
1.0   6.21842622756958
1.0   -0.34819722175598145
1.0   13.215388536453247
1.0   10.77181887626648
1.0   9.225404262542725
1.0   26.952224254608154
1.0   26.639081478118896
1.0   24.889679670333862
1.0   19.855735540390015
1.0   26.02000606060028
1.0   6.554558753967285
1.0   23.646835803985596
1.0   24.47447383403778
1.0   26.447406768798828
1.0   29.731361985206604
1.0   26.14346492290497
1.0   24.48955011367798
1.0   14.066677331924438
1.0   4.054199457168579
1.0   24.664188385009766
1.0   32.22434586286545
1.0   -3.2427393198013306
1.0   20.107667088508606
1.0   13.906800031661987
1.0   19.665756940841675
1.0   19.877165913581848
1.0   33.938780784606934
1.0   4.821199417114258
1.0   34.96010744571686
1.0   23.01045310497284
1.0   28.10939872264862
1.0   11.477611064910889
1.0   10.287643909454346
1.0   6.994884252548218
1.0   17.538647890090942
0.0   -4.931210815906525
0.0   -4.954131782054901
0.0   -4.956205785274506
0.0   -4.934955596923828
0.0   -4.940416216850281
0.0   -4.966930508613586
0.0   -4.978257715702057
0.0   -4.9375656843185425
0.0   -4.952357113361359
0.0   -4.949855089187622
0.0   -4.95841908454895
0.0   -4.963257431983948
0.0   -4.9465614557266235
0.0   -4.956455588340759
0.0   -4.939923048019409
0.0   -4.92646598815918
0.0   -4.963908672332764
0.0   -4.976254463195801
0.0   -5.003663599491119
0.0   -4.953998923301697
0.0   -4.906468629837036
0.0   -4.961115598678589
0.0   -4.965541243553162
0.0   -4.963942170143127
0.0   -4.9291872382164
0.0   -4.973343372344971
0.0   -4.9625585079193115
0.0   -4.965514719486237
0.0   -4.9312610030174255
0.0   -4.957304000854492
0.0   -4.958848834037781
0.0   -4.954635262489319
0.0   -5.016254246234894
0.0   -4.969553351402283
0.0   -4.952155709266663
0.0   -4.928277969360352
0.0   -4.993634462356567
0.0   -4.961827278137207
0.0   -4.958300232887268
0.0   -4.957044959068298
1.0   22.717758893966675
1.0   7.6632654666900635
1.0   3.9109573364257812
1.0   4.232083320617676
1.0   25.175009667873383
1.0   26.465945959091187
1.0   12.035661339759827
1.0   24.01133704185486
1.0   1.7521023750305176
1.0   7.096782445907593
1.0   18.213035821914673
1.0   30.726683139801025
1.0   13.124072313308716
1.0   17.98219907283783
1.0   2.840968132019043
1.0   7.556109428405762
1.0   10.63845682144165
1.0   -1.2398602962493896
1.0   -0.2684817314147949
1.0   15.493231058120728
1.0   16.714235067367554
1.0   22.54774820804596
1.0   14.368135929107666
1.0   10.506052255630493
1.0   16.302194118499756
1.0   7.958079099655151
1.0   0.1401824951171875
1.0   15.953319787979126
1.0   13.399598121643066
1.0   11.128841161727905
1.0   31.0237934589386
1.0   30.627906799316406
1.0   28.52193784713745
1.0   23.27446413040161
1.0   30.14249551296234
1.0   7.573081970214844
1.0   27.780361652374268
1.0   28.28359806537628
1.0   30.827122807502747
1.0   33.89365017414093
1.0   30.532567024230957
1.0   28.20521879196167
1.0   16.43706750869751
1.0   5.498400449752808
1.0   28.07139563560486
1.0   36.564522206783295
1.0   -3.6556661128997803
1.0   23.14789044857025
1.0   15.726250171661377
1.0   22.708287000656128
1.0   22.310598254203796
1.0   38.311018884181976
1.0   5.336427688598633
1.0   39.75747376680374
1.0   26.339988231658936
1.0   31.871480464935303
1.0   13.447426080703735
1.0   11.59734296798706
1.0   7.964641094207764
1.0   20.066051959991455
0.0   -4.86709988117218
0.0   -4.898462295532227
0.0   -4.88995885848999
0.0   -4.871782302856445
0.0   -4.878044247627258
0.0   -4.906117677688599
0.0   -4.918611764907837
0.0   -4.87833571434021
0.0   -4.897238850593567
0.0   -4.882346510887146
0.0   -4.8999834060668945
0.0   -4.90190851688385
0.0   -4.8891085386276245
0.0   -4.8976991176605225
0.0   -4.880191206932068
0.0   -4.860812425613403
0.0   -4.89867901802063
0.0   -4.912920951843262
0.0   -4.940808534622192
0.0   -4.893121004104614
0.0   -4.840161442756653
0.0   -4.897938251495361
0.0   -4.903050065040588
0.0   -4.903782367706299
0.0   -4.864149570465088
0.0   -4.907600045204163
0.0   -4.908095359802246
0.0   -4.901276588439941
0.0   -4.8665348291397095
0.0   -4.895211458206177
0.0   -4.899302959442139
0.0   -4.889201641082764
0.0   -4.955375254154205
0.0   -4.90762186050415
0.0   -4.89107084274292
0.0   -4.8620147705078125
0.0   -4.928406476974487
0.0   -4.90312647819519
0.0   -4.899523138999939
0.0   -4.899215459823608
1.0   29.00195598602295
1.0   10.477082014083862
1.0   6.83400821685791
1.0   6.491016149520874
1.0   31.13872742652893
1.0   32.39036750793457
1.0   15.899344444274902
1.0   29.83612036705017
1.0   3.4702837467193604
1.0   9.755086898803711
1.0   23.325328946113586
1.0   38.389965534210205
1.0   17.405418515205383
1.0   22.285476088523865
1.0   4.456658363342285
1.0   10.405752182006836
1.0   13.681631445884705
1.0   -0.24596810340881348
1.0   1.0043928623199463
1.0   19.735100984573364
1.0   21.077512979507446
1.0   28.123019218444824
1.0   18.202864706516266
1.0   13.921116828918457
1.0   20.57928717136383
1.0   10.6279296875
1.0   1.3272638320922852
1.0   19.915563762187958
1.0   16.98044604063034
1.0   14.128704071044922
1.0   37.476234436035156
1.0   36.6728949546814
1.0   34.3578006029129
1.0   28.436432480812073
1.0   36.83548426628113
1.0   9.416532039642334
1.0   34.48385989665985
1.0   34.61800146102905
1.0   37.98400926589966
1.0   40.422086238861084
1.0   37.70720958709717
1.0   34.19272792339325
1.0   20.308106660842896
1.0   7.8674280643463135
1.0   33.752525806427
1.0   43.30824661254883
1.0   -3.4637365341186523
1.0   27.92447304725647
1.0   18.442159056663513
1.0   27.32316243648529
1.0   26.30305051803589
1.0   45.15319061279297
1.0   6.6134045124053955
1.0   47.54442048072815
1.0   31.295900344848633
1.0   37.74046516418457
1.0   16.482239603996277
1.0   13.813106775283813
1.0   9.628700971603394
1.0   24.400169253349304
0.0   -5.053057670593262
0.0   -5.088016629219055
0.0   -5.076388597488403
0.0   -5.059770941734314
0.0   -5.063915371894836
0.0   -5.094841241836548
0.0   -5.1064324378967285
0.0   -5.062056303024292
0.0   -5.083617687225342
0.0   -5.0661962032318115
0.0   -5.0869996547698975
0.0   -5.085698366165161
0.0   -5.0758010149002075
0.0   -5.083537578582764
0.0   -5.0690391063690186
0.0   -5.039613723754883
0.0   -5.081896066665649
0.0   -5.098175644874573
0.0   -5.1279520988464355
0.0   -5.080687642097473
0.0   -5.022800087928772
0.0   -5.084272980690002
0.0   -5.091161847114563
0.0   -5.090833425521851
0.0   -5.051238059997559
0.0   -5.092359781265259
0.0   -5.098525404930115
0.0   -5.08842933177948
0.0   -5.051527261734009
0.0   -5.083476781845093
0.0   -5.086859464645386
0.0   -5.07835841178894
0.0   -5.143919587135315
0.0   -5.095852255821228
0.0   -5.080368995666504
0.0   -5.046071648597717
0.0   -5.1179845333099365
0.0   -5.089147567749023
0.0   -5.0866312980651855
0.0   -5.086881518363953
1.0   33.97515535354614
1.0   12.866112232208252
1.0   9.297143459320068
1.0   8.415211200714111
1.0   35.82107734680176
1.0   37.06683349609375
1.0   19.073951721191406
1.0   34.34200859069824
1.0   5.019420146942139
1.0   12.070408701896667
1.0   27.451119661331177
1.0   44.41877365112305
1.0   20.92962646484375
1.0   25.78474497795105
1.0   5.799255847930908
1.0   12.839028596878052
1.0   16.208902180194855
1.0   0.5261452198028564
1.0   2.0492115020751953
1.0   23.217933297157288
1.0   24.631479620933533
1.0   32.61185026168823
1.0   21.29766809940338
1.0   16.761269748210907
1.0   24.02947199344635
1.0   12.856622099876404
1.0   2.2776448726654053
1.0   23.137351393699646
1.0   19.878823816776276
1.0   16.656868636608124
1.0   42.529137134552
1.0   41.341548681259155
1.0   38.975929737091064
1.0   32.52454113960266
1.0   42.06585121154785
1.0   11.080894708633423
1.0   39.74596309661865
1.0   39.66782188415527
1.0   43.60015392303467
1.0   45.45712900161743
1.0   43.35885524749756
1.0   38.82247877120972
1.0   23.47682523727417
1.0   9.929728269577026
1.0   38.189329385757446
1.0   48.55368232727051
1.0   -3.4192458391189575
1.0   31.540445566177368
1.0   20.66127896308899
1.0   30.881950855255127
1.0   29.490400791168213
1.0   50.37692737579346
1.0   7.543182373046875
1.0   53.656686305999756
1.0   35.08172416687012
1.0   42.217368841171265
1.0   19.034857392311096
1.0   15.647706747055054
1.0   11.01309585571289
1.0   27.798773050308228
0.0   -4.438085079193115
0.0   -4.477115988731384
0.0   -4.466475248336792
0.0   -4.444320321083069
0.0   -4.4505943059921265
0.0   -4.486006140708923
0.0   -4.493064045906067
0.0   -4.447001695632935
0.0   -4.467306613922119
0.0   -4.446899890899658
0.0   -4.4776365756988525
0.0   -4.471438527107239
0.0   -4.464895248413086
0.0   -4.465230226516724
0.0   -4.454588770866394
0.0   -4.418539047241211
0.0   -4.465399861335754
0.0   -4.484050989151001
0.0   -4.511119723320007
0.0   -4.4709765911102295
0.0   -4.408254504203796
0.0   -4.468395829200745
0.0   -4.478046894073486
0.0   -4.476268291473389
0.0   -4.439941763877869
0.0   -4.478150248527527
0.0   -4.483725309371948
0.0   -4.4744850397109985
0.0   -4.435566186904907
0.0   -4.46820068359375
0.0   -4.471612334251404
0.0   -4.468209981918335
0.0   -4.5274578332901
0.0   -4.483336567878723
0.0   -4.471731543540955
0.0   -4.4330971240997314
0.0   -4.50348162651062
0.0   -4.475964069366455
0.0   -4.4721232652664185
0.0   -4.477862596511841
1.0   37.696542263031006
1.0   15.234067380428314
1.0   11.580051064491272
1.0   10.537976801395416
1.0   39.14689302444458
1.0   40.222426414489746
1.0   21.391371726989746
1.0   37.71447563171387
1.0   6.846893668174744
1.0   14.411544859409332
1.0   30.733269691467285
1.0   48.624505043029785
1.0   23.960068225860596
1.0   28.474111557006836
1.0   7.582146167755127
1.0   15.187835395336151
1.0   18.72586816549301
1.0   1.9464402198791504
1.0   3.607948064804077
1.0   26.267508506774902
1.0   27.6786150932312
1.0   36.164053440093994
1.0   24.056498765945435
1.0   19.45026445388794
1.0   26.94858741760254
1.0   15.192500114440918
1.0   3.786597490310669
1.0   25.910085916519165
1.0   22.542978286743164
1.0   19.14466255903244
1.0   46.345842361450195
1.0   44.9595890045166
1.0   42.4040265083313
1.0   35.930419921875
1.0   45.87501811981201
1.0   13.132068037986755
1.0   43.629578590393066
1.0   43.29926586151123
1.0   47.65355443954468
1.0   49.22405433654785
1.0   47.414456844329834
1.0   42.30884647369385
1.0   26.221423387527466
1.0   12.192270398139954
1.0   41.298499584198
1.0   52.073665618896484
1.0   -2.633527636528015
1.0   34.236610412597656
1.0   22.780691742897034
1.0   33.60367774963379
1.0   31.95372724533081
1.0   53.93109846115112
1.0   8.79325795173645
1.0   57.72694110870361
1.0   37.90209126472473
1.0   45.43107032775879
1.0   21.5121808052063
1.0   17.502479195594788
1.0   12.686980962753296
1.0   30.423026084899902
0.0   -4.123616099357605
0.0   -4.156682968139648
0.0   -4.150191783905029
0.0   -4.12822961807251
0.0   -4.131889581680298
0.0   -4.16715681552887
0.0   -4.174433708190918
0.0   -4.131449460983276
0.0   -4.149913430213928
0.0   -4.128457546234131
0.0   -4.1596091985702515
0.0   -4.150899887084961
0.0   -4.1484599113464355
0.0   -4.144421100616455
0.0   -4.135833382606506
0.0   -4.099334001541138
0.0   -4.143305540084839
0.0   -4.165523052215576
0.0   -4.191468238830566
0.0   -4.153900861740112
0.0   -4.0887051820755005
0.0   -4.149339914321899
0.0   -4.1592724323272705
0.0   -4.156895637512207
0.0   -4.123844146728516
0.0   -4.15845787525177
0.0   -4.165669918060303
0.0   -4.154309034347534
0.0   -4.116647124290466
0.0   -4.147334575653076
0.0   -4.152329683303833
0.0   -4.146223187446594
0.0   -4.203940272331238
0.0   -4.1638487577438354
0.0   -4.155021071434021
0.0   -4.113668441772461
0.0   -4.181182861328125
0.0   -4.160597443580627
0.0   -4.153689861297607
0.0   -4.160813212394714
1.0   41.32273769378662
1.0   17.06375741958618
1.0   13.415282011032104
1.0   12.220521032810211
1.0   42.51178741455078
1.0   43.46365737915039
1.0   23.568115711212158
1.0   40.97788906097412
1.0   8.20657593011856
1.0   16.202428817749023
1.0   33.660515785217285
1.0   52.85441875457764
1.0   26.44515371322632
1.0   31.050015449523926
1.0   8.871449708938599
1.0   17.039244413375854
1.0   20.652034401893616
1.0   2.9329111576080322
1.0   4.717969655990601
1.0   28.788264751434326
1.0   30.289981365203857
1.0   39.436787128448486
1.0   26.3717303276062
1.0   21.541643619537354
1.0   29.427640914916992
1.0   16.987093806266785
1.0   4.866122245788574
1.0   28.284811973571777
1.0   24.65734624862671
1.0   21.160630464553833
1.0   50.06542348861694
1.0   48.44226884841919
1.0   45.778995513916016
1.0   39.06234550476074
1.0   49.75349426269531
1.0   14.677683472633362
1.0   47.417755126953125
1.0   46.83745050430298
1.0   51.59804153442383
1.0   52.95392370223999
1.0   51.38895606994629
1.0   45.70782947540283
1.0   28.659385919570923
1.0   14.042111098766327
1.0   44.43744134902954
1.0   55.685057640075684
1.0   -2.1702404022216797
1.0   36.795000076293945
1.0   24.563063740730286
1.0   36.15960359573364
1.0   34.28733158111572
1.0   57.522756576538086
1.0   9.73018741607666
1.0   61.898677825927734
1.0   40.643678188323975
1.0   48.55745029449463
1.0   23.562659978866577
1.0   19.05150282382965
1.0   13.93359112739563
1.0   32.947136878967285
0.0   -3.505798101425171
0.0   -3.5353379249572754
0.0   -3.534595251083374
0.0   -3.5125985145568848
0.0   -3.513225555419922
0.0   -3.5447998046875
0.0   -3.5553383827209473
0.0   -3.516193985939026
0.0   -3.5295944213867188
0.0   -3.505519151687622
0.0   -3.541278600692749
0.0   -3.530273675918579
0.0   -3.5340501070022583
0.0   -3.5195969343185425
0.0   -3.5176479816436768
0.0   -3.475740671157837
0.0   -3.517003655433655
0.0   -3.5434701442718506
0.0   -3.5687549114227295
0.0   -3.5376123189926147
0.0   -3.470759391784668
0.0   -3.5283790826797485
0.0   -3.5377895832061768
0.0   -3.534793972969055
0.0   -3.5069711208343506
0.0   -3.537252902984619
0.0   -3.5438183546066284
0.0   -3.5324360132217407
0.0   -3.496806025505066
0.0   -3.5233302116394043
0.0   -3.5286026000976562
0.0   -3.5208449363708496
0.0   -3.5776360034942627
0.0   -3.5407142639160156
0.0   -3.535677194595337
0.0   -3.4915841817855835
0.0   -3.5535303354263306
0.0   -3.543660283088684
0.0   -3.531741499900818
0.0   -3.5430469512939453
1.0   46.194759368896484
1.0   19.48811435699463
1.0   15.85560417175293
1.0   14.390572786331177
1.0   47.14718437194824
1.0   48.13393783569336
1.0   26.7139310836792
1.0   45.44827938079834
1.0   9.992900550365448
1.0   18.461249589920044
1.0   37.54328632354736
1.0   58.54426288604736
1.0   29.797821521759033
1.0   34.49549579620361
1.0   10.568772792816162
1.0   19.435641288757324
1.0   23.153870344161987
1.0   4.272622346878052
1.0   6.186866998672485
1.0   32.148451805114746
1.0   33.755492210388184
1.0   43.62308120727539
1.0   29.415544986724854
1.0   24.311179637908936
1.0   32.78478527069092
1.0   19.28788948059082
1.0   6.296651840209961
1.0   31.506662368774414
1.0   27.464499473571777
1.0   23.8357195854187
1.0   55.025877952575684
1.0   53.0920991897583
1.0   50.262542724609375
1.0   43.17486619949341
1.0   54.887245178222656
1.0   16.672004640102386
1.0   52.42845153808594
1.0   51.549856185913086
1.0   56.83526611328125
1.0   57.92613697052002
1.0   56.6926794052124
1.0   50.29139995574951
1.0   31.93796443939209
1.0   16.37912893295288
1.0   48.92822551727295
1.0   60.869154930114746
1.0   -1.3805363178253174
1.0   40.532185554504395
1.0   27.095600605010986
1.0   39.80222272872925
1.0   37.637478828430176
1.0   62.722652435302734
1.0   11.192738652229309
1.0   67.89375686645508
1.0   44.54769992828369
1.0   53.081543922424316
1.0   26.37631368637085
1.0   21.291793823242188
1.0   15.76057505607605
1.0   36.57166862487793
0.0   -3.291508674621582
0.0   -3.316921591758728
0.0   -3.3179184198379517
0.0   -3.2985568046569824
0.0   -3.2987877130508423
0.0   -3.323043465614319
0.0   -3.3359193801879883
0.0   -3.3034693002700806
0.0   -3.3119109869003296
0.0   -3.289148688316345
0.0   -3.3237080574035645
0.0   -3.310580015182495
0.0   -3.3186782598495483
0.0   -3.297614336013794
0.0   -3.299502968788147
0.0   -3.2576488256454468
0.0   -3.298089623451233
0.0   -3.32314133644104
0.0   -3.3479450941085815
0.0   -3.3205649852752686
0.0   -3.2558023929595947
0.0   -3.3082361221313477
0.0   -3.3187347650527954
0.0   -3.3192741870880127
0.0   -3.295777678489685
0.0   -3.317280888557434
0.0   -3.3261427879333496
0.0   -3.311254143714905
0.0   -3.2796226739883423
0.0   -3.301806330680847
0.0   -3.3082326650619507
0.0   -3.2986104488372803
0.0   -3.3506780862808228
0.0   -3.3191657066345215
0.0   -3.317228674888611
0.0   -3.2736823558807373
0.0   -3.3284584283828735
0.0   -3.330061674118042
0.0   -3.3150962591171265
0.0   -3.323836326599121
1.0   48.49940490722656
1.0   20.645704746246338
1.0   16.968522548675537
1.0   15.45978856086731
1.0   49.261518478393555
1.0   50.20415019989014
1.0   28.088353157043457
1.0   47.589627265930176
1.0   10.892281472682953
1.0   19.59788227081299
1.0   39.43468952178955
1.0   61.20544147491455
1.0   31.397074222564697
1.0   36.09431171417236
1.0   11.450111985206604
1.0   20.65211057662964
1.0   24.42939281463623
1.0   4.954587697982788
1.0   6.90907621383667
1.0   33.809929847717285
1.0   35.47811508178711
1.0   45.744582176208496
1.0   30.927590370178223
1.0   25.742756843566895
1.0   34.40080451965332
1.0   20.43923568725586
1.0   7.019272208213806
1.0   33.08206224441528
1.0   28.813438415527344
1.0   25.161502838134766
1.0   57.42782020568848
1.0   55.36548614501953
1.0   52.48530387878418
1.0   45.227620124816895
1.0   57.40505790710449
1.0   17.701783418655396
1.0   54.864508628845215
1.0   53.8416862487793
1.0   59.38691997528076
1.0   60.385220527648926
1.0   59.30535697937012
1.0   52.54363822937012
1.0   33.496389389038086
1.0   17.562302350997925
1.0   51.01848316192627
1.0   63.31603527069092
1.0   -1.0333518981933594
1.0   42.265076637268066
1.0   28.316330909729004
1.0   41.47972583770752
1.0   39.198559284210205
1.0   65.17941093444824
1.0   11.816356182098389
1.0   70.72890567779541
1.0   46.40365791320801
1.0   55.20122528076172
1.0   27.750887870788574
1.0   22.364750146865845
1.0   16.63352334499359
1.0   38.267255783081055
0.0   -3.3011432886123657
0.0   -3.327024459838867
0.0   -3.328074097633362
0.0   -3.308530569076538
0.0   -3.30877947807312
0.0   -3.3331751823425293
0.0   -3.346013069152832
0.0   -3.3132667541503906
0.0   -3.321531057357788
0.0   -3.298914074897766
0.0   -3.3333500623703003
0.0   -3.3205310106277466
0.0   -3.328899621963501
0.0   -3.3070929050445557
0.0   -3.309344530105591
0.0   -3.267262101173401
0.0   -3.3078845739364624
0.0   -3.333002805709839
0.0   -3.357618570327759
0.0   -3.3308788537979126
0.0   -3.2655391693115234
0.0   -3.3182061910629272
0.0   -3.32848858833313
0.0   -3.3291369676589966
0.0   -3.305967330932617
0.0   -3.3273433446884155
0.0   -3.335994839668274
0.0   -3.321333408355713
0.0   -3.289496660232544
0.0   -3.311655640602112
0.0   -3.31780469417572
0.0   -3.3086726665496826
0.0   -3.3605278730392456
0.0   -3.32918119430542
0.0   -3.32754909992218
0.0   -3.283419370651245
0.0   -3.3385785818099976
0.0   -3.3398120403289795
0.0   -3.324853777885437
0.0   -3.334101676940918
1.0   48.546234130859375
1.0   20.66919445991516
1.0   16.98379421234131
1.0   15.48616886138916
1.0   49.29270362854004
1.0   50.22967052459717
1.0   28.098443031311035
1.0   47.63956260681152
1.0   10.915948867797852
1.0   19.627259254455566
1.0   39.47701644897461
1.0   61.252193450927734
1.0   31.431514739990234
1.0   36.12220001220703
1.0   11.476237416267395
1.0   20.68870258331299
1.0   24.46418285369873
1.0   4.972506046295166
1.0   6.926798224449158
1.0   33.8533992767334
1.0   35.524696350097656
1.0   45.803396224975586
1.0   30.967467784881592
1.0   25.78700351715088
1.0   34.438018798828125
1.0   20.470442056655884
1.0   7.035433530807495
1.0   33.12070608139038
1.0   28.843456268310547
1.0   25.1946702003479
1.0   57.48718070983887
1.0   55.42486000061035
1.0   52.54337978363037
1.0   45.28258419036865
1.0   57.46705436706543
1.0   17.732479453086853
1.0   54.92282962799072
1.0   53.89586925506592
1.0   59.44881725311279
1.0   60.45005702972412
1.0   59.37572002410889
1.0   52.59926509857178
1.0   33.52927494049072
1.0   17.595805883407593
1.0   51.05647659301758
1.0   63.36661243438721
1.0   -1.035294532775879
1.0   42.29201126098633
1.0   28.34140706062317
1.0   41.50880241394043
1.0   39.22612714767456
1.0   65.22631931304932
1.0   11.818313598632812
1.0   70.78849792480469
1.0   46.44388961791992
1.0   55.24337196350098
1.0   27.783426761627197
1.0   22.38652229309082
1.0   16.649921536445618
1.0   38.301270961761475
0.0   -3.3393348455429077
0.0   -3.3659929037094116
0.0   -3.3663244247436523
0.0   -3.347244620323181
0.0   -3.3473039865493774
0.0   -3.372381567955017
0.0   -3.385087251663208
0.0   -3.3512130975723267
0.0   -3.3599802255630493
0.0   -3.3375492095947266
0.0   -3.3712270259857178
0.0   -3.3591268062591553
0.0   -3.3678475618362427
0.0   -3.3454132080078125
0.0   -3.348134994506836
0.0   -3.304970145225525
0.0   -3.3460023403167725
0.0   -3.3719286918640137
0.0   -3.3959028720855713
0.0   -3.3700268268585205
0.0   -3.303841233253479
0.0   -3.357126474380493
0.0   -3.3667150735855103
0.0   -3.3675650358200073
0.0   -3.344393730163574
0.0   -3.3662803173065186
0.0   -3.374747395515442
0.0   -3.3603708744049072
0.0   -3.3279157876968384
0.0   -3.350448250770569
0.0   -3.3565300703048706
0.0   -3.3474881649017334
0.0   -3.399487614631653
0.0   -3.3682647943496704
0.0   -3.366771936416626
0.0   -3.3223236799240112
0.0   -3.3778659105300903
0.0   -3.3780192732810974
0.0   -3.363088011741638
0.0   -3.3727587461471558
1.0   48.45508289337158
1.0   20.62130045890808
1.0   16.924319744110107
1.0   15.446367502212524
1.0   49.18607044219971
1.0   50.11536407470703
1.0   28.01127529144287
1.0   47.56485557556152
1.0   10.888376414775848
1.0   19.590511322021484
1.0   39.4087495803833
1.0   61.13217544555664
1.0   31.36887502670288
1.0   36.05037307739258
1.0   11.452404618263245
1.0   20.65714740753174
1.0   24.42772078514099
1.0   4.946521520614624
1.0   6.898920774459839
1.0   33.803775787353516
1.0   35.474689960479736
1.0   45.74618625640869
1.0   30.921944618225098
1.0   25.755925178527832
1.0   34.380860328674316
1.0   20.43615984916687
1.0   7.007048010826111
1.0   33.06942081451416
1.0   28.79271697998047
1.0   25.15192699432373
1.0   57.41090774536133
1.0   55.35703086853027
1.0   52.47656440734863
1.0   45.22508144378662
1.0   57.38801288604736
1.0   17.705616354942322
1.0   54.842742919921875
1.0   53.81857204437256
1.0   59.36546325683594
1.0   60.37833499908447
1.0   59.301048278808594
1.0   52.528035163879395
1.0   33.468909740448
1.0   17.563807249069214
1.0   50.96447944641113
1.0   63.27072334289551
1.0   -1.0683530569076538
1.0   42.20695686340332
1.0   28.293073177337646
1.0   41.43348693847656
1.0   39.156919956207275
1.0   65.1199836730957
1.0   11.77170479297638
1.0   70.67406558990479
1.0   46.37088680267334
1.0   55.15791893005371
1.0   27.73487091064453
1.0   22.340200662612915
1.0   16.61094045639038
1.0   38.23050594329834
0.0   -3.40092134475708
0.0   -3.4281164407730103
0.0   -3.4278616905212402
0.0   -3.4088900089263916
0.0   -3.408778429031372
0.0   -3.4347684383392334
0.0   -3.4473443031311035
0.0   -3.412310242652893
0.0   -3.4220341444015503
0.0   -3.3994956016540527
0.0   -3.432452917098999
0.0   -3.420883059501648
0.0   -3.4296189546585083
0.0   -3.406828999519348
0.0   -3.4100602865219116
0.0   -3.366126775741577
0.0   -3.40749990940094
0.0   -3.434582233428955
0.0   -3.4575671553611755
0.0   -3.4322829246520996
0.0   -3.365458369255066
0.0   -3.4200336933135986
0.0   -3.428342580795288
0.0   -3.429216742515564
0.0   -3.4059780836105347
0.0   -3.4282227754592896
0.0   -3.436556816101074
0.0   -3.4227010011672974
0.0   -3.389432430267334
0.0   -3.412538766860962
0.0   -3.418569564819336
0.0   -3.4096490144729614
0.0   -3.4618250131607056
0.0   -3.4305182695388794
0.0   -3.429054379463196
0.0   -3.3846949338912964
0.0   -3.441056489944458
0.0   -3.4395055770874023
0.0   -3.424596071243286
0.0   -3.434821844100952
1.0   48.25269603729248
1.0   20.51409339904785
1.0   16.804662227630615
1.0   15.354719877243042
1.0   48.966729164123535
1.0   49.88504409790039
1.0   27.847288608551025
1.0   47.38983345031738
1.0   10.81886076927185
1.0   19.49959659576416
1.0   39.24916744232178
1.0   60.87678909301758
1.0   31.226450443267822
1.0   35.89724159240723
1.0   11.387591242790222
1.0   20.570801258087158
1.0   24.332876920700073
1.0   4.884920835494995
1.0   6.833559632301331
1.0   33.67717170715332
1.0   35.34555149078369
1.0   45.59172344207764
1.0   30.805867195129395
1.0   25.662709712982178
1.0   34.24600887298584
1.0   20.348663091659546
1.0   6.9436856508255005
1.0   32.94308519363403
1.0   28.673702716827393
1.0   25.047685623168945
1.0   57.222744941711426
1.0   55.1841402053833
1.0   52.30799579620361
1.0   45.07576274871826
1.0   57.19458770751953
1.0   17.632204174995422
1.0   54.648929595947266
1.0   53.634273529052734
1.0   59.163164138793945
1.0   60.19461250305176
1.0   59.10824966430664
1.0   52.3536376953125
1.0   33.33211898803711
1.0   17.478988647460938
1.0   50.76837158203125
1.0   63.053077697753906
1.0   -1.1266554594039917
1.0   42.03184223175049
1.0   28.18500852584839
1.0   41.27157545089722
1.0   39.011722564697266
1.0   64.8897705078125
1.0   11.68579876422882
1.0   70.41851139068604
1.0   46.2029972076416
1.0   54.96798229217529
1.0   27.6220281124115
1.0   22.238930225372314
1.0   16.527567863464355
1.0   38.07424879074097
0.0   -3.481729507446289
0.0   -3.509200096130371
0.0   -3.5085947513580322
0.0   -3.489158511161804
0.0   -3.489511728286743
0.0   -3.5166265964508057
0.0   -3.5290199518203735
0.0   -3.4923198223114014
0.0   -3.502845048904419
0.0   -3.480479121208191
0.0   -3.512900471687317
0.0   -3.5014445781707764
0.0   -3.5096031427383423
0.0   -3.4875261783599854
0.0   -3.490909457206726
0.0   -3.446516752243042
0.0   -3.488036036491394
0.0   -3.5163081884384155
0.0   -3.53861665725708
0.0   -3.5132389068603516
0.0   -3.445897936820984
0.0   -3.500912308692932
0.0   -3.509353280067444
0.0   -3.5102579593658447
0.0   -3.4858591556549072
0.0   -3.509359359741211
0.0   -3.5174548625946045
0.0   -3.503887414932251
0.0   -3.470178723335266
0.0   -3.4934403896331787
0.0   -3.499563217163086
0.0   -3.4910733699798584
0.0   -3.5436015129089355
0.0   -3.5121811628341675
0.0   -3.5099862813949585
0.0   -3.4653162956237793
0.0   -3.522905111312866
0.0   -3.5202967524528503
0.0   -3.5053765773773193
0.0   -3.5156612396240234
1.0   47.96017074584961
1.0   20.360292673110962
1.0   16.636366844177246
1.0   15.220167636871338
1.0   48.65564441680908
1.0   49.56449317932129
1.0   27.61725378036499
1.0   47.135515213012695
1.0   10.712217092514038
1.0   19.36495065689087
1.0   39.0194673538208
1.0   60.51634407043457
1.0   31.022289276123047
1.0   35.677903175354004
1.0   11.289227962493896
1.0   20.43899655342102
1.0   24.191280603408813
1.0   4.7959911823272705
1.0   6.738804459571838
1.0   33.49067401885986
1.0   35.152082443237305
1.0   45.362342834472656
1.0   30.633121490478516
1.0   25.519193172454834
1.0   34.050726890563965
1.0   20.217053413391113
1.0   6.851955890655518
1.0   32.75764179229736
1.0   28.500263214111328
1.0   24.892611503601074
1.0   56.946866035461426
1.0   54.92637252807617
1.0   52.05264377593994
1.0   44.85375213623047
1.0   56.9094762802124
1.0   17.520761728286743
1.0   54.366347312927246
1.0   53.36728858947754
1.0   58.86833953857422
1.0   59.922542572021484
1.0   58.82338905334473
1.0   52.09554862976074
1.0   33.13510274887085
1.0   17.35055637359619
1.0   50.48651313781738
1.0   62.73815727233887
1.0   -1.2065144777297974
1.0   41.78509998321533
1.0   28.0241379737854
1.0   41.04151153564453
1.0   38.802247047424316
1.0   64.56284809112549
1.0   11.566940188407898
1.0   70.05046272277832
1.0   45.959835052490234
1.0   54.68733310699463
1.0   27.45321798324585
1.0   22.091799020767212
1.0   16.405505061149597
1.0   37.847782611846924
0.0   -3.5808005332946777
0.0   -3.608894109725952
0.0   -3.607219934463501
0.0   -3.5867297649383545
0.0   -3.588476061820984
0.0   -3.6173665523529053
0.0   -3.6278881430625916
0.0   -3.5903369784355164
0.0   -3.6018491983413696
0.0   -3.5806846618652344
0.0   -3.611020088195801
0.0   -3.6003445386886597
0.0   -3.6075340509414673
0.0   -3.5876349210739136
0.0   -3.5897141695022583
0.0   -3.5458858013153076
0.0   -3.5874037742614746
0.0   -3.6166359186172485
0.0   -3.638658881187439
0.0   -3.6120152473449707
0.0   -3.5444470643997192
0.0   -3.599995732307434
0.0   -3.6091383695602417
0.0   -3.6093271374702454
0.0   -3.584402322769165
0.0   -3.608900547027588
0.0   -3.615591287612915
0.0   -3.6042484045028687
0.0   -3.5691663026809692
0.0   -3.5929077863693237
0.0   -3.5980043411254883
0.0   -3.5904558897018433
0.0   -3.6444320678710938
0.0   -3.612251043319702
0.0   -3.609535813331604
0.0   -3.564492344856262
0.0   -3.6237486600875854
0.0   -3.6186015009880066
0.0   -3.6051743030548096
0.0   -3.6155776381492615
1.0   47.571282386779785
1.0   20.160308599472046
1.0   16.420949935913086
1.0   15.044806003570557
1.0   48.254740715026855
1.0   49.152976989746094
1.0   27.32746458053589
1.0   46.79739952087402
1.0   10.568241000175476
1.0   19.187137603759766
1.0   38.71638774871826
1.0   60.04749011993408
1.0   30.755265712738037
1.0   35.39327955245972
1.0   11.156598806381226
1.0   20.259802103042603
1.0   24.00278663635254
1.0   4.679616212844849
1.0   6.6151217222213745
1.0   33.24107551574707
1.0   34.89438343048096
1.0   45.056729316711426
1.0   30.403539180755615
1.0   25.322700023651123
1.0   33.79209041595459
1.0   20.043296098709106
1.0   6.730700731277466
1.0   32.5120153427124
1.0   28.270272254943848
1.0   24.685041904449463
1.0   56.56968021392822
1.0   54.58119010925293
1.0   51.71063423156738
1.0   44.554283142089844
1.0   56.52837657928467
1.0   17.369504243135452
1.0   53.98847484588623
1.0   53.01021385192871
1.0   58.47449016571045
1.0   59.55771255493164
1.0   58.44061470031738
1.0   51.75248622894287
1.0   32.87433958053589
1.0   17.177950143814087
1.0   50.119994163513184
1.0   62.32210063934326
1.0   -1.305783748626709
1.0   41.464961528778076
1.0   27.81402325630188
1.0   40.74110746383667
1.0   38.52958917617798
1.0   64.12974643707275
1.0   11.416585803031921
1.0   69.5677375793457
1.0   45.64141893386841
1.0   54.31845760345459
1.0   27.229212284088135
1.0   21.90062928199768
1.0   16.246946811676025
1.0   37.55252504348755
0.0   -3.692991614341736
0.0   -3.7213187217712402
0.0   -3.7190377712249756
0.0   -3.6984678506851196
0.0   -3.7001599073410034
0.0   -3.7299551963806152
0.0   -3.7400704622268677
0.0   -3.7014379501342773
0.0   -3.7143237590789795
0.0   -3.6944098472595215
0.0   -3.7223864793777466
0.0   -3.7121788263320923
0.0   -3.719167709350586
0.0   -3.7002389430999756
0.0   -3.7015785574913025
0.0   -3.65863037109375
0.0   -3.6998674869537354
0.0   -3.7296555042266846
0.0   -3.7522083520889282
0.0   -3.7240811586380005
0.0   -3.6561779975891113
0.0   -3.712308645248413
0.0   -3.721421003341675
0.0   -3.722093343734741
0.0   -3.696198344230652
0.0   -3.721177577972412
0.0   -3.727790653705597
0.0   -3.7170615196228027
0.0   -3.680997133255005
0.0   -3.7061805725097656
0.0   -3.710079073905945
0.0   -3.703008532524109
0.0   -3.759600877761841
0.0   -3.725896120071411
0.0   -3.7223035097122192
0.0   -3.677131414413452
0.0   -3.7393107414245605
0.0   -3.7302647829055786
0.0   -3.7178280353546143
0.0   -3.7287940979003906
1.0   47.12248992919922
1.0   19.92626452445984
1.0   16.168996334075928
1.0   14.83983826637268
1.0   47.79059600830078
1.0   48.677778244018555
1.0   26.98616361618042
1.0   46.40593338012695
1.0   10.398308753967285
1.0   18.978466510772705
1.0   38.365840911865234
1.0   59.50612831115723
1.0   30.4449782371521
1.0   35.05599021911621
1.0   11.000710129737854
1.0   20.048099756240845
1.0   23.781874179840088
1.0   4.543911457061768
1.0   6.47041928768158
1.0   32.94947528839111
1.0   34.5938138961792
1.0   44.69871425628662
1.0   30.13546371459961
1.0   25.09112048149109
1.0   33.490023136138916
1.0   19.839393615722656
1.0   6.5893309116363525
1.0   32.224822998046875
1.0   28.00258779525757
1.0   24.444252490997314
1.0   56.13286876678467
1.0   54.18150615692139
1.0   51.31306457519531
1.0   44.20618724822998
1.0   56.084959983825684
1.0   17.192606031894684
1.0   53.54867935180664
1.0   52.5860652923584
1.0   58.0059757232666
1.0   59.134172439575195
1.0   57.98646831512451
1.0   51.35354232788086
1.0   32.56724834442139
1.0   16.97539734840393
1.0   49.693535804748535
1.0   61.82576560974121
1.0   -1.421086072921753
1.0   41.09601068496704
1.0   27.57113027572632
1.0   40.390143394470215
1.0   38.2150616645813
1.0   63.62863540649414
1.0   11.243422865867615
1.0   69.00929641723633
1.0   45.27341270446777
1.0   53.890493392944336
1.0   26.969526767730713
1.0   21.675039410591125
1.0   16.06210958957672
1.0   37.21031665802002
0.0   -3.777577757835388
0.0   -3.806221902370453
0.0   -3.8036266565322876
0.0   -3.782983183860779
0.0   -3.784703552722931
0.0   -3.814937114715576
0.0   -3.8249655961990356
0.0   -3.785514235496521
0.0   -3.7989620566368103
0.0   -3.779282569885254
0.0   -3.8065706491470337
0.0   -3.796736478805542
0.0   -3.80367374420166
0.0   -3.7851033210754395
0.0   -3.7857460379600525
0.0   -3.742991805076599
0.0   -3.7844595909118652
0.0   -3.8143789768218994
0.0   -3.837147355079651
0.0   -3.808852732181549
0.0   -3.7407246828079224
0.0   -3.797106981277466
0.0   -3.8062411546707153
0.0   -3.8067981004714966
0.0   -3.7807788848876953
0.0   -3.806185007095337
0.0   -3.812650203704834
0.0   -3.8020942211151123
0.0   -3.765600085258484
0.0   -3.7908833026885986
0.0   -3.79474139213562
0.0   -3.787751317024231
0.0   -3.8456047773361206
0.0   -3.8115097284317017
0.0   -3.8070611357688904
0.0   -3.761197805404663
0.0   -3.825483202934265
0.0   -3.814759850502014
0.0   -3.8021280169487
0.0   -3.813435196876526
1.0   46.65165138244629
1.0   19.704025983810425
1.0   15.919562816619873
1.0   14.645060658454895
1.0   47.299917221069336
1.0   48.17265319824219
1.0   26.629568576812744
1.0   45.99239444732666
1.0   10.242323160171509
1.0   18.78104257583618
1.0   38.00764036178589
1.0   58.93185234069824
1.0   30.13362693786621
1.0   34.707953453063965
1.0   10.864684462547302
1.0   19.843562602996826
1.0   23.571810722351074
1.0   4.431651830673218
1.0   6.345595955848694
1.0   32.66551208496094
1.0   34.295517921447754
1.0   44.32615375518799
1.0   29.873481273651123
1.0   24.87010669708252
1.0   33.187201499938965
1.0   19.648646354675293
1.0   6.468414306640625
1.0   31.945884227752686
1.0   27.74798011779785
1.0   24.214051723480225
1.0   55.68021774291992
1.0   53.774044036865234
1.0   50.90317440032959
1.0   43.85587406158447
1.0   55.62343978881836
1.0   17.030512869358063
1.0   53.09146976470947
1.0   52.14668655395508
1.0   57.51702308654785
1.0   58.6912956237793
1.0   57.51118183135986
1.0   50.938663482666016
1.0   32.26292181015015
1.0   16.782821536064148
1.0   49.25779342651367
1.0   61.31884002685547
1.0   -1.5107718706130981
1.0   40.73256731033325
1.0   27.344485759735107
1.0   40.045138359069824
1.0   37.89970588684082
1.0   63.119516372680664
1.0   11.09409773349762
1.0   68.44296169281006
1.0   44.90898656845093
1.0   53.46486949920654
1.0   26.723443269729614
1.0   21.464287877082825
1.0   15.898370742797852
1.0   36.86664152145386
0.0   -3.8334831595420837
0.0   -3.861520528793335
0.0   -3.8600218892097473
0.0   -3.838975667953491
0.0   -3.840786576271057
0.0   -3.8715009093284607
0.0   -3.8813772797584534
0.0   -3.840914726257324
0.0   -3.8553946018218994
0.0   -3.835285782814026
0.0   -3.8626288175582886
0.0   -3.853127956390381
0.0   -3.8598039150238037
0.0   -3.840335726737976
0.0   -3.8417614698410034
0.0   -3.7986679077148438
0.0   -3.840075135231018
0.0   -3.870661973953247
0.0   -3.893652319908142
0.0   -3.865267515182495
0.0   -3.796584129333496
0.0   -3.8532845973968506
0.0   -3.8624953031539917
0.0   -3.862260580062866
0.0   -3.8364927768707275
0.0   -3.8629130125045776
0.0   -3.8684173822402954
0.0   -3.858499050140381
0.0   -3.8220558166503906
0.0   -3.846303164958954
0.0   -3.8508044481277466
0.0   -3.8441474437713623
0.0   -3.902184009552002
0.0   -3.868119478225708
0.0   -3.863501787185669
0.0   -3.816218137741089
0.0   -3.882051944732666
0.0   -3.8701194524765015
0.0   -3.858139455318451
0.0   -3.869700312614441
1.0   46.192458152770996
1.0   19.506125926971436
1.0   15.688602924346924
1.0   14.473995447158813
1.0   46.817840576171875
1.0   47.667487144470215
1.0   26.282344818115234
1.0   45.59032726287842
1.0   10.110347390174866
1.0   18.6080801486969
1.0   37.6669659614563
1.0   58.366943359375
1.0   29.84079074859619
1.0   34.37252330780029
1.0   10.757132172584534
1.0   19.661802768707275
1.0   23.384791135787964
1.0   4.346420764923096
1.0   6.2472007274627686
1.0   32.408806800842285
1.0   34.02033519744873
1.0   43.96542835235596
1.0   29.636356353759766
1.0   24.676213264465332
1.0   32.9036660194397
1.0   19.484265446662903
1.0   6.374841690063477
1.0   31.69477939605713
1.0   27.520071983337402
1.0   24.002885341644287
1.0   55.24522304534912
1.0   53.382205963134766
1.0   50.51184368133545
1.0   43.52894163131714
1.0   55.16763687133789
1.0   16.895163267850876
1.0   52.644890785217285
1.0   51.72514343261719
1.0   57.0380859375
1.0   58.26511096954346
1.0   57.05024814605713
1.0   50.53109931945801
1.0   31.983602046966553
1.0   16.614638447761536
1.0   48.84669780731201
1.0   60.837289810180664
1.0   -1.5723557472229004
1.0   40.39765167236328
1.0   27.150479078292847
1.0   39.72850275039673
1.0   37.60320425033569
1.0   62.6298131942749
1.0   10.97370970249176
1.0   67.90513038635254
1.0   44.57102727890015
1.0   53.06316566467285
1.0   26.50664186477661
1.0   21.28153085708618
1.0   15.76549768447876
1.0   36.54468870162964
0.0   -3.8633320331573486
0.0   -3.8913811445236206
0.0   -3.8907922506332397
0.0   -3.8694554567337036
0.0   -3.8709133863449097
0.0   -3.9021356105804443
0.0   -3.9120004177093506
0.0   -3.870782971382141
0.0   -3.8858914375305176
0.0   -3.865555703639984
0.0   -3.893104314804077
0.0   -3.8836488723754883
0.0   -3.89037024974823
0.0   -3.8699408769607544
0.0   -3.8722935914993286
0.0   -3.828119993209839
0.0   -3.8699740171432495
0.0   -3.9009218215942383
0.0   -3.924274981021881
0.0   -3.8957836031913757
0.0   -3.8265000581741333
0.0   -3.883720636367798
0.0   -3.8927857875823975
0.0   -3.8918885588645935
0.0   -3.866511344909668
0.0   -3.893919348716736
0.0   -3.8985522985458374
0.0   -3.888868808746338
0.0   -3.8526220321655273
0.0   -3.8759238719940186
0.0   -3.880927562713623
0.0   -3.874813675880432
0.0   -3.9324206113815308
0.0   -3.898765444755554
0.0   -3.894088327884674
0.0   -3.845442295074463
0.0   -3.912458300590515
0.0   -3.9000778198242188
0.0   -3.888684391975403
0.0   -3.9003087282180786
1.0   45.715057373046875
1.0   19.316909074783325
1.0   15.460311651229858
1.0   14.311493277549744
1.0   46.31323719024658
1.0   47.13618087768555
1.0   25.926203727722168
1.0   45.16978454589844
1.0   9.989659130573273
1.0   18.443267107009888
1.0   37.31807041168213
1.0   57.77450942993164
1.0   29.54555034637451
1.0   34.02534580230713
1.0   10.66657030582428
1.0   19.48670530319214
1.0   23.204240083694458
1.0   4.279993057250977
1.0   6.1660120487213135
1.0   32.15520095825195
1.0   33.74452829360962
1.0   43.58688497543335
1.0   29.402958869934082
1.0   24.48523473739624
1.0   32.61778688430786
1.0   19.326854944229126
1.0   6.298759460449219
1.0   31.4473876953125
1.0   27.298306941986084
1.0   23.796218395233154
1.0   54.79462146759033
1.0   52.98029184341431
1.0   50.10941219329834
1.0   43.19435787200928
1.0   54.69481658935547
1.0   16.77074608206749
1.0   52.17490768432617
1.0   51.28465557098389
1.0   56.5422420501709
1.0   57.82297706604004
1.0   56.56666088104248
1.0   50.110596656799316
1.0   31.706273317337036
1.0   16.45379137992859
1.0   48.4240984916687
1.0   60.35015869140625
1.0   -1.610771656036377
1.0   40.06723117828369
1.0   26.96852707862854
1.0   39.41418647766113
1.0   37.304409980773926
1.0   62.12846279144287
1.0   10.872506618499756
1.0   67.34596920013428
1.0   44.22629261016846
1.0   52.660627365112305
1.0   26.296746253967285
1.0   21.107049226760864
1.0   15.650020003318787
1.0   36.2206072807312
0.0   -3.8578734397888184
0.0   -3.885503053665161
0.0   -3.8851733207702637
0.0   -3.8638789653778076
0.0   -3.8654720783233643
0.0   -3.8962462544441223
0.0   -3.906305193901062
0.0   -3.8653025031089783
0.0   -3.8801831007003784
0.0   -3.860224962234497
0.0   -3.8872833251953125
0.0   -3.8779561519622803
0.0   -3.8848761320114136
0.0   -3.8642115592956543
0.0   -3.8666576147079468
0.0   -3.8222012519836426
0.0   -3.8643070459365845
0.0   -3.894774079322815
0.0   -3.918618321418762
0.0   -3.8901180624961853
0.0   -3.820871114730835
0.0   -3.8779192566871643
0.0   -3.887038230895996
0.0   -3.886186420917511
0.0   -3.8610002994537354
0.0   -3.888386845588684
0.0   -3.8926626443862915
0.0   -3.8832156658172607
0.0   -3.847012996673584
0.0   -3.869866728782654
0.0   -3.8750317692756653
0.0   -3.868943214416504
0.0   -3.926527261734009
0.0   -3.8930872082710266
0.0   -3.8883700370788574
0.0   -3.8395087718963623
0.0   -3.906625747680664
0.0   -3.8944733142852783
0.0   -3.8830721378326416
0.0   -3.8947691917419434
1.0   45.38730430603027
1.0   19.20965802669525
1.0   15.313655376434326
1.0   14.22295880317688
1.0   45.953246116638184
1.0   46.76152038574219
1.0   25.678534507751465
1.0   44.881141662597656
1.0   9.930667877197266
1.0   18.354642629623413
1.0   37.086700439453125
1.0   57.35252571105957
1.0   29.354451656341553
1.0   33.7902889251709
1.0   10.635359644889832
1.0   19.389352798461914
1.0   23.106772661209106
1.0   4.263455390930176
1.0   6.138683557510376
1.0   32.00762939453125
1.0   33.57485294342041
1.0   43.336236000061035
1.0   29.268059253692627
1.0   24.3821382522583
1.0   32.43712902069092
1.0   19.24721670150757
1.0   6.275765657424927
1.0   31.302042484283447
1.0   27.17256736755371
1.0   23.679155588150024
1.0   54.49308681488037
1.0   52.7220516204834
1.0   49.84806442260742
1.0   42.98658895492554
1.0   54.37967777252197
1.0   16.715918689966202
1.0   51.85814905166626
1.0   50.98996019363403
1.0   56.20929145812988
1.0   57.529181480407715
1.0   56.241068840026855
1.0   49.830687046051025
1.0   31.533776998519897
1.0   16.36899733543396
1.0   48.150211334228516
1.0   60.034400939941406
1.0   -1.6093716621398926
1.0   39.86492204666138
1.0   26.87649691104889
1.0   39.22283983230591
1.0   37.1194052696228
1.0   61.803547859191895
1.0   10.82985806465149
1.0   66.98076629638672
1.0   44.01331901550293
1.0   52.41026306152344
1.0   26.183396339416504
1.0   21.014330625534058
1.0   15.604495525360107
1.0   36.016732692718506
0.0   -3.8556841611862183
0.0   -3.8832600712776184
0.0   -3.882902443408966
0.0   -3.8616390228271484
0.0   -3.8633209466934204
0.0   -3.893962860107422
0.0   -3.9040344953536987
0.0   -3.8630956411361694
0.0   -3.8779467344284058
0.0   -3.858017325401306
0.0   -3.8850104808807373
0.0   -3.8757234811782837
0.0   -3.882634460926056
0.0   -3.8620142936706543
0.0   -3.864401340484619
0.0   -3.8199853897094727
0.0   -3.8620859384536743
0.0   -3.892468810081482
0.0   -3.916345179080963
0.0   -3.887851655483246
0.0   -3.8186588287353516
0.0   -3.875649094581604
0.0   -3.884818732738495
0.0   -3.8840056657791138
0.0   -3.858801245689392
0.0   -3.886123776435852
0.0   -3.890390992164612
0.0   -3.8809551000595093
0.0   -3.844785451889038
0.0   -3.8676058650016785
0.0   -3.87275493144989
0.0   -3.8666402101516724
0.0   -3.9242630004882812
0.0   -3.89081209897995
0.0   -3.886098623275757
0.0   -3.8373090028762817
0.0   -3.9043755531311035
0.0   -3.89225971698761
0.0   -3.880811333656311
0.0   -3.8925182223320007
1.0   45.3602237701416
1.0   19.20380473136902
1.0   15.303186416625977
1.0   14.218417644500732
1.0   45.923187255859375
1.0   46.729859352111816
1.0   25.658451080322266
1.0   44.85813236236572
1.0   9.928826034069061
1.0   18.35050928592682
1.0   37.06892204284668
1.0   57.31751823425293
1.0   29.341142177581787
1.0   33.7714958190918
1.0   10.635737895965576
1.0   19.384620666503906
1.0   23.102306842803955
1.0   4.2648046016693115
1.0   6.1390204429626465
1.0   31.999225616455078
1.0   33.56387901306152
1.0   43.31754159927368
1.0   29.260182857513428
1.0   24.37741255760193
1.0   32.424527168273926
1.0   19.244048833847046
1.0   6.2765443325042725
1.0   31.292858600616455
1.0   27.165663480758667
1.0   23.671602725982666
1.0   54.468210220336914
1.0   52.701210498809814
1.0   49.82702827453613
1.0   42.971333026885986
1.0   54.35403633117676
1.0   16.714204043149948
1.0   51.83249759674072
1.0   50.96640157699585
1.0   56.18272590637207
1.0   57.505125522613525
1.0   56.21503162384033
1.0   49.80850791931152
1.0   31.520402908325195
1.0   16.36472237110138
1.0   48.12823295593262
1.0   60.00908660888672
1.0   -1.6071231365203857
1.0   39.84931516647339
1.0   26.87059736251831
1.0   39.20839500427246
1.0   37.105170249938965
1.0   61.776625633239746
1.0   10.828412890434265
1.0   66.95047664642334
1.0   43.99644947052002
1.0   52.38993835449219
1.0   26.17613983154297
1.0   21.008509039878845
1.0   15.603214383125305
1.0   36.000516414642334
0.0   -3.850154399871826
0.0   -3.87761390209198
0.0   -3.877199411392212
0.0   -3.855987787246704
0.0   -3.8578155040740967
0.0   -3.8882399797439575
0.0   -3.8983336091041565
0.0   -3.857550799846649
0.0   -3.8723455667495728
0.0   -3.8524487018585205
0.0   -3.8793100118637085
0.0   -3.8701252937316895
0.0   -3.8769872188568115
0.0   -3.8564599752426147
0.0   -3.858726382255554
0.0   -3.814448118209839
0.0   -3.8564804792404175
0.0   -3.886721134185791
0.0   -3.9106602668762207
0.0   -3.8821625113487244
0.0   -3.8130704164505005
0.0   -3.869943141937256
0.0   -3.879199743270874
0.0   -3.87841796875
0.0   -3.853216528892517
0.0   -3.880442500114441
0.0   -3.884717583656311
0.0   -3.8752999305725098
0.0   -3.8391987085342407
0.0   -3.861959457397461
0.0   -3.8670783042907715
0.0   -3.860891103744507
0.0   -3.918586850166321
0.0   -3.8851219415664673
0.0   -3.8804092407226562
0.0   -3.8317447900772095
0.0   -3.8987174034118652
0.0   -3.8866714239120483
0.0   -3.8751384615898132
0.0   -3.886859178543091
1.0   45.344865798950195
1.0   19.202777981758118
1.0   15.298511981964111
1.0   14.21823239326477
1.0   45.906002044677734
1.0   46.71231651306152
1.0   25.646800994873047
1.0   44.846529960632324
1.0   9.930798590183258
1.0   18.350923657417297
1.0   37.06012296676636
1.0   57.297367095947266
1.0   29.334478855133057
1.0   33.76242923736572
1.0   10.639899730682373
1.0   19.384178400039673
1.0   23.10232663154602
1.0   4.26955509185791
1.0   6.143124341964722
1.0   31.996779918670654
1.0   33.559279441833496
1.0   43.307514667510986
1.0   29.258635997772217
1.0   24.37747573852539
1.0   32.41927719116211
1.0   19.24539053440094
1.0   6.280790567398071
1.0   31.29038095474243
1.0   27.16495180130005
1.0   23.670980215072632
1.0   54.456910133361816
1.0   52.693490982055664
1.0   49.818471908569336
1.0   42.96614360809326
1.0   54.34168529510498
1.0   16.71728390455246
1.0   51.81975078582764
1.0   50.9549674987793
1.0   56.16923141479492
1.0   57.49463176727295
1.0   56.20193576812744
1.0   49.79834270477295
1.0   31.516710996627808
1.0   16.365015029907227
1.0   48.119139194488525
1.0   59.99993324279785
1.0   -1.6015026569366455
1.0   39.845197677612305
1.0   26.873048305511475
1.0   39.20431613922119
1.0   37.1011176109314
1.0   61.766310691833496
1.0   10.832042336463928
1.0   66.9383716583252
1.0   43.99157238006592
1.0   52.38393974304199
1.0   26.176430702209473
1.0   21.01011049747467
1.0   15.607659101486206
1.0   35.9950852394104
0.0   -3.8431191444396973
0.0   -3.8704726696014404
0.0   -3.8699514865875244
0.0   -3.848809599876404
0.0   -3.850762128829956
0.0   -3.880985200405121
0.0   -3.8911144733428955
0.0   -3.8505049347877502
0.0   -3.8652344942092896
0.0   -3.8453582525253296
0.0   -3.872062563896179
0.0   -3.8629857301712036
0.0   -3.869824707508087
0.0   -3.8492820262908936
0.0   -3.8515191078186035
0.0   -3.8074358701705933
0.0   -3.8493571281433105
0.0   -3.879454255104065
0.0   -3.9034191370010376
0.0   -3.8749618530273438
0.0   -3.8059921264648438
0.0   -3.8627113103866577
0.0   -3.8720815777778625
0.0   -3.8713091015815735
0.0   -3.8461464047431946
0.0   -3.873199939727783
0.0   -3.8775174617767334
0.0   -3.86810040473938
0.0   -3.8320529460906982
0.0   -3.854791522026062
0.0   -3.859879732131958
0.0   -3.8535810708999634
0.0   -3.911358118057251
0.0   -3.877879321575165
0.0   -3.8731775283813477
0.0   -3.8247278928756714
0.0   -3.8915494680404663
0.0   -3.8795962929725647
0.0   -3.867920994758606
0.0   -3.8796725273132324
1.0   45.3439416885376
1.0   19.208765625953674
1.0   15.30098032951355
1.0   14.224611043930054
1.0   45.902400970458984
1.0   46.70826530456543
1.0   25.645267963409424
1.0   44.84795427322388
1.0   9.937726259231567
1.0   18.357879877090454
1.0   37.06279182434082
1.0   57.2935791015625
1.0   29.338065147399902
1.0   33.76295471191406
1.0   10.648609519004822
1.0   19.390791177749634
1.0   23.109920024871826
1.0   4.2775585651397705
1.0   6.150867700576782
1.0   32.00452947616577
1.0   33.56524324417114
1.0   43.31010293960571
1.0   29.26609182357788
1.0   24.385759830474854
1.0   32.42365598678589
1.0   19.25359320640564
1.0   6.288997411727905
1.0   31.297842502593994
1.0   27.172314882278442
1.0   23.67808437347412
1.0   54.45910930633545
1.0   52.69804382324219
1.0   49.8225474357605
1.0   42.97244739532471
1.0   54.34393787384033
1.0   16.726110607385635
1.0   51.8210244178772
1.0   50.957282066345215
1.0   56.17121505737305
1.0   57.49746608734131
1.0   56.203739166259766
1.0   49.801424980163574
1.0   31.521944999694824
1.0   16.372206330299377
1.0   48.12423610687256
1.0   60.00642204284668
1.0   -1.5938313007354736
1.0   39.85275650024414
1.0   26.882768392562866
1.0   39.21189641952515
1.0   37.107290744781494
1.0   61.77220916748047
1.0   10.840165138244629
1.0   66.9433822631836
1.0   43.99853992462158
1.0   52.391193866729736
1.0   26.185405015945435
1.0   21.01840901374817
1.0   15.617335677146912
1.0   36.00040054321289
0.0   -3.8339332342147827
0.0   -3.8611572980880737
0.0   -3.860494613647461
0.0   -3.8394510746002197
0.0   -3.8415583968162537
0.0   -3.871458411216736
0.0   -3.881680190563202
0.0   -3.841320753097534
0.0   -3.8559324145317078
0.0   -3.836121141910553
0.0   -3.86261785030365
0.0   -3.853606700897217
0.0   -3.8604739904403687
0.0   -3.839959979057312
0.0   -3.8421239852905273
0.0   -3.7983102798461914
0.0   -3.840106248855591
0.0   -3.8699695467948914
0.0   -3.8940056562423706
0.0   -3.8655550479888916
0.0   -3.796776294708252
0.0   -3.8532795906066895
0.0   -3.8628087043762207
0.0   -3.8620349168777466
0.0   -3.8369133472442627
0.0   -3.863731622695923
0.0   -3.868139386177063
0.0   -3.85874605178833
0.0   -3.822758674621582
0.0   -3.8454792499542236
0.0   -3.850514054298401
0.0   -3.844067335128784
0.0   -3.9019615650177
0.0   -3.868443489074707
0.0   -3.8637611269950867
0.0   -3.8154311180114746
0.0   -3.882209897041321
0.0   -3.870352566242218
0.0   -3.8585339784622192
0.0   -3.87029767036438
1.0   45.34712791442871
1.0   19.217032313346863
1.0   15.306066513061523
1.0   14.232853651046753
1.0   45.90402030944824
1.0   46.710693359375
1.0   25.647409915924072
1.0   44.8535737991333
1.0   9.9465771317482
1.0   18.366562128067017
1.0   37.06838798522949
1.0   57.2956018447876
1.0   29.34442138671875
1.0   33.76752185821533
1.0   10.659048557281494
1.0   19.39913535118103
1.0   23.119609594345093
1.0   4.287461996078491
1.0   6.160489082336426
1.0   32.014461517333984
1.0   33.57361698150635
1.0   43.315876483917236
1.0   29.276026964187622
1.0   24.395931243896484
1.0   32.43053674697876
1.0   19.26355481147766
1.0   6.298933267593384
1.0   31.30764102935791
1.0   27.18235993385315
1.0   23.68720531463623
1.0   54.46513557434082
1.0   52.706021308898926
1.0   49.83002328872681
1.0   42.98137331008911
1.0   54.35037899017334
1.0   16.73656815290451
1.0   51.82618474960327
1.0   50.963459968566895
1.0   56.176992416381836
1.0   57.50426197052002
1.0   56.209144592285156
1.0   49.80808162689209
1.0   31.529619693756104
1.0   16.38084089756012
1.0   48.132529735565186
1.0   60.0183048248291
1.0   -1.5842289924621582
1.0   39.86350202560425
1.0   26.894787073135376
1.0   39.2225866317749
1.0   37.11626720428467
1.0   61.78270435333252
1.0   10.850249528884888
1.0   66.95357418060303
1.0   44.0090856552124
1.0   52.40225315093994
1.0   26.19643998146057
1.0   21.028648257255554
1.0   15.628870248794556
1.0   36.009047985076904
0.0   -3.823175013065338
0.0   -3.850398540496826
0.0   -3.849568247795105
0.0   -3.8286261558532715
0.0   -3.8309181928634644
0.0   -3.8604565262794495
0.0   -3.870790481567383
0.0   -3.8307000398635864
0.0   -3.8450145721435547
0.0   -3.825435996055603
0.0   -3.85171240568161
0.0   -3.8427401781082153
0.0   -3.8496586084365845
0.0   -3.8291733264923096
0.0   -3.831274151802063
0.0   -3.7876200675964355
0.0   -3.8293904066085815
0.0   -3.8589959144592285
0.0   -3.8831064701080322
0.0   -3.854676127433777
0.0   -3.786104202270508
0.0   -3.8423752784729004
0.0   -3.8519784808158875
0.0   -3.851315975189209
0.0   -3.826233148574829
0.0   -3.8527655601501465
0.0   -3.85730904340744
0.0   -3.8479130268096924
0.0   -3.8118956089019775
0.0   -3.834733724594116
0.0   -3.8396875858306885
0.0   -3.833081603050232
0.0   -3.8910900354385376
0.0   -3.8575369715690613
0.0   -3.8528753519058228
0.0   -3.8046905994415283
0.0   -3.871313214302063
0.0   -3.8596575260162354
0.0   -3.8476691246032715
0.0   -3.8594502806663513
1.0   45.356815338134766
1.0   19.229074239730835
1.0   15.315314054489136
1.0   14.244748830795288
1.0   45.9128532409668
1.0   46.72012710571289
1.0   25.655222415924072
1.0   44.86555004119873
1.0   9.958881795406342
1.0   18.379278540611267
1.0   37.07928276062012
1.0   57.30550003051758
1.0   29.355621337890625
1.0   33.77742099761963
1.0   10.672016620635986
1.0   19.410988807678223
1.0   23.133023262023926
1.0   4.299601316452026
1.0   6.172461032867432
1.0   32.02918291091919
1.0   33.586952686309814
1.0   43.327383041381836
1.0   29.28995156288147
1.0   24.410147190093994
1.0   32.44160556793213
1.0   19.277493715286255
1.0   6.311225652694702
1.0   31.322365283966064
1.0   27.19655132293701
1.0   23.700664043426514
1.0   54.477776527404785
1.0   52.72065448760986
1.0   49.84411287307739
1.0   42.99591588973999
1.0   54.363290786743164
1.0   16.750067830085754
1.0   51.8381872177124
1.0   50.97615146636963
1.0   56.19000720977783
1.0   57.51804828643799
1.0   56.22187042236328
1.0   49.821035385131836
1.0   31.54267644882202
1.0   16.392929196357727
1.0   48.147356033325195
1.0   60.0373592376709
1.0   -1.5726912021636963
1.0   39.880027770996094
1.0   26.91120755672455
1.0   39.238192558288574
1.0   37.13052463531494
1.0   61.801011085510254
1.0   10.863186001777649
1.0   66.97237014770508
1.0   44.024993896484375
1.0   52.42016553878784
1.0   26.211717128753662
1.0   21.043174386024475
1.0   15.644184231758118
1.0   36.02266311645508
0.0   -3.8099761605262756
0.0   -3.8372015357017517
0.0   -3.836187243461609
0.0   -3.8153579235076904
0.0   -3.8176939487457275
0.0   -3.846993923187256
0.0   -3.857440710067749
0.0   -3.817658841609955
0.0   -3.831615447998047
0.0   -3.812310814857483
0.0   -3.8383461236953735
0.0   -3.829391837120056
0.0   -3.8363980054855347
0.0   -3.815941572189331
0.0   -3.8179673552513123
0.0   -3.7744336128234863
0.0   -3.8161598443984985
0.0   -3.845522165298462
0.0   -3.8697527647018433
0.0   -3.8413500785827637
0.0   -3.7729499340057373
0.0   -3.829026699066162
0.0   -3.838646113872528
0.0   -3.8381646871566772
0.0   -3.8131366968154907
0.0   -3.8393352031707764
0.0   -3.8440232276916504
0.0   -3.834631323814392
0.0   -3.7985185384750366
0.0   -3.8214950561523438
0.0   -3.8263649940490723
0.0   -3.8196061849594116
0.0   -3.877765417098999
0.0   -3.8441532254219055
0.0   -3.8394588232040405
0.0   -3.791531801223755
0.0   -3.857884645462036
0.0   -3.846547842025757
0.0   -3.8343541622161865
0.0   -3.8461559414863586
1.0   45.37671756744385
1.0   19.245774030685425
1.0   15.329082250595093
1.0   14.260615587234497
1.0   45.93122386932373
1.0   46.73958492279053
1.0   25.669049739837646
1.0   44.886192321777344
1.0   9.973966002464294
1.0   18.395779013633728
1.0   37.09774112701416
1.0   57.3276309967041
1.0   29.37281560897827
1.0   33.79418992996216
1.0   10.688079118728638
1.0   19.426955223083496
1.0   23.15039348602295
1.0   4.314366817474365
1.0   6.18731164932251
1.0   32.049174308776855
1.0   33.60542058944702
1.0   43.34637451171875
1.0   29.30988621711731
1.0   24.42839479446411
1.0   32.45924091339111
1.0   19.294806361198425
1.0   6.3262269496917725
1.0   31.341981410980225
1.0   27.216144323349
1.0   23.718974828720093
1.0   54.50042104721069
1.0   52.744468688964844
1.0   49.86707401275635
1.0   43.018399715423584
1.0   54.3872127532959
1.0   16.767091125249863
1.0   51.860243797302246
1.0   50.99816131591797
1.0   56.213504791259766
1.0   57.541900634765625
1.0   56.24496269226074
1.0   49.84366226196289
1.0   31.561601161956787
1.0   16.409165740013123
1.0   48.17237377166748
1.0   60.068016052246094
1.0   -1.5590262413024902
1.0   39.90476369857788
1.0   26.93276071548462
1.0   39.262075901031494
1.0   37.15217065811157
1.0   61.83094120025635
1.0   10.879523873329163
1.0   67.00390243530273
1.0   44.0502872467041
1.0   52.4481987953186
1.0   26.232466220855713
1.0   21.062447547912598
1.0   15.662830352783203
1.0   36.04392385482788
0.0   -3.795398771762848
0.0   -3.8225966691970825
0.0   -3.821394681930542
0.0   -3.8006869554519653
0.0   -3.803049087524414
0.0   -3.8321040868759155
0.0   -3.8426852226257324
0.0   -3.803192615509033
0.0   -3.8168289065361023
0.0   -3.7977604269981384
0.0   -3.82357394695282
0.0   -3.814613699913025
0.0   -3.821750521659851
0.0   -3.8013280034065247
0.0   -3.8032679557800293
0.0   -3.7596404552459717
0.0   -3.8015458583831787
0.0   -3.8306124210357666
0.0   -3.8550040125846863
0.0   -3.826609492301941
0.0   -3.7583749294281006
0.0   -3.8142696619033813
0.0   -3.823904275894165
0.0   -3.8236120343208313
0.0   -3.798520803451538
0.0   -3.8244998455047607
0.0   -3.8293306827545166
0.0   -3.8199617862701416
0.0   -3.783745527267456
0.0   -3.8068431615829468
0.0   -3.8116116523742676
0.0   -3.8047354221343994
0.0   -3.862988233566284
0.0   -3.8292973041534424
0.0   -3.824625611305237
0.0   -3.7769662141799927
0.0   -3.8430426120758057
0.0   -3.832050383090973
0.0   -3.81964910030365
0.0   -3.831477165222168
1.0   45.40452003479004
1.0   19.26631498336792
1.0   15.347092866897583
1.0   14.279934644699097
1.0   45.957998275756836
1.0   46.76770305633545
1.0   25.689234256744385
1.0   44.91477584838867
1.0   9.9920853972435
1.0   18.415693521499634
1.0   37.1224250793457
1.0   57.35905838012695
1.0   29.395952224731445
1.0   33.81696796417236
1.0   10.707148313522339
1.0   19.446854829788208
1.0   23.172495365142822
1.0   4.331515789031982
1.0   6.204713344573975
1.0   32.07548999786377
1.0   33.62982130050659
1.0   43.37243604660034
1.0   29.334869623184204
1.0   24.45211696624756
1.0   32.48245429992676
1.0   19.316442608833313
1.0   6.343723773956299
1.0   31.36736011505127
1.0   27.240649223327637
1.0   23.741093397140503
1.0   54.53021764755249
1.0   52.77525806427002
1.0   49.896851539611816
1.0   43.04688262939453
1.0   54.418585777282715
1.0   16.786587566137314
1.0   51.88956880569458
1.0   51.028082847595215
1.0   56.24491882324219
1.0   57.57369375228882
1.0   56.276533126831055
1.0   49.87362003326416
1.0   31.585489988327026
1.0   16.428743600845337
1.0   48.20433187484741
1.0   60.106990814208984
1.0   -1.5437870025634766
1.0   39.93527317047119
1.0   26.957627773284912
1.0   39.29163074493408
1.0   37.17912006378174
1.0   61.86976146697998
1.0   10.898238182067871
1.0   67.04391574859619
1.0   44.08112144470215
1.0   52.48296928405762
1.0   26.257646322250366
1.0   21.084907293319702
1.0   15.684144496917725
1.0   36.07166814804077
0.0   -3.779717206954956
0.0   -3.806952118873596
0.0   -3.8055458664894104
0.0   -3.78496253490448
0.0   -3.7872907519340515
0.0   -3.8161529898643494
0.0   -3.8268779516220093
0.0   -3.78751540184021
0.0   -3.800968825817108
0.0   -3.7819209694862366
0.0   -3.8077417612075806
0.0   -3.7987613677978516
0.0   -3.8060508370399475
0.0   -3.785675048828125
0.0   -3.7875128388404846
0.0   -3.7437902688980103
0.0   -3.785876750946045
0.0   -3.8146368265151978
0.0   -3.8391018509864807
0.0   -3.810724377632141
0.0   -3.742751121520996
0.0   -3.798446297645569
0.0   -3.808103084564209
0.0   -3.8080191612243652
0.0   -3.782772183418274
0.0   -3.80859637260437
0.0   -3.8135902881622314
0.0   -3.8042105436325073
0.0   -3.7679091691970825
0.0   -3.7911441922187805
0.0   -3.7958067655563354
0.0   -3.788793683052063
0.0   -3.8470147848129272
0.0   -3.813387095928192
0.0   -3.8087292909622192
0.0   -3.7613518238067627
0.0   -3.8271342515945435
0.0   -3.816291332244873
0.0   -3.8038429021835327
0.0   -3.8157354593276978
1.0   45.436150550842285
1.0   19.28883981704712
1.0   15.36762022972107
1.0   14.300721883773804
1.0   45.98896503448486
1.0   46.800856590270996
1.0   25.712746620178223
1.0   44.94693470001221
1.0   10.011672377586365
1.0   18.437479496002197
1.0   37.14988899230957
1.0   57.39547824859619
1.0   29.421855449676514
1.0   33.84304094314575
1.0   10.726901888847351
1.0   19.46825098991394
1.0   23.195557832717896
1.0   4.349569320678711
1.0   6.223023176193237
1.0   32.103384017944336
1.0   33.65610218048096
1.0   43.40143585205078
1.0   29.36156678199768
1.0   24.476725101470947
1.0   32.50811529159546
1.0   19.339035034179688
1.0   6.362054109573364
1.0   31.394304752349854
1.0   27.267137050628662
1.0   23.764911890029907
1.0   54.56333923339844
1.0   52.80867624282837
1.0   49.92977809906006
1.0   43.07774257659912
1.0   54.45339870452881
1.0   16.8073750436306
1.0   51.92319631576538
1.0   51.061506271362305
1.0   56.28060531616211
1.0   57.608195304870605
1.0   56.3120813369751
1.0   49.90691518783569
1.0   31.611916303634644
1.0   16.44963777065277
1.0   48.238807678222656
1.0   60.149596214294434
1.0   -1.5275583267211914
1.0   39.9684419631958
1.0   26.983968138694763
1.0   39.32304573059082
1.0   37.207751750946045
1.0   61.91133689880371
1.0   10.918189883232117
1.0   67.08831977844238
1.0   44.11411237716675
1.0   52.52031230926514
1.0   26.284095525741577
1.0   21.1087144613266
1.0   15.706380844116211
1.0   36.100831508636475
0.0   -3.762895941734314
0.0   -3.7902589440345764
0.0   -3.788641631603241
0.0   -3.7681890726089478
0.0   -3.77044141292572
0.0   -3.7991395592689514
0.0   -3.809921145439148
0.0   -3.770717978477478
0.0   -3.7840614318847656
0.0   -3.7649941444396973
0.0   -3.7908631563186646
0.0   -3.781858444213867
0.0   -3.789276599884033
0.0   -3.7689583897590637
0.0   -3.7707053422927856
0.0   -3.726865768432617
0.0   -3.769134759902954
0.0   -3.7975997924804688
0.0   -3.8221349120140076
0.0   -3.7937880754470825
0.0   -3.726046919822693
0.0   -3.7815533876419067
0.0   -3.7912471294403076
0.0   -3.791380524635315
0.0   -3.7659229040145874
0.0   -3.7916263341903687
0.0   -3.7967989444732666
0.0   -3.7872151136398315
0.0   -3.7510164976119995
0.0   -3.774293303489685
0.0   -3.778925895690918
0.0   -3.771780014038086
0.0   -3.8299527168273926
0.0   -3.796408176422119
0.0   -3.7917615175247192
0.0   -3.744698166847229
0.0   -3.810155153274536
0.0   -3.7994883060455322
0.0   -3.786939263343811
0.0   -3.7988651990890503
1.0   45.47488594055176
1.0   19.313167095184326
1.0   15.390053272247314
1.0   14.323495984077454
1.0   46.026987075805664
1.0   46.84183120727539
1.0   25.740177631378174
1.0   44.985122203826904
1.0   10.032063484191895
1.0   18.46094274520874
1.0   37.18222951889038
1.0   57.441078186035156
1.0   29.450753688812256
1.0   33.873416900634766
1.0   10.748645544052124
1.0   19.491759777069092
1.0   23.22111415863037
1.0   4.368664026260376
1.0   6.242639780044556
1.0   32.133962631225586
1.0   33.6860990524292
1.0   43.43589210510254
1.0   29.391566276550293
1.0   24.503815412521362
1.0   32.53757333755493
1.0   19.363460898399353
1.0   6.381723642349243
1.0   31.424978256225586
1.0   27.296269178390503
1.0   23.792287826538086
1.0   54.60431909561157
1.0   52.849151611328125
1.0   49.969614028930664
1.0   43.114354610443115
1.0   54.49683380126953
1.0   16.83055779337883
1.0   51.9640212059021
1.0   51.10172414779663
1.0   56.32440662384033
1.0   57.65036678314209
1.0   56.354525566101074
1.0   49.946831703186035
1.0   31.642507076263428
1.0   16.47302782535553
1.0   48.28108024597168
1.0   60.20108222961426
1.0   -1.5102564096450806
1.0   40.006669998168945
1.0   27.014020800590515
1.0   39.360647201538086
1.0   37.242156982421875
1.0   61.962738037109375
1.0   10.940415382385254
1.0   67.14296627044678
1.0   44.15415143966675
1.0   52.56517934799194
1.0   26.314939498901367
1.0   21.1357764005661
1.0   15.73119330406189
1.0   36.13581371307373
0.0   -3.74606716632843
0.0   -3.7736096382141113
0.0   -3.7717594504356384
0.0   -3.751422166824341
0.0   -3.75361031293869
0.0   -3.7821571826934814
0.0   -3.7929816246032715
0.0   -3.753944993019104
0.0   -3.7671804428100586
0.0   -3.7481123208999634
0.0   -3.7740095257759094
0.0   -3.764981508255005
0.0   -3.7724519968032837
0.0   -3.7522518634796143
0.0   -3.753935217857361
0.0   -3.7099910974502563
0.0   -3.752455711364746
0.0   -3.7805952429771423
0.0   -3.8051912784576416
0.0   -3.7768715620040894
0.0   -3.7091875076293945
0.0   -3.7646044492721558
0.0   -3.7743289470672607
0.0   -3.774582028388977
0.0   -3.74905526638031
0.0   -3.7746902108192444
0.0   -3.7799566984176636
0.0   -3.770240902900696
0.0   -3.734143018722534
0.0   -3.7573603987693787
0.0   -3.761928081512451
0.0   -3.7548022270202637
0.0   -3.812932789325714
0.0   -3.7794556617736816
0.0   -3.77483594417572
0.0   -3.7279921770095825
0.0   -3.7931095361709595
0.0   -3.7827160358428955
0.0   -3.7700799107551575
0.0   -3.782000184059143
1.0   45.519731521606445
1.0   19.340766668319702
1.0   15.415924072265625
1.0   14.348922848701477
1.0   46.0711030960083
1.0   46.88814735412598
1.0   25.772460460662842
1.0   45.02904033660889
1.0   10.054804801940918
1.0   18.487123727798462
1.0   37.21910762786865
1.0   57.49343013763428
1.0   29.484095096588135
1.0   33.9088830947876
1.0   10.772088050842285
1.0   19.51829195022583
1.0   23.25020146369934
1.0   4.38892936706543
1.0   6.26362681388855
1.0   32.168941497802734
1.0   33.72051239013672
1.0   43.47555923461914
1.0   29.425039768218994
1.0   24.53482723236084
1.0   32.571048736572266
1.0   19.391514778137207
1.0   6.402726650238037
1.0   31.459452629089355
1.0   27.328802585601807
1.0   23.82227921485901
1.0   54.650044441223145
1.0   52.8943657875061
1.0   50.01438665390015
1.0   43.1550817489624
1.0   54.54601764678955
1.0   16.855408132076263
1.0   52.01025867462158
1.0   51.14756774902344
1.0   56.37388229370117
1.0   57.69897937774658
1.0   56.40374279022217
1.0   49.992652893066406
1.0   31.676642894744873
1.0   16.49910533428192
1.0   48.32976198196411
1.0   60.25926399230957
1.0   -1.4926135540008545
1.0   40.05022048950195
1.0   27.047139644622803
1.0   39.40281629562378
1.0   37.28134059906006
1.0   62.02016067504883
1.0   10.964313745498657
1.0   67.20523834228516
1.0   44.19873762130737
1.0   52.61649513244629
1.0   26.348758697509766
1.0   21.16617250442505
1.0   15.758548736572266
1.0   36.17585754394531
