0.0   1.2261943817138672
0.0   1.2130804657936096
0.0   1.2158877849578857
0.0   1.1417999267578125
0.0   1.1670171022415161
0.0   1.1820988655090332
0.0   1.187301754951477
0.0   1.1656177043914795
0.0   1.2003275156021118
0.0   1.2184831500053406
0.0   1.2219520807266235
0.0   1.1822166442871094
0.0   1.2042608261108398
0.0   1.2100143432617188
0.0   1.2292383313179016
0.0   1.216606855392456
0.0   1.2090775966644287
0.0   1.208984136581421
0.0   1.2062063813209534
0.0   1.1987212896347046
0.0   1.2359973192214966
0.0   1.2311489582061768
1.0   9.039167165756226
1.0   1.324344515800476
1.0   6.974219083786011
1.0   9.170424580574036
1.0   1.9788899421691895
1.0   8.879171013832092
1.0   1.1558237671852112
1.0   1.2662339210510254
1.0   10.386421799659729
1.0   18.681464433670044
1.0   4.81360125541687
1.0   11.75178837776184
1.0   1.9085897207260132
1.0   12.241061925888062
1.0   14.549556136131287
1.0   13.067237854003906
1.0   2.485387682914734
1.0   11.204575419425964
1.0   3.7482619285583496
1.0   5.071980595588684
1.0   8.043338298797607
1.0   1.2385164499282837
1.0   3.4345520734786987
1.0   7.033335208892822
1.0   2.0786463022232056
1.0   2.066316843032837
1.0   6.797054409980774
1.0   3.8469349145889282
1.0   10.335269808769226
1.0   5.55019748210907
1.0   5.888965010643005
1.0   11.955380201339722
1.0   6.407203316688538
1.0   7.854377031326294
1.0   2.2241913080215454
1.0   5.524548172950745
1.0   8.203920006752014
1.0   6.254899263381958
1.0   7.018795371055603
1.0   5.103978753089905
1.0   9.403928637504578
1.0   7.720288455486298
1.0   9.694923281669617
1.0   11.778884410858154
1.0   10.237231254577637
1.0   9.165769219398499
1.0   12.640759229660034
1.0   11.370948791503906
1.0   12.392004013061523
1.0   11.731671571731567
1.0   10.963037252426147
1.0   10.721477746963501
1.0   11.62231969833374
1.0   12.4974045753479
1.0   9.801345944404602
1.0   12.917858600616455
1.0   9.968873500823975
1.0   11.894124746322632
1.0   11.21800708770752
1.0   13.306644439697266
1.0   12.167457580566406
1.0   14.139697551727295
1.0   12.774593353271484
1.0   11.175020694732666
1.0   13.565112233161926
1.0   6.775125622749329
1.0   11.866023778915405
1.0   6.878734111785889
1.0   10.095816135406494
1.0   10.894559741020203
1.0   13.002795934677124
1.0   11.550546765327454
1.0   9.722473978996277
1.0   15.547418117523193
1.0   9.376538038253784
1.0   7.2675610184669495
1.0   12.9125075340271
1.0   4.762334823608398
1.0   11.66922903060913
1.0   10.895341396331787
1.0   2.8111928701400757
1.0   5.892090797424316
1.0   6.146536350250244
0.0   -2.340033173561096
0.0   -2.3512929677963257
0.0   -2.4054242372512817
0.0   -2.3284651041030884
0.0   -2.4737645387649536
0.0   -2.482931971549988
0.0   -2.457533121109009
0.0   -2.485889196395874
0.0   -2.4106760025024414
0.0   -2.4356560707092285
0.0   -2.4203240871429443
0.0   -2.417394995689392
0.0   -2.4436421394348145
0.0   -2.333842396736145
0.0   -2.4336105585098267
0.0   -2.412499189376831
0.0   -2.427816152572632
0.0   -2.448710322380066
0.0   -2.3980181217193604
0.0   -2.4663158655166626
0.0   -2.427167057991028
0.0   -2.4132328033447266
1.0   11.139278411865234
1.0   -1.7677583694458008
1.0   8.575850129127502
1.0   10.852674007415771
1.0   -1.3284077644348145
1.0   11.392872631549835
1.0   -2.2468079328536987
1.0   -1.8636281490325928
1.0   13.300353050231934
1.0   24.556386470794678
1.0   3.135836601257324
1.0   16.764773845672607
1.0   -1.3683902025222778
1.0   14.850016117095947
1.0   19.3593487739563
1.0   19.285545110702515
1.0   0.05679011344909668
1.0   14.457845687866211
1.0   1.7474372386932373
1.0   2.814069390296936
1.0   9.063944779336452
1.0   -2.0762178897857666
1.0   1.2840460538864136
1.0   6.6470712423324585
1.0   -0.7621009349822998
1.0   -0.87282395362854
1.0   7.320795178413391
1.0   1.2576735019683838
1.0   12.90026068687439
1.0   4.196676015853882
1.0   4.856814622879028
1.0   15.53554368019104
1.0   6.7736430168151855
1.0   9.214298963546753
1.0   -0.9083503484725952
1.0   4.607849717140198
1.0   9.204358398914337
1.0   5.264030575752258
1.0   7.8310917019844055
1.0   4.918416261672974
1.0   11.890129804611206
1.0   8.642391920089722
1.0   13.669109344482422
1.0   17.888039350509644
1.0   15.186285734176636
1.0   12.887054681777954
1.0   20.027236700057983
1.0   16.65904664993286
1.0   18.782304525375366
1.0   17.825247526168823
1.0   16.04938268661499
1.0   16.048884391784668
1.0   17.503541469573975
1.0   18.42012047767639
1.0   14.34244704246521
1.0   20.456095218658447
1.0   14.343912363052368
1.0   19.267940044403076
1.0   17.068431854248047
1.0   21.32064437866211
1.0   19.20267391204834
1.0   22.02765655517578
1.0   20.073314666748047
1.0   14.629759192466736
1.0   23.040422439575195
1.0   7.457332491874695
1.0   20.367685794830322
1.0   6.588113725185394
1.0   17.014394283294678
1.0   15.468439102172852
1.0   21.743139266967773
1.0   19.75725030899048
1.0   14.848997116088867
1.0   28.816776275634766
1.0   14.013797760009766
1.0   7.76001450419426
1.0   20.408231258392334
1.0   3.917384147644043
1.0   16.520673036575317
1.0   16.95429515838623
1.0   0.7096493244171143
1.0   5.406686902046204
1.0   6.200042247772217
0.0   -3.1571308374404907
0.0   -3.169376492500305
0.0   -3.227863073348999
0.0   -3.124146342277527
0.0   -3.304451823234558
0.0   -3.3252675533294678
0.0   -3.2893972396850586
0.0   -3.3193211555480957
0.0   -3.239161491394043
0.0   -3.2758350372314453
0.0   -3.2464460134506226
0.0   -3.2433042526245117
0.0   -3.280059814453125
0.0   -3.1514447927474976
0.0   -3.2712496519088745
0.0   -3.239964246749878
0.0   -3.2540342807769775
0.0   -3.2847509384155273
0.0   -3.2168891429901123
0.0   -3.3040791749954224
0.0   -3.2647101879119873
0.0   -3.241137981414795
1.0   12.417513608932495
1.0   -2.446387529373169
1.0   9.586178302764893
1.0   12.385265111923218
1.0   -1.9202046394348145
1.0   12.648517489433289
1.0   -3.0192220211029053
1.0   -2.4022443294525146
1.0   14.918267726898193
1.0   26.083420276641846
1.0   3.2994728088378906
1.0   18.275743007659912
1.0   -1.884355902671814
1.0   16.081453561782837
1.0   20.774141788482666
1.0   20.09800910949707
1.0   -0.20871710777282715
1.0   15.788601398468018
1.0   1.7771923542022705
1.0   3.1799914836883545
1.0   10.372424721717834
1.0   -2.784515142440796
1.0   1.52193021774292
1.0   7.026509404182434
1.0   -1.0762124061584473
1.0   -1.394960641860962
1.0   8.276819348335266
1.0   1.1137731075286865
1.0   13.796159982681274
1.0   4.543168783187866
1.0   5.569562196731567
1.0   17.14485502243042
1.0   7.549078702926636
1.0   10.06858104467392
1.0   -1.3155276775360107
1.0   4.953006267547607
1.0   10.178368866443634
1.0   5.705860376358032
1.0   8.575394630432129
1.0   5.88299161195755
1.0   12.955187797546387
1.0   9.276532292366028
1.0   13.499349117279053
1.0   17.889711380004883
1.0   15.291612386703491
1.0   13.0820472240448
1.0   20.005391597747803
1.0   16.51939582824707
1.0   18.683331727981567
1.0   17.666996240615845
1.0   15.644155979156494
1.0   15.876038551330566
1.0   17.532987594604492
1.0   18.279645204544067
1.0   14.096816062927246
1.0   20.26840877532959
1.0   14.17989444732666
1.0   19.17784810066223
1.0   16.95486831665039
1.0   21.119361639022827
1.0   19.09188413619995
1.0   21.293530464172363
1.0   19.8165066242218
1.0   15.540582180023193
1.0   23.38149070739746
1.0   8.075326085090637
1.0   21.731287002563477
1.0   7.181000530719757
1.0   17.966165781021118
1.0   16.008936166763306
1.0   21.725935459136963
1.0   19.94608974456787
1.0   15.405412197113037
1.0   29.010988235473633
1.0   14.684969425201416
1.0   8.325417265295982
1.0   20.9729061126709
1.0   4.072428226470947
1.0   17.172027826309204
1.0   17.75081729888916
1.0   0.5499494075775146
1.0   5.837975263595581
1.0   6.776144504547119
0.0   -4.616278171539307
0.0   -4.627046227455139
0.0   -4.702656388282776
0.0   -4.543490290641785
0.0   -4.79554158449173
0.0   -4.831171154975891
0.0   -4.775586009025574
0.0   -4.814370393753052
0.0   -4.717260956764221
0.0   -4.776906073093414
0.0   -4.742341160774231
0.0   -4.7207775712013245
0.0   -4.769936800003052
0.0   -4.606685280799866
0.0   -4.774954557418823
0.0   -4.734049558639526
0.0   -4.752044260501862
0.0   -4.784262657165527
0.0   -4.695712566375732
0.0   -4.804468512535095
0.0   -4.766711473464966
0.0   -4.736430287361145
1.0   10.427756786346436
1.0   -3.7042661905288696
1.0   8.052949666976929
1.0   10.769876718521118
1.0   -3.2516385316848755
1.0   11.06251060962677
1.0   -4.412930130958557
1.0   -3.633098840713501
1.0   13.009883403778076
1.0   21.701242744922638
1.0   2.11954927444458
1.0   15.431631863117218
1.0   -3.09871244430542
1.0   13.37882125377655
1.0   17.424037754535675
1.0   16.76268208026886
1.0   -1.225387692451477
1.0   13.563528999686241
1.0   0.7061423063278198
1.0   2.0855077505111694
1.0   9.081757307052612
1.0   -4.107288718223572
1.0   0.5467857122421265
1.0   5.609527587890625
1.0   -2.307563304901123
1.0   -2.624469041824341
1.0   6.9174277782440186
1.0   -0.27455949783325195
1.0   11.475213915109634
1.0   3.499539375305176
1.0   4.328038811683655
1.0   14.199999213218689
1.0   6.052229523658752
1.0   8.506680965423584
1.0   -2.5656412839889526
1.0   3.758382797241211
1.0   8.590670347213745
1.0   4.361896991729736
1.0   6.937450289726257
1.0   4.7527095079422
1.0   10.835414350032806
1.0   7.528233349323273
1.0   11.106432288885117
1.0   14.860705137252808
1.0   12.505810774862766
1.0   10.848623543977737
1.0   16.56834590435028
1.0   13.514979228377342
1.0   15.593760192394257
1.0   14.680322170257568
1.0   12.802521079778671
1.0   13.028758868575096
1.0   14.689453363418579
1.0   15.202370002865791
1.0   11.392002016305923
1.0   16.750624760985374
1.0   11.680459141731262
1.0   15.665102630853653
1.0   14.107173800468445
1.0   17.310836657881737
1.0   15.847786501049995
1.0   17.478737369179726
1.0   16.454749822616577
1.0   13.3833127617836
1.0   18.85091644525528
1.0   6.567120254039764
1.0   17.656991332769394
1.0   5.802249193191528
1.0   14.726025342941284
1.0   13.029069446027279
1.0   16.94096213579178
1.0   15.441717565059662
1.0   12.645803183317184
1.0   23.002158999443054
1.0   11.696709722280502
1.0   7.016006708145142
1.0   16.9792377948761
1.0   2.6050589084625244
1.0   14.025111824274063
1.0   14.497649997472763
1.0   -0.5041289329528809
1.0   4.5563764572143555
1.0   5.478990316390991
0.0   -6.104893207550049
0.0   -6.10681676864624
0.0   -6.205651044845581
0.0   -6.011313199996948
0.0   -6.31420111656189
0.0   -6.364852428436279
0.0   -6.295232653617859
0.0   -6.342991471290588
0.0   -6.220209717750549
0.0   -6.303282260894775
0.0   -6.264780879020691
0.0   -6.223238110542297
0.0   -6.292750775814056
0.0   -6.082488179206848
0.0   -6.31418240070343
0.0   -6.261033296585083
0.0   -6.278947830200195
0.0   -6.3174004554748535
0.0   -6.203428626060486
0.0   -6.328200578689575
0.0   -6.295790076255798
0.0   -6.264429569244385
1.0   11.150289535522461
1.0   -4.9733182191848755
1.0   8.261425018310547
1.0   11.807325839996338
1.0   -4.418818473815918
1.0   11.774172067642212
1.0   -5.817336678504944
1.0   -4.921419858932495
1.0   14.167466640472412
1.0   24.151307106018066
1.0   1.830775260925293
1.0   16.77281904220581
1.0   -4.243412137031555
1.0   14.597401142120361
1.0   19.36838960647583
1.0   17.489139556884766
1.0   -2.1041791439056396
1.0   14.77367115020752
1.0   0.2645500898361206
1.0   2.1029276847839355
1.0   9.857871532440186
1.0   -5.45714795589447
1.0   -0.05003619194030762
1.0   5.27841854095459
1.0   -3.378185272216797
1.0   -3.699223041534424
1.0   6.738343715667725
1.0   -0.8508129119873047
1.0   12.262056827545166
1.0   3.4253592491149902
1.0   4.530781269073486
1.0   15.624690532684326
1.0   5.956090927124023
1.0   8.98190689086914
1.0   -3.6446657180786133
1.0   3.673250675201416
1.0   9.091300010681152
1.0   4.286982536315918
1.0   7.18510103225708
1.0   4.771435260772705
1.0   11.233614444732666
1.0   7.7422614097595215
1.0   11.078310489654541
1.0   15.117144584655762
1.0   12.653712749481201
1.0   10.692987442016602
1.0   16.709670782089233
1.0   13.655395984649658
1.0   15.8336021900177
1.0   14.576611518859863
1.0   12.67214584350586
1.0   12.941206932067871
1.0   14.609306812286377
1.0   15.244573593139648
1.0   11.198872089385986
1.0   16.542900800704956
1.0   11.520404815673828
1.0   15.651574611663818
1.0   13.938747882843018
1.0   17.469735860824585
1.0   15.702704429626465
1.0   17.23060917854309
1.0   16.346642017364502
1.0   13.98849630355835
1.0   19.53079080581665
1.0   6.575388193130493
1.0   18.893437385559082
1.0   6.0886313915252686
1.0   15.473103046417236
1.0   13.43208909034729
1.0   17.082964181900024
1.0   15.814158916473389
1.0   12.67844533920288
1.0   23.578185558319092
1.0   12.071189641952515
1.0   6.99774956703186
1.0   17.567928314208984
1.0   2.1103928089141846
1.0   14.498709440231323
1.0   14.98814868927002
1.0   -1.2595990896224976
1.0   4.455041170120239
1.0   5.55831241607666
0.0   -6.756459653377533
0.0   -6.759329438209534
0.0   -6.869535326957703
0.0   -6.646007537841797
0.0   -6.979759991168976
0.0   -7.039906859397888
0.0   -6.968865394592285
0.0   -7.015969336032867
0.0   -6.8806769251823425
0.0   -6.975172698497772
0.0   -6.935596942901611
0.0   -6.884806215763092
0.0   -6.968278408050537
0.0   -6.737664580345154
0.0   -6.9945462346076965
0.0   -6.932937979698181
0.0   -6.947807431221008
0.0   -6.988869667053223
0.0   -6.865833163261414
0.0   -7.001497983932495
0.0   -6.977031230926514
0.0   -6.936158180236816
1.0   12.177315711975098
1.0   -5.503731966018677
1.0   9.015613794326782
1.0   13.247246742248535
1.0   -4.806171178817749
1.0   12.913086414337158
1.0   -6.419284343719482
1.0   -5.432604074478149
1.0   15.765741348266602
1.0   26.411709785461426
1.0   2.097313165664673
1.0   18.380284786224365
1.0   -4.597110271453857
1.0   15.976346015930176
1.0   21.20847797393799
1.0   18.489224433898926
1.0   -2.218828558921814
1.0   16.11220693588257
1.0   0.46448349952697754
1.0   2.7905867099761963
1.0   11.224872589111328
1.0   -6.026892423629761
1.0   0.0813746452331543
1.0   5.565994739532471
1.0   -3.653891682624817
1.0   -4.078334927558899
1.0   7.198434352874756
1.0   -0.7749361991882324
1.0   13.368624687194824
1.0   4.014102935791016
1.0   5.325386047363281
1.0   17.248290061950684
1.0   6.313868999481201
1.0   9.844377994537354
1.0   -3.9489221572875977
1.0   4.164124965667725
1.0   10.084670543670654
1.0   4.7750630378723145
1.0   7.959307670593262
1.0   5.410688877105713
1.0   11.968342781066895
1.0   8.385978698730469
1.0   11.314223766326904
1.0   15.52958631515503
1.0   12.993351459503174
1.0   10.82042670249939
1.0   17.04788112640381
1.0   13.973061561584473
1.0   16.263779640197754
1.0   14.716409683227539
1.0   12.772916793823242
1.0   13.074536323547363
1.0   14.81454849243164
1.0   15.44663953781128
1.0   11.29573917388916
1.0   16.49556064605713
1.0   11.620203018188477
1.0   15.847995281219482
1.0   14.049838066101074
1.0   17.79502582550049
1.0   15.873287200927734
1.0   17.315581798553467
1.0   16.405487060546875
1.0   14.86597490310669
1.0   20.134275436401367
1.0   6.9643874168396
1.0   20.3105411529541
1.0   6.760932922363281
1.0   16.420424938201904
1.0   14.062829971313477
1.0   17.35847282409668
1.0   16.147079467773438
1.0   12.991421699523926
1.0   23.988698959350586
1.0   12.704493522644043
1.0   7.434759140014648
1.0   18.179238319396973
1.0   2.2872228622436523
1.0   15.166676044464111
1.0   15.681481838226318
1.0   -1.2961868047714233
1.0   4.879456996917725
1.0   6.103090286254883
0.0   -6.886199444532394
0.0   -6.8877034187316895
0.0   -6.999489337205887
0.0   -6.76882529258728
0.0   -7.111436545848846
0.0   -7.17204886674881
0.0   -7.097959071397781
0.0   -7.147384852170944
0.0   -7.01254016160965
0.0   -7.106891930103302
0.0   -7.0712113082408905
0.0   -7.0149635672569275
0.0   -7.100959688425064
0.0   -6.872010231018066
0.0   -7.1287877559661865
0.0   -7.064508855342865
0.0   -7.075581610202789
0.0   -7.123296767473221
0.0   -6.994309097528458
0.0   -7.1341535449028015
0.0   -7.113010942935944
0.0   -7.0682748556137085
1.0   14.322811126708984
1.0   -5.5534504652023315
1.0   10.681731224060059
1.0   15.751297950744629
1.0   -4.665015697479248
1.0   14.99266004562378
1.0   -6.512295782566071
1.0   -5.428657174110413
1.0   18.47388744354248
1.0   31.120147705078125
1.0   2.8958349227905273
1.0   22.00219440460205
1.0   -4.403696656227112
1.0   18.816697120666504
1.0   24.890029907226562
1.0   21.444575309753418
1.0   -1.7755775451660156
1.0   18.64379596710205
1.0   1.221865177154541
1.0   4.12876033782959
1.0   13.429254531860352
1.0   -6.0987513065338135
1.0   0.810976505279541
1.0   6.549707412719727
1.0   -3.391262412071228
1.0   -3.973548650741577
1.0   8.468732357025146
1.0   -0.13642454147338867
1.0   15.77929973602295
1.0   5.417745113372803
1.0   6.798640727996826
1.0   20.575379371643066
1.0   7.603854179382324
1.0   11.572437763214111
1.0   -3.706394672393799
1.0   5.2858147621154785
1.0   11.961621761322021
1.0   5.96606969833374
1.0   9.65093183517456
1.0   6.832918405532837
1.0   13.945893287658691
1.0   9.974757194519043
1.0   12.842307567596436
1.0   17.51492404937744
1.0   14.813453674316406
1.0   12.20524549484253
1.0   19.155670166015625
1.0   15.885676383972168
1.0   18.265939712524414
1.0   16.416818618774414
1.0   14.348352432250977
1.0   14.703904151916504
1.0   16.5544114112854
1.0   17.226826667785645
1.0   12.824359893798828
1.0   18.332173824310303
1.0   13.058586120605469
1.0   17.986825942993164
1.0   15.673408031463623
1.0   20.142083168029785
1.0   17.75808620452881
1.0   19.386484622955322
1.0   18.287273406982422
1.0   16.876349449157715
1.0   23.262492179870605
1.0   8.285695552825928
1.0   24.246816635131836
1.0   8.215312242507935
1.0   19.30417823791504
1.0   16.313625812530518
1.0   20.180583953857422
1.0   18.90089988708496
1.0   14.840160369873047
1.0   27.766273498535156
1.0   15.012893676757812
1.0   8.574434280395508
1.0   20.99039936065674
1.0   3.186908721923828
1.0   17.54174518585205
1.0   18.124491691589355
1.0   -0.7796921730041504
1.0   5.953807353973389
1.0   7.306045055389404
0.0   -6.657989263534546
0.0   -6.659356236457825
0.0   -6.766497105360031
0.0   -6.531242817640305
0.0   -6.87381637096405
0.0   -6.936844706535339
0.0   -6.859131962060928
0.0   -6.915501922369003
0.0   -6.781745165586472
0.0   -6.871441125869751
0.0   -6.838669538497925
0.0   -6.7817569971084595
0.0   -6.865265488624573
0.0   -6.649062484502792
0.0   -6.895448982715607
0.0   -6.828504264354706
0.0   -6.83401146531105
0.0   -6.890577167272568
0.0   -6.760439157485962
0.0   -6.903648138046265
0.0   -6.884241998195648
0.0   -6.835305571556091
1.0   17.053282737731934
1.0   -5.268523395061493
1.0   12.839207649230957
1.0   18.808195114135742
1.0   -4.1726683378219604
1.0   17.569364070892334
1.0   -6.255633890628815
1.0   -5.074777007102966
1.0   21.782097816467285
1.0   36.95847702026367
1.0   4.024770259857178
1.0   26.515212059020996
1.0   -3.8498586416244507
1.0   22.3812255859375
1.0   29.40790843963623
1.0   25.388127326965332
1.0   -0.9717614650726318
1.0   21.809585094451904
1.0   2.3263232707977295
1.0   5.845985412597656
1.0   16.075500965118408
1.0   -5.823402047157288
1.0   1.9172122478485107
1.0   7.9519429206848145
1.0   -2.763658046722412
1.0   -3.530168294906616
1.0   10.246260643005371
1.0   0.8646597862243652
1.0   18.856689929962158
1.0   7.264589309692383
1.0   8.639950275421143
1.0   24.739525318145752
1.0   9.421146392822266
1.0   13.771264553070068
1.0   -3.11468768119812
1.0   6.778610706329346
1.0   14.316030979156494
1.0   7.536731719970703
1.0   11.84430456161499
1.0   8.707092523574829
1.0   16.621098041534424
1.0   12.115500211715698
1.0   15.060361385345459
1.0   20.32093048095703
1.0   17.429911851882935
1.0   14.297695636749268
1.0   22.224642753601074
1.0   18.62319803237915
1.0   21.120947122573853
1.0   18.983322381973267
1.0   16.708088636398315
1.0   17.151262760162354
1.0   19.108030319213867
1.0   19.88339328765869
1.0   15.12967300415039
1.0   21.16627550125122
1.0   15.240198373794556
1.0   21.1372013092041
1.0   18.129920482635498
1.0   23.50835657119751
1.0   20.5691237449646
1.0   22.476877212524414
1.0   21.16553831100464
1.0   19.484044313430786
1.0   27.648747444152832
1.0   10.087258338928223
1.0   29.352964878082275
1.0   10.103394508361816
1.0   23.200560092926025
1.0   19.406688690185547
1.0   24.330723762512207
1.0   22.96261692047119
1.0   17.523547172546387
1.0   33.289883613586426
1.0   18.13460350036621
1.0   10.102363586425781
1.0   24.913668155670166
1.0   4.515357971191406
1.0   20.801608562469482
1.0   21.4600830078125
1.0   0.11262369155883789
1.0   7.3884172439575195
1.0   8.882430076599121
0.0   -6.082301691174507
0.0   -6.081153631210327
0.0   -6.1814031302928925
0.0   -5.96736553311348
0.0   -6.284375354647636
0.0   -6.347026437520981
0.0   -6.269625186920166
0.0   -6.326673686504364
0.0   -6.203603386878967
0.0   -6.283942639827728
0.0   -6.254158854484558
0.0   -6.202842593193054
0.0   -6.272321790456772
0.0   -6.081938147544861
0.0   -6.30794395506382
0.0   -6.2482583820819855
0.0   -6.246111869812012
0.0   -6.303626328706741
0.0   -6.175063639879227
0.0   -6.314014032483101
0.0   -6.2950334548950195
0.0   -6.247715801000595
1.0   19.47446632385254
1.0   -4.680064797401428
1.0   14.82931399345398
1.0   21.550841093063354
1.0   -3.409488797187805
1.0   19.843523263931274
1.0   -5.673765242099762
1.0   -4.420477032661438
1.0   24.708414793014526
1.0   41.527002811431885
1.0   5.195227146148682
1.0   30.073769569396973
1.0   -3.0292015075683594
1.0   25.29777717590332
1.0   33.001708984375
1.0   28.308043003082275
1.0   -0.008645057678222656
1.0   24.560954093933105
1.0   3.4977681636810303
1.0   7.549178600311279
1.0   18.462860107421875
1.0   -5.238434791564941
1.0   3.132789373397827
1.0   9.348858833312988
1.0   -1.8860421180725098
1.0   -2.8270000219345093
1.0   11.976306200027466
1.0   2.0218489170074463
1.0   21.394198417663574
1.0   9.01283073425293
1.0   10.403985261917114
1.0   28.168794631958008
1.0   11.105313777923584
1.0   15.706764459609985
1.0   -2.251779079437256
1.0   8.197697639465332
1.0   16.394356727600098
1.0   9.047071933746338
1.0   13.755008697509766
1.0   10.459934949874878
1.0   18.84477710723877
1.0   13.946025848388672
1.0   16.640281677246094
1.0   22.187344074249268
1.0   19.230051279067993
1.0   15.786510467529297
1.0   24.2282452583313
1.0   20.4476797580719
1.0   23.01041340827942
1.0   20.700860500335693
1.0   18.285011768341064
1.0   18.79088258743286
1.0   20.832435131072998
1.0   21.65494680404663
1.0   16.707274913787842
1.0   22.95321273803711
1.0   16.74449324607849
1.0   23.119741439819336
1.0   19.776840686798096
1.0   25.618650436401367
1.0   22.396156072616577
1.0   24.40726089477539
1.0   23.00586748123169
1.0   21.703250408172607
1.0   30.627151489257812
1.0   11.615329504013062
1.0   33.21574020385742
1.0   11.781120300292969
1.0   26.199971199035645
1.0   21.713369846343994
1.0   27.011770248413086
1.0   25.65785503387451
1.0   19.567883253097534
1.0   36.878347396850586
1.0   20.536845207214355
1.0   11.504217147827148
1.0   27.766176223754883
1.0   5.835612773895264
1.0   23.277801990509033
1.0   23.947693824768066
1.0   1.1687171459197998
1.0   8.78557014465332
1.0   10.370355606079102
0.0   -5.352800786495209
0.0   -5.351539611816406
0.0   -5.440625607967377
0.0   -5.243461608886719
0.0   -5.527350544929504
0.0   -5.6002756506204605
0.0   -5.52576071023941
0.0   -5.5853369534015656
0.0   -5.460652410984039
0.0   -5.537285417318344
0.0   -5.513735458254814
0.0   -5.468085139989853
0.0   -5.525540739297867
0.0   -5.353201806545258
0.0   -5.56237755715847
0.0   -5.51083517074585
0.0   -5.5050210654735565
0.0   -5.562332853674889
0.0   -5.440111190080643
0.0   -5.568932235240936
0.0   -5.550909042358398
0.0   -5.504163324832916
1.0   22.162938594818115
1.0   -3.9683985710144043
1.0   17.102158546447754
1.0   24.561349630355835
1.0   -2.4829920530319214
1.0   22.37692165374756
1.0   -4.946627289056778
1.0   -3.632901430130005
1.0   27.938955545425415
1.0   46.62930965423584
1.0   6.518183708190918
1.0   34.07941150665283
1.0   -2.0578453540802
1.0   28.56257438659668
1.0   36.98946189880371
1.0   31.73711919784546
1.0   1.1125984191894531
1.0   27.570991039276123
1.0   4.8205342292785645
1.0   9.416370391845703
1.0   21.0836980342865
1.0   -4.514229655265808
1.0   4.5101637840271
1.0   10.950859785079956
1.0   -0.8730838298797607
1.0   -1.9685451984405518
1.0   13.927992343902588
1.0   3.3401689529418945
1.0   24.264309287071228
1.0   10.99039602279663
1.0   12.379692554473877
1.0   32.01433563232422
1.0   13.038815975189209
1.0   17.87575626373291
1.0   -1.2026429176330566
1.0   9.797121286392212
1.0   18.71894109249115
1.0   10.776101350784302
1.0   15.905492067337036
1.0   12.450334548950195
1.0   21.42285180091858
1.0   16.039550065994263
1.0   18.54314947128296
1.0   24.46034526824951
1.0   21.396504878997803
1.0   17.59134531021118
1.0   26.682050704956055
1.0   22.679463863372803
1.0   25.322197437286377
1.0   22.822171926498413
1.0   20.257800102233887
1.0   20.810285329818726
1.0   22.93684673309326
1.0   23.83741855621338
1.0   18.65370798110962
1.0   25.225879192352295
1.0   18.59457039833069
1.0   25.63302755355835
1.0   21.80907154083252
1.0   28.270369052886963
1.0   24.686589241027832
1.0   26.864614963531494
1.0   25.328499794006348
1.0   24.215054035186768
1.0   34.25675344467163
1.0   13.390435218811035
1.0   37.7193489074707
1.0   13.65743350982666
1.0   29.71631097793579
1.0   24.46016573905945
1.0   30.377436637878418
1.0   29.020398139953613
1.0   22.044594526290894
1.0   41.410351276397705
1.0   23.365893363952637
1.0   13.115792751312256
1.0   31.16698980331421
1.0   7.355031251907349
1.0   26.19531488418579
1.0   26.92964792251587
1.0   2.346426486968994
1.0   10.359982013702393
1.0   12.012638330459595
0.0   -5.289415240287781
0.0   -5.287805274128914
0.0   -5.372238665819168
0.0   -5.173236519098282
0.0   -5.4568736255168915
0.0   -5.531110391020775
0.0   -5.458604872226715
0.0   -5.5191634595394135
0.0   -5.392686635255814
0.0   -5.47032456099987
0.0   -5.448263108730316
0.0   -5.401384562253952
0.0   -5.457190036773682
0.0   -5.286687731742859
0.0   -5.494436949491501
0.0   -5.444458603858948
0.0   -5.440631300210953
0.0   -5.49546280503273
0.0   -5.376251682639122
0.0   -5.50175616145134
0.0   -5.482910111546516
0.0   -5.438967764377594
1.0   22.43108069896698
1.0   -3.9041255712509155
1.0   17.330840587615967
1.0   24.858795166015625
1.0   -2.394135594367981
1.0   22.627499103546143
1.0   -4.880394548177719
1.0   -3.563003897666931
1.0   28.256426572799683
1.0   47.140573501586914
1.0   6.652793884277344
1.0   34.47968149185181
1.0   -1.9648025035858154
1.0   28.892014503479004
1.0   37.388136863708496
1.0   32.084877014160156
1.0   1.223329782485962
1.0   27.87393569946289
1.0   4.95112156867981
1.0   9.60024094581604
1.0   21.34275770187378
1.0   -4.445895254611969
1.0   4.648709297180176
1.0   11.112693786621094
1.0   -0.777357816696167
1.0   -1.886488676071167
1.0   14.125538110733032
1.0   3.4683704376220703
1.0   24.555005073547363
1.0   11.192174911499023
1.0   12.578136444091797
1.0   32.39972233772278
1.0   13.238873958587646
1.0   18.09432542324066
1.0   -1.097679615020752
1.0   9.961535692214966
1.0   18.948371171951294
1.0   10.950895071029663
1.0   16.123058080673218
1.0   12.651649713516235
1.0   21.692182064056396
1.0   16.253188490867615
1.0   18.743836045265198
1.0   24.699783086776733
1.0   21.62505340576172
1.0   17.781240105628967
1.0   26.94605541229248
1.0   22.91731548309326
1.0   25.568542003631592
1.0   23.04965829849243
1.0   20.467642545700073
1.0   21.027424097061157
1.0   23.158388376235962
1.0   24.07168674468994
1.0   18.859495401382446
1.0   25.47562289237976
1.0   18.790053606033325
1.0   25.905590772628784
1.0   22.025614023208618
1.0   28.556430101394653
1.0   24.93387222290039
1.0   27.13255262374878
1.0   25.57943892478943
1.0   24.465996026992798
1.0   34.63824224472046
1.0   13.572180032730103
1.0   38.182278633117676
1.0   13.847399473190308
1.0   30.073599338531494
1.0   24.742652893066406
1.0   30.735495567321777
1.0   29.378764629364014
1.0   22.30231761932373
1.0   41.8927640914917
1.0   23.661720514297485
1.0   13.28079879283905
1.0   31.524160385131836
1.0   7.5020751953125
1.0   26.495848894119263
1.0   27.236704349517822
1.0   2.4609532356262207
1.0   10.51917839050293
1.0   12.178719997406006
0.0   -5.2286616563797
0.0   -5.226359605789185
0.0   -5.30496272444725
0.0   -5.101607248187065
0.0   -5.386778369545937
0.0   -5.46198745071888
0.0   -5.39101979136467
0.0   -5.453928157687187
0.0   -5.326493412256241
0.0   -5.403919577598572
0.0   -5.382229760289192
0.0   -5.333783835172653
0.0   -5.387239903211594
0.0   -5.2221570909023285
0.0   -5.4269052147865295
0.0   -5.378727346658707
0.0   -5.377924367785454
0.0   -5.429883241653442
0.0   -5.315043181180954
0.0   -5.434471935033798
0.0   -5.416171088814735
0.0   -5.376196980476379
1.0   22.705052852630615
1.0   -3.8382667303085327
1.0   17.56229043006897
1.0   25.155928373336792
1.0   -2.3062998056411743
1.0   22.880555152893066
1.0   -4.813556909561157
1.0   -3.4947280883789062
1.0   28.574539065361023
1.0   47.66919684410095
1.0   6.78921365737915
1.0   34.894301891326904
1.0   -1.873128890991211
1.0   29.231367468833923
1.0   37.79582977294922
1.0   32.45318841934204
1.0   1.334108591079712
1.0   28.18235969543457
1.0   5.0812225341796875
1.0   9.781989097595215
1.0   21.600539684295654
1.0   -4.378574430942535
1.0   4.79026460647583
1.0   11.276188373565674
1.0   -0.6828768253326416
1.0   -1.8055105209350586
1.0   14.32517957687378
1.0   3.5932493209838867
1.0   24.854708194732666
1.0   11.394476413726807
1.0   12.775974750518799
1.0   32.79547667503357
1.0   13.444905042648315
1.0   18.317164659500122
1.0   -0.9935247898101807
1.0   10.12779974937439
1.0   19.181182861328125
1.0   11.127559661865234
1.0   16.345704913139343
1.0   12.856496572494507
1.0   21.972981214523315
1.0   16.47330927848816
1.0   18.962602376937866
1.0   24.962469577789307
1.0   21.8743177652359
1.0   17.988075256347656
1.0   27.238834381103516
1.0   23.179537773132324
1.0   25.837321281433105
1.0   23.302547931671143
1.0   20.69973587989807
1.0   21.26800274848938
1.0   23.401687383651733
1.0   24.331538438796997
1.0   19.087188720703125
1.0   25.75904393196106
1.0   19.00507926940918
1.0   26.209678173065186
1.0   22.265568733215332
1.0   28.871917486190796
1.0   25.210160493850708
1.0   27.433977603912354
1.0   25.860448360443115
1.0   24.722888708114624
1.0   35.05337333679199
1.0   13.759321451187134
1.0   38.66892719268799
1.0   14.041362762451172
1.0   30.44740891456604
1.0   25.04082989692688
1.0   31.129942655563354
1.0   29.772904634475708
1.0   22.577297687530518
1.0   42.42507362365723
1.0   23.975586891174316
1.0   13.45068097114563
1.0   31.909740447998047
1.0   7.650850772857666
1.0   26.813329696655273
1.0   27.56398606300354
1.0   2.574040412902832
1.0   10.679864406585693
1.0   12.345225811004639
0.0   -5.16238497197628
0.0   -5.161931902170181
0.0   -5.232956632971764
0.0   -5.022758036851883
0.0   -5.307253018021584
0.0   -5.386557400226593
0.0   -5.315133914351463
0.0   -5.383484870195389
0.0   -5.257153272628784
0.0   -5.328959375619888
0.0   -5.311162650585175
0.0   -5.257041871547699
0.0   -5.312646567821503
0.0   -5.15240952372551
0.0   -5.3511741161346436
0.0   -5.309073507785797
0.0   -5.311151295900345
0.0   -5.359805807471275
0.0   -5.250803664326668
0.0   -5.363628417253494
0.0   -5.342925637960434
0.0   -5.309400305151939
1.0   22.98410427570343
1.0   -3.7674596905708313
1.0   17.797509908676147
1.0   25.455013275146484
1.0   -2.2150124311447144
1.0   23.13471508026123
1.0   -4.740773111581802
1.0   -3.4227185249328613
1.0   28.893491744995117
1.0   48.211281299591064
1.0   6.925452709197998
1.0   35.32105112075806
1.0   -1.7755589485168457
1.0   29.574933290481567
1.0   38.21075510978699
1.0   32.83791518211365
1.0   1.4467055797576904
1.0   28.493200540542603
1.0   5.212003469467163
1.0   9.96381688117981
1.0   21.85729670524597
1.0   -4.305814802646637
1.0   4.934415817260742
1.0   11.440651416778564
1.0   -0.5817883014678955
1.0   -1.7226676940917969
1.0   14.526751518249512
1.0   3.7236013412475586
1.0   25.16163158416748
1.0   11.59632658958435
1.0   12.972941398620605
1.0   33.2000048160553
1.0   13.655730962753296
1.0   18.54365384578705
1.0   -0.8855104446411133
1.0   10.29247522354126
1.0   19.417042016983032
1.0   11.30486512184143
1.0   16.570724725723267
1.0   13.063516497612
1.0   22.262078046798706
1.0   16.697842478752136
1.0   19.195715069770813
1.0   25.243172883987427
1.0   22.139986515045166
1.0   18.208155274391174
1.0   27.55286407470703
1.0   23.458773136138916
1.0   26.122939348220825
1.0   23.57533574104309
1.0   20.949629187583923
1.0   21.52452564239502
1.0   23.663874626159668
1.0   24.61126708984375
1.0   19.330724120140076
1.0   26.069923877716064
1.0   19.234503865242004
1.0   26.53929328918457
1.0   22.523608207702637
1.0   29.213684558868408
1.0   25.506048679351807
1.0   27.76378345489502
1.0   26.165451049804688
1.0   24.985939502716064
1.0   35.49691557884216
1.0   13.949452638626099
1.0   39.17628192901611
1.0   14.237987518310547
1.0   30.83706259727478
1.0   25.353049993515015
1.0   31.552724838256836
1.0   30.19302773475647
1.0   22.866386651992798
1.0   42.998310565948486
1.0   24.30466055870056
1.0   13.623817682266235
1.0   32.317370891571045
1.0   7.803302764892578
1.0   27.146095991134644
1.0   27.91021203994751
1.0   2.6891682147979736
1.0   10.842389106750488
1.0   12.51420545578003
0.0   -5.108409628272057
0.0   -5.114521622657776
0.0   -5.174257427453995
0.0   -4.954966843128204
0.0   -5.240850478410721
0.0   -5.319690436124802
0.0   -5.249960213899612
0.0   -5.318872570991516
0.0   -5.1998570561409
0.0   -5.266440689563751
0.0   -5.249662280082703
0.0   -5.194183558225632
0.0   -5.254163324832916
0.0   -5.092270255088806
0.0   -5.285658448934555
0.0   -5.249531984329224
0.0   -5.25729313492775
0.0   -5.298878341913223
0.0   -5.193729981780052
0.0   -5.302606493234634
0.0   -5.2826389372348785
0.0   -5.248934641480446
1.0   23.233325242996216
1.0   -3.7113996744155884
1.0   18.00719928741455
1.0   25.720194816589355
1.0   -2.135781168937683
1.0   23.358798623085022
1.0   -4.681319296360016
1.0   -3.3684990406036377
1.0   29.17621684074402
1.0   48.71752119064331
1.0   7.040040493011475
1.0   35.72027659416199
1.0   -1.6920921802520752
1.0   29.89035212993622
1.0   38.59174311161041
1.0   33.20471382141113
1.0   1.5387561321258545
1.0   28.770848035812378
1.0   5.324549913406372
1.0   10.118746519088745
1.0   22.08073365688324
1.0   -4.248555421829224
1.0   5.055560111999512
1.0   11.580061435699463
1.0   -0.4937911033630371
1.0   -1.6579909324645996
1.0   14.703125238418579
1.0   3.837006092071533
1.0   25.442412734031677
1.0   11.773263216018677
1.0   13.142439365386963
1.0   33.57431221008301
1.0   13.846205472946167
1.0   18.745636880397797
1.0   -0.7953372001647949
1.0   10.435798168182373
1.0   19.62519919872284
1.0   11.45707631111145
1.0   16.771129369735718
1.0   13.242950201034546
1.0   22.53032374382019
1.0   16.90025532245636
1.0   19.42736554145813
1.0   25.527653098106384
1.0   22.406309843063354
1.0   18.427674889564514
1.0   27.87121295928955
1.0   23.741735696792603
1.0   26.41098690032959
1.0   23.85335683822632
1.0   21.203381419181824
1.0   21.783589243888855
1.0   23.926469206809998
1.0   24.89521586894989
1.0   19.57527446746826
1.0   26.392755031585693
1.0   19.46436047554016
1.0   26.87789535522461
1.0   22.787331581115723
1.0   29.565548181533813
1.0   25.809661388397217
1.0   28.10404109954834
1.0   26.478770971298218
1.0   25.225213885307312
1.0   35.93253469467163
1.0   14.121477127075195
1.0   39.65752458572388
1.0   14.412363648414612
1.0   31.20669913291931
1.0   25.6482070684433
1.0   31.973490476608276
1.0   30.60875940322876
1.0   23.13887882232666
1.0   43.57016706466675
1.0   24.61474633216858
1.0   13.77533769607544
1.0   32.71160817146301
1.0   7.935656785964966
1.0   27.45828628540039
1.0   28.241256713867188
1.0   2.785646677017212
1.0   10.981823205947876
1.0   12.660030603408813
0.0   -5.043401911854744
0.0   -5.053235590457916
0.0   -5.103437349200249
0.0   -4.879607975482941
0.0   -5.166908770799637
0.0   -5.243995413184166
0.0   -5.175212204456329
0.0   -5.244446650147438
0.0   -5.126526549458504
0.0   -5.192397326231003
0.0   -5.173167899250984
0.0   -5.124131619930267
0.0   -5.1861347407102585
0.0   -5.022206813097
0.0   -5.2077953070402145
0.0   -5.1751417219638824
0.0   -5.189676076173782
0.0   -5.222571581602097
0.0   -5.122483789920807
0.0   -5.2282369285821915
0.0   -5.210613161325455
0.0   -5.172479122877121
1.0   23.49620872735977
1.0   -3.6477102041244507
1.0   18.225133419036865
1.0   25.996452271938324
1.0   -2.050650954246521
1.0   23.593448281288147
1.0   -4.613318711519241
1.0   -3.306013345718384
1.0   29.471431493759155
1.0   49.254260778427124
1.0   7.160511016845703
1.0   36.14401626586914
1.0   -1.5998845100402832
1.0   30.224568128585815
1.0   38.99434840679169
1.0   33.60090231895447
1.0   1.6373353004455566
1.0   29.062364876270294
1.0   5.441855430603027
1.0   10.279532194137573
1.0   22.310475528240204
1.0   -4.182198941707611
1.0   5.1817238330841064
1.0   11.72829294204712
1.0   -0.39726758003234863
1.0   -1.5864455699920654
1.0   14.888393878936768
1.0   3.955223560333252
1.0   25.73850190639496
1.0   11.954018592834473
1.0   13.316941738128662
1.0   33.967626094818115
1.0   14.046674251556396
1.0   18.95567160844803
1.0   -0.7005901336669922
1.0   10.584645986557007
1.0   19.84049355983734
1.0   11.615308046340942
1.0   16.981180429458618
1.0   13.427890539169312
1.0   22.81283324956894
1.0   17.112719774246216
1.0   19.68371546268463
1.0   25.843443870544434
1.0   22.699944734573364
1.0   18.672402143478394
1.0   28.226673126220703
1.0   24.056392431259155
1.0   26.729351043701172
1.0   24.163236141204834
1.0   21.48575723171234
1.0   22.072067499160767
1.0   24.21784269809723
1.0   25.210814714431763
1.0   19.846322655677795
1.0   26.751359701156616
1.0   19.720731019973755
1.0   27.25410771369934
1.0   23.081032872200012
1.0   29.956768035888672
1.0   26.14868712425232
1.0   28.48501992225647
1.0   26.827462196350098
1.0   25.478060364723206
1.0   36.40331268310547
1.0   14.305554628372192
1.0   40.16981029510498
1.0   14.594293296337128
1.0   31.602789640426636
1.0   25.967385172843933
1.0   32.43715214729309
1.0   31.063496589660645
1.0   23.43544363975525
1.0   44.19586753845215
1.0   24.94533348083496
1.0   13.933699250221252
1.0   33.13657259941101
1.0   8.075498580932617
1.0   27.79471218585968
1.0   28.59657859802246
1.0   2.88859224319458
1.0   11.128208875656128
1.0   12.812756776809692
0.0   -4.979443848133087
0.0   -4.9916652739048
0.0   -5.036288499832153
0.0   -4.811970114707947
0.0   -5.09915965795517
0.0   -5.172844618558884
0.0   -5.105497315526009
0.0   -5.175015360116959
0.0   -5.059272676706314
0.0   -5.123099163174629
0.0   -5.103127986192703
0.0   -5.059684753417969
0.0   -5.120736226439476
0.0   -4.957343742251396
0.0   -5.1359266340732574
0.0   -5.107096880674362
0.0   -5.124958753585815
0.0   -5.15187993645668
0.0   -5.057244807481766
0.0   -5.1573362946510315
0.0   -5.142481476068497
0.0   -5.102632373571396
1.0   23.75155597925186
1.0   -3.586824953556061
1.0   18.43352460861206
1.0   26.261014819145203
1.0   -1.9710973501205444
1.0   23.818507254123688
1.0   -4.550901681184769
1.0   -3.2465535402297974
1.0   29.754606544971466
1.0   49.791887521743774
1.0   7.271154880523682
1.0   36.566309094429016
1.0   -1.5161669254302979
1.0   30.555293679237366
1.0   39.392820596694946
1.0   34.00428605079651
1.0   1.7280316352844238
1.0   29.3447026014328
1.0   5.549860715866089
1.0   10.429357051849365
1.0   22.526994705200195
1.0   -4.121299088001251
1.0   5.298600673675537
1.0   11.868113040924072
1.0   -0.3096351623535156
1.0   -1.520641565322876
1.0   15.063547134399414
1.0   4.065921783447266
1.0   26.03199815750122
1.0   12.126355171203613
1.0   13.48060154914856
1.0   34.35894703865051
1.0   14.240185379981995
1.0   19.15925031900406
1.0   -0.6124653816223145
1.0   10.724907398223877
1.0   20.046830892562866
1.0   11.764193296432495
1.0   17.184009552001953
1.0   13.604971528053284
1.0   23.0925954580307
1.0   17.32007545232773
1.0   19.95160686969757
1.0   26.178183555603027
1.0   23.00880855321884
1.0   18.927228331565857
1.0   28.60255241394043
1.0   24.38949966430664
1.0   27.064480900764465
1.0   24.490811944007874
1.0   21.781404733657837
1.0   22.376553058624268
1.0   24.52362859249115
1.0   25.54206097126007
1.0   20.129281282424927
1.0   27.131144762039185
1.0   19.98958921432495
1.0   27.651756286621094
1.0   23.39011538028717
1.0   30.372262835502625
1.0   26.510521173477173
1.0   28.89124083518982
1.0   27.198842644691467
1.0   25.72872745990753
1.0   36.8934588432312
1.0   14.486706674098969
1.0   40.69020318984985
1.0   14.768533289432526
1.0   32.002686500549316
1.0   26.290161848068237
1.0   32.92202568054199
1.0   31.53792095184326
1.0   23.735963582992554
1.0   44.85196876525879
1.0   25.280110955238342
1.0   14.086371660232544
1.0   33.57247257232666
1.0   8.210924863815308
1.0   28.135430097579956
1.0   28.95934796333313
1.0   2.9846019744873047
1.0   11.265841960906982
1.0   12.959182143211365
0.0   -4.9452051520347595
0.0   -4.959626942873001
0.0   -5.000894844532013
0.0   -4.775856137275696
0.0   -5.063545078039169
0.0   -5.134627938270569
0.0   -5.069107800722122
0.0   -5.137100398540497
0.0   -5.024496644735336
0.0   -5.086638152599335
0.0   -5.065490871667862
0.0   -5.027428686618805
0.0   -5.085701942443848
0.0   -4.924064993858337
0.0   -5.097445905208588
0.0   -5.071484357118607
0.0   -5.0917834639549255
0.0   -5.113966256380081
0.0   -5.022454857826233
0.0   -5.119215950369835
0.0   -5.105504065752029
0.0   -5.064277470111847
1.0   23.95409032702446
1.0   -3.5565019249916077
1.0   18.59526228904724
1.0   26.469961524009705
1.0   -1.9270946979522705
1.0   23.994672060012817
1.0   -4.5201762318611145
1.0   -3.2209664583206177
1.0   29.976589679718018
1.0   50.260366439819336
1.0   7.343315601348877
1.0   36.93550705909729
1.0   -1.4681994915008545
1.0   30.82820075750351
1.0   39.72984051704407
1.0   34.36502122879028
1.0   1.7800798416137695
1.0   29.570232093334198
1.0   5.617977857589722
1.0   10.532150268554688
1.0   22.68920809030533
1.0   -4.092982590198517
1.0   5.371269941329956
1.0   11.965320587158203
1.0   -0.25899577140808105
1.0   -1.4909213781356812
1.0   15.19172978401184
1.0   4.136546611785889
1.0   26.27314043045044
1.0   12.250367522239685
1.0   13.593776941299438
1.0   34.69054114818573
1.0   14.39306640625
1.0   19.31600660085678
1.0   -0.561326265335083
1.0   10.825409054756165
1.0   20.202634155750275
1.0   11.86701774597168
1.0   17.34128075838089
1.0   13.737590730190277
1.0   23.327880054712296
1.0   17.484025359153748
1.0   20.19949245452881
1.0   26.49683964252472
1.0   23.297500491142273
1.0   19.160488694906235
1.0   28.96306872367859
1.0   24.704522252082825
1.0   27.38172698020935
1.0   24.803817749023438
1.0   22.059914469718933
1.0   22.66510170698166
1.0   24.810243368148804
1.0   25.856708526611328
1.0   20.392624020576477
1.0   27.49827241897583
1.0   20.239542424678802
1.0   28.035879373550415
1.0   23.683181941509247
1.0   30.772629976272583
1.0   26.85922944545746
1.0   29.28545570373535
1.0   27.557597279548645
1.0   25.931973159313202
1.0   37.3452525138855
1.0   14.629903078079224
1.0   41.15633583068848
1.0   14.901936054229736
1.0   32.35135328769684
1.0   26.570975065231323
1.0   33.37422704696655
1.0   31.978338718414307
1.0   23.99657565355301
1.0   45.46873712539673
1.0   25.56981062889099
1.0   14.200531423091888
1.0   33.96561825275421
1.0   8.308347225189209
1.0   28.429979920387268
1.0   29.279841661453247
1.0   3.0413310527801514
1.0   11.360214233398438
1.0   13.062617897987366
0.0   -4.936382815241814
0.0   -4.953024223446846
0.0   -4.991104573011398
0.0   -4.766021281480789
0.0   -5.054126411676407
0.0   -5.124432623386383
0.0   -5.059710651636124
0.0   -5.126660168170929
0.0   -5.016426235437393
0.0   -5.07751752436161
0.0   -5.055330842733383
0.0   -5.0209107249975204
0.0   -5.0769924223423
0.0   -4.916586324572563
0.0   -5.08710253238678
0.0   -5.06139212846756
0.0   -5.0830454379320145
0.0   -5.103572189807892
0.0   -5.012980103492737
0.0   -5.109066337347031
0.0   -5.095698490738869
0.0   -5.053327411413193
1.0   24.103021323680878
1.0   -3.551894724369049
1.0   18.70865750312805
1.0   26.618990540504456
1.0   -1.914438009262085
1.0   24.120012402534485
1.0   -4.516971796751022
1.0   -3.2250736951828003
1.0   30.137323439121246
1.0   50.65321624279022
1.0   7.37799596786499
1.0   37.24537754058838
1.0   -1.45216703414917
1.0   31.04372525215149
1.0   40.00247609615326
1.0   34.6795095205307
1.0   1.7962183952331543
1.0   29.739166229963303
1.0   5.647950887680054
1.0   10.59050965309143
1.0   22.79795128107071
1.0   -4.091463088989258
1.0   5.402123928070068
1.0   12.020012855529785
1.0   -0.24084687232971191
1.0   -1.4936437606811523
1.0   15.273849964141846
1.0   4.170741558074951
1.0   26.461065411567688
1.0   12.327683210372925
1.0   13.658047676086426
1.0   34.959482192993164
1.0   14.504728317260742
1.0   19.426847338676453
1.0   -0.5436141490936279
1.0   10.887571096420288
1.0   20.307513803243637
1.0   11.925703525543213
1.0   17.45249718427658
1.0   13.825878322124481
1.0   23.51478347182274
1.0   17.60449969768524
1.0   20.425433456897736
1.0   26.795858442783356
1.0   23.563215017318726
1.0   19.37133041024208
1.0   29.30332112312317
1.0   25.000061810016632
1.0   27.67930042743683
1.0   25.098380267620087
1.0   22.31954550743103
1.0   22.933210909366608
1.0   25.07427716255188
1.0   26.15193200111389
1.0   20.634324491024017
1.0   27.848323225975037
1.0   20.46977710723877
1.0   28.402099609375
1.0   23.957445800304413
1.0   31.15261209011078
1.0   27.18930619955063
1.0   29.663196921348572
1.0   27.896574020385742
1.0   26.08671808242798
1.0   37.754730105400085
1.0   14.736937522888184
1.0   41.560609102249146
1.0   14.995096623897552
1.0   32.638957500457764
1.0   26.808195114135742
1.0   33.788748264312744
1.0   32.37994968891144
1.0   24.215596854686737
1.0   46.03774356842041
1.0   25.812373161315918
1.0   14.277686178684235
1.0   34.30881917476654
1.0   8.369370698928833
1.0   28.674800634384155
1.0   29.556313276290894
1.0   3.062800884246826
1.0   11.413051843643188
1.0   13.125455141067505
0.0   -4.912773847579956
0.0   -4.931064397096634
0.0   -4.966580554842949
0.0   -4.7428693771362305
0.0   -5.03020803630352
0.0   -5.100068956613541
0.0   -5.03578644990921
0.0   -5.102290853857994
0.0   -4.993169739842415
0.0   -5.05407240986824
0.0   -5.030745506286621
0.0   -4.997851878404617
0.0   -5.053250461816788
0.0   -4.894759654998779
0.0   -5.062635391950607
0.0   -5.037142351269722
0.0   -5.058613449335098
0.0   -5.079272270202637
0.0   -4.988746345043182
0.0   -5.084375351667404
0.0   -5.071378856897354
0.0   -5.028520330786705
1.0   24.27771632373333
1.0   -3.533141255378723
1.0   18.846518397331238
1.0   26.7951717376709
1.0   -1.886161208152771
1.0   24.26928275823593
1.0   -4.499089002609253
1.0   -3.2119460105895996
1.0   30.328512251377106
1.0   51.096112847328186
1.0   7.429385185241699
1.0   37.59309148788452
1.0   -1.4209730625152588
1.0   31.29412442445755
1.0   40.314268469810486
1.0   35.03258189558983
1.0   1.830582857131958
1.0   29.937856309115887
1.0   5.695738792419434
1.0   10.66989278793335
1.0   22.931052923202515
1.0   -4.074817597866058
1.0   5.452425718307495
1.0   12.096253156661987
1.0   -0.20674729347229004
1.0   -1.4792064428329468
1.0   15.378131031990051
1.0   4.222149848937988
1.0   26.6805357336998
1.0   12.426297307014465
1.0   13.744020581245422
1.0   35.26596140861511
1.0   14.636744499206543
1.0   19.560893803834915
1.0   -0.5095491409301758
1.0   10.967079162597656
1.0   20.438645899295807
1.0   12.005805850028992
1.0   17.58755314350128
1.0   13.935288548469543
1.0   23.730053938925266
1.0   17.74925095587969
1.0   20.671387884765863
1.0   27.117829829454422
1.0   23.852642714977264
1.0   19.60253454744816
1.0   29.669240474700928
1.0   25.31797432899475
1.0   28.000682175159454
1.0   25.415954649448395
1.0   22.601757645606995
1.0   23.222793638706207
1.0   25.362603068351746
1.0   26.47086411714554
1.0   20.89840468764305
1.0   28.223667800426483
1.0   20.721080854535103
1.0   28.79521018266678
1.0   24.25451508164406
1.0   31.55925703048706
1.0   27.54380437731743
1.0   30.069628596305847
1.0   28.261188626289368
1.0   26.26957130432129
1.0   38.2087025642395
1.0   14.864620387554169
1.0   42.012113094329834
1.0   15.109612584114075
1.0   32.96746110916138
1.0   27.07802402973175
1.0   34.24635875225067
1.0   32.822789907455444
1.0   24.467612981796265
1.0   46.66517639160156
1.0   26.08983165025711
1.0   14.373739123344421
1.0   34.69023418426514
1.0   8.451293230056763
1.0   28.9542133808136
1.0   29.86747181415558
1.0   3.1023168563842773
1.0   11.486180067062378
1.0   13.208840131759644
0.0   -4.889489650726318
0.0   -4.907854676246643
0.0   -4.942473158240318
0.0   -4.720041990280151
0.0   -5.006461948156357
0.0   -5.076198562979698
0.0   -5.0122204422950745
0.0   -5.078366994857788
0.0   -4.969332367181778
0.0   -5.030260741710663
0.0   -5.006408333778381
0.0   -4.974209100008011
0.0   -5.0294061452150345
0.0   -4.8718341588974
0.0   -5.038636893033981
0.0   -5.013255715370178
0.0   -5.034315004944801
0.0   -5.055442854762077
0.0   -4.964872300624847
0.0   -5.060110107064247
0.0   -5.0472066551446915
0.0   -5.00410732626915
1.0   24.452701292932034
1.0   -3.5146881341934204
1.0   18.98328274488449
1.0   26.97004222869873
1.0   -1.858577847480774
1.0   24.41690883040428
1.0   -4.481520652770996
1.0   -3.1988483667373657
1.0   30.518147602677345
1.0   51.546235740184784
1.0   7.47967529296875
1.0   37.94321048259735
1.0   -1.3902711868286133
1.0   31.5462756305933
1.0   40.630131751298904
1.0   35.39350774884224
1.0   1.8642432689666748
1.0   30.135885633528233
1.0   5.742239236831665
1.0   10.747219562530518
1.0   23.060947239398956
1.0   -4.05830717086792
1.0   5.50111722946167
1.0   12.172077894210815
1.0   -0.1738450527191162
1.0   -1.4653654098510742
1.0   15.480701208114624
1.0   4.271819591522217
1.0   26.900217842310667
1.0   12.523174285888672
1.0   13.827974319458008
1.0   35.57167795300484
1.0   14.7697114944458
1.0   19.694669529795647
1.0   -0.4767024517059326
1.0   11.045107245445251
1.0   20.568870395421982
1.0   12.0854172706604
1.0   17.722284078598022
1.0   14.043723464012146
1.0   23.947840720415115
1.0   17.894621938467026
1.0   20.917447358369827
1.0   27.44304260611534
1.0   24.14291475713253
1.0   19.834121212363243
1.0   30.038152039051056
1.0   25.63956443965435
1.0   28.324441447854042
1.0   25.736163318157196
1.0   22.887030318379402
1.0   23.514999646693468
1.0   25.65454649925232
1.0   26.792865499854088
1.0   21.164667535573244
1.0   28.604136288166046
1.0   20.97456156089902
1.0   29.19128954410553
1.0   24.55471734702587
1.0   31.971310883760452
1.0   27.90157848596573
1.0   30.480345249176025
1.0   28.630920201539993
1.0   26.45448273420334
1.0   38.67486923933029
1.0   14.992627270519733
1.0   42.47288727760315
1.0   15.223963260650635
1.0   33.303667068481445
1.0   27.353724360466003
1.0   34.71820104122162
1.0   33.27800130844116
1.0   24.727503091096878
1.0   47.31241321563721
1.0   26.37394779920578
1.0   14.469584703445435
1.0   35.080872654914856
1.0   8.533946514129639
1.0   29.24138441681862
1.0   30.185597002506256
1.0   3.1408920288085938
1.0   11.558171033859253
1.0   13.291230916976929
0.0   -4.8870497941970825
0.0   -4.905355721712112
0.0   -4.939984083175659
0.0   -4.717673987150192
0.0   -5.003963738679886
0.0   -5.073736816644669
0.0   -5.0097333788871765
0.0   -5.07588317990303
0.0   -4.96686977148056
0.0   -5.027772665023804
0.0   -5.003868147730827
0.0   -4.97168242931366
0.0   -5.026902049779892
0.0   -4.869415298104286
0.0   -5.036141961812973
0.0   -5.010758310556412
0.0   -5.031771630048752
0.0   -5.05298724770546
0.0   -4.962386846542358
0.0   -5.057607442140579
0.0   -5.044709920883179
0.0   -5.001569867134094
1.0   24.4705977588892
1.0   -3.5129514932632446
1.0   18.997076869010925
1.0   26.987971104681492
1.0   -1.8560315370559692
1.0   24.431967586278915
1.0   -4.479792803525925
1.0   -3.1978524923324585
1.0   30.537614084780216
1.0   51.59279179573059
1.0   7.484204530715942
1.0   37.97962975502014
1.0   -1.3873894214630127
1.0   31.57204612530768
1.0   40.663070902228355
1.0   35.4307841360569
1.0   1.867305040359497
1.0   30.15603582561016
1.0   5.746349811553955
1.0   10.754775285720825
1.0   23.07418316602707
1.0   -4.056772232055664
1.0   5.505385637283325
1.0   12.17920970916748
1.0   -0.17070221900939941
1.0   -1.464618444442749
1.0   15.49083399772644
1.0   4.27663516998291
1.0   26.922614715993404
1.0   12.532549262046814
1.0   13.836115956306458
1.0   35.60305759310722
1.0   14.782926201820374
1.0   19.70806559920311
1.0   -0.47353053092956543
1.0   11.052504301071167
1.0   20.581859678030014
1.0   12.092763781547546
1.0   17.73578006029129
1.0   14.05455368757248
1.0   23.969724625349045
1.0   17.909246787428856
1.0   20.941992312669754
1.0   27.475750654935837
1.0   24.171950981020927
1.0   19.857173055410385
1.0   30.075594663619995
1.0   25.671809554100037
1.0   28.357130765914917
1.0   25.76835235953331
1.0   22.915571078658104
1.0   23.54436018317938
1.0   25.68394173681736
1.0   26.825245305895805
1.0   21.191227585077286
1.0   28.642641216516495
1.0   20.9998936355114
1.0   29.231203615665436
1.0   24.5848293825984
1.0   32.01313239336014
1.0   27.93755442649126
1.0   30.52168308198452
1.0   28.66809791326523
1.0   26.47305791079998
1.0   38.7230988740921
1.0   15.00546857714653
1.0   42.52061939239502
1.0   15.23525695502758
1.0   33.338599383831024
1.0   27.382035732269287
1.0   34.76690721511841
1.0   33.32499045133591
1.0   24.75426436960697
1.0   47.37949895858765
1.0   26.402942776679993
1.0   14.478889048099518
1.0   35.12120461463928
1.0   8.541986465454102
1.0   29.270882546901703
1.0   30.218454152345657
1.0   3.1444599628448486
1.0   11.564882755279541
1.0   13.299268960952759
0.0   -4.883668303489685
0.0   -4.9019173085689545
0.0   -4.936519846320152
0.0   -4.7143774330616
0.0   -5.000485613942146
0.0   -5.070244237780571
0.0   -5.006250694394112
0.0   -5.072423130273819
0.0   -4.963413834571838
0.0   -5.024267703294754
0.0   -5.000390499830246
0.0   -4.9682358503341675
0.0   -5.023410364985466
0.0   -4.866080969572067
0.0   -5.032651051878929
0.0   -5.007297396659851
0.0   -5.028281733393669
0.0   -5.0495312213897705
0.0   -4.958975315093994
0.0   -5.054084986448288
0.0   -5.0412430465221405
0.0   -4.998076543211937
1.0   24.488692864775658
1.0   -3.510398507118225
1.0   19.011407256126404
1.0   27.0057655274868
1.0   -1.8525242805480957
1.0   24.447385251522064
1.0   -4.477136671543121
1.0   -3.196075916290283
1.0   30.556848153471947
1.0   51.6391818523407
1.0   7.489811897277832
1.0   38.01535025238991
1.0   -1.383655309677124
1.0   31.598225340247154
1.0   40.69526845216751
1.0   35.46803641691804
1.0   1.8709564208984375
1.0   30.176581487059593
1.0   5.7512366771698
1.0   10.762701272964478
1.0   23.087320148944855
1.0   -4.054411232471466
1.0   5.510580062866211
1.0   12.187316656112671
1.0   -0.16667795181274414
1.0   -1.4628782272338867
1.0   15.501812100410461
1.0   4.282253742218018
1.0   26.945612512528896
1.0   12.542574167251587
1.0   13.844683289527893
1.0   35.63467079401016
1.0   14.796520948410034
1.0   19.721918046474457
1.0   -0.46957874298095703
1.0   11.060952186584473
1.0   20.595282658934593
1.0   12.101011872291565
1.0   17.74993485212326
1.0   14.065802931785583
1.0   23.992135763168335
1.0   17.92457702755928
1.0   20.96735242009163
1.0   27.50919818878174
1.0   24.20208303630352
1.0   19.88118404150009
1.0   30.113759636878967
1.0   25.704815104603767
1.0   28.390517570078373
1.0   25.80152551084757
1.0   22.94502727687359
1.0   23.57479726523161
1.0   25.714006938040257
1.0   26.858511190861464
1.0   21.218699038028717
1.0   28.681936383247375
1.0   21.026074528694153
1.0   29.2720860093832
1.0   24.61597342789173
1.0   32.05568978190422
1.0   27.97441528737545
1.0   30.564308628439903
1.0   28.705938816070557
1.0   26.492257997393608
1.0   38.77206200361252
1.0   15.018972747027874
1.0   42.568239569664
1.0   15.247232556343079
1.0   33.373511493206024
1.0   27.41085720062256
1.0   34.81624585390091
1.0   33.37261629104614
1.0   24.781516447663307
1.0   47.44712734222412
1.0   26.432413071393967
1.0   14.488936185836792
1.0   35.16185265779495
1.0   8.550543308258057
1.0   29.30090469121933
1.0   30.251993000507355
1.0   3.148690700531006
1.0   11.572484731674194
1.0   13.307872891426086
0.0   -4.879480302333832
0.0   -4.897737041115761
0.0   -4.93231725692749
0.0   -4.710363253951073
0.0   -4.996287897229195
0.0   -5.066026717424393
0.0   -5.00203463435173
0.0   -5.0682255029678345
0.0   -4.959244012832642
0.0   -5.0200358629226685
0.0   -4.996121197938919
0.0   -4.964008629322052
0.0   -5.019197225570679
0.0   -4.861990407109261
0.0   -5.028432905673981
0.0   -5.00309345126152
0.0   -5.023997932672501
0.0   -5.045333027839661
0.0   -4.954778671264648
0.0   -5.049841821193695
0.0   -5.03699566423893
0.0   -4.993812650442123
1.0   24.505037039518356
1.0   -3.507354259490967
1.0   19.023828983306885
1.0   27.02128691226244
1.0   -1.8489034175872803
1.0   24.46036659181118
1.0   -4.4739475548267365
1.0   -3.1940091848373413
1.0   30.573892652988434
1.0   51.682156682014465
1.0   7.493852615356445
1.0   38.04841187596321
1.0   -1.379777431488037
1.0   31.621879264712334
1.0   40.72516919672489
1.0   35.5033006593585
1.0   1.8744235038757324
1.0   30.194802701473236
1.0   5.755156755447388
1.0   10.769516944885254
1.0   23.09852173924446
1.0   -4.051526188850403
1.0   5.514929533004761
1.0   12.194190740585327
1.0   -0.16256475448608398
1.0   -1.4614017009735107
1.0   15.511200666427612
1.0   4.28762149810791
1.0   26.966604709625244
1.0   12.551202178001404
1.0   13.852147102355957
1.0   35.663508504629135
1.0   14.809102177619934
1.0   19.734344512224197
1.0   -0.4656333923339844
1.0   11.067803144454956
1.0   20.607064075767994
1.0   12.108370423316956
1.0   17.762531638145447
1.0   14.075372695922852
1.0   24.01257687807083
1.0   17.938336849212646
1.0   20.9906265437603
1.0   27.540467083454132
1.0   24.22993268072605
1.0   19.90318074822426
1.0   30.14954537153244
1.0   25.735718846321106
1.0   28.421525701880455
1.0   25.83237686753273
1.0   22.97253006696701
1.0   23.60297128558159
1.0   25.742244347929955
1.0   26.889643505215645
1.0   21.244185730814934
1.0   28.719069987535477
1.0   21.05045935511589
1.0   29.31058268249035
1.0   24.645021252334118
1.0   32.09585824608803
1.0   28.00897904485464
1.0   30.604274407029152
1.0   28.742076113820076
1.0   26.510103330016136
1.0   38.81852442026138
1.0   15.031348086893559
1.0   42.61287486553192
1.0   15.257680177688599
1.0   33.40674018859863
1.0   27.438471972942352
1.0   34.86372184753418
1.0   33.41844129562378
1.0   24.807773262262344
1.0   47.51148772239685
1.0   26.46011644601822
1.0   14.497970283031464
1.0   35.20088040828705
1.0   8.558475971221924
1.0   29.329711765050888
1.0   30.28350657224655
1.0   3.1524930000305176
1.0   11.579065799713135
1.0   13.315513372421265
0.0   -4.875063896179199
0.0   -4.893329560756683
0.0   -4.92785382270813
0.0   -4.706118851900101
0.0   -4.991824254393578
0.0   -5.06152155995369
0.0   -4.997530579566956
0.0   -5.063769727945328
0.0   -4.954795807600021
0.0   -5.015529930591583
0.0   -4.991618752479553
0.0   -4.959570407867432
0.0   -5.014710783958435
0.0   -4.857591837644577
0.0   -5.023926764726639
0.0   -4.998653471469879
0.0   -5.019499942660332
0.0   -5.0408772230148315
0.0   -4.950336992740631
0.0   -5.045318275690079
0.0   -5.032493382692337
0.0   -4.98928365111351
1.0   24.523019142448902
1.0   -3.5036439299583435
1.0   19.037812054157257
1.0   27.038757920265198
1.0   -1.8445059061050415
1.0   24.475071638822556
1.0   -4.470188915729523
1.0   -3.1908435821533203
1.0   30.59269257634878
1.0   51.728314220905304
1.0   7.499159097671509
1.0   38.08430036902428
1.0   -1.3751654624938965
1.0   31.647850058972836
1.0   40.75720365345478
1.0   35.540796630084515
1.0   1.8788127899169922
1.0   30.215043932199478
1.0   5.7601659297943115
1.0   10.777676820755005
1.0   23.110989063978195
1.0   -4.048056721687317
1.0   5.52066969871521
1.0   12.20284652709961
1.0   -0.15786194801330566
1.0   -1.4586864709854126
1.0   15.521812200546265
1.0   4.293593883514404
1.0   26.989287167787552
1.0   12.560957908630371
1.0   13.86073637008667
1.0   35.69470077753067
1.0   14.823250770568848
1.0   19.74814847111702
1.0   -0.46088647842407227
1.0   11.075499057769775
1.0   20.620333820581436
1.0   12.116819977760315
1.0   17.776525288820267
1.0   14.086814641952515
1.0   24.035170435905457
1.0   17.95340985059738
1.0   21.015183985233307
1.0   27.573140755295753
1.0   24.25913491845131
1.0   19.926434814929962
1.0   30.187051355838776
1.0   25.76810483634472
1.0   28.453931629657745
1.0   25.86477041989565
1.0   23.001507863402367
1.0   23.632757291197777
1.0   25.772099427878857
1.0   26.922225832939148
1.0   21.271108761429787
1.0   28.757942348718643
1.0   21.076122030615807
1.0   29.350752592086792
1.0   24.67538183927536
1.0   32.137820690870285
1.0   28.045113563537598
1.0   30.645951204001904
1.0   28.779700458049774
1.0   26.529806539416313
1.0   38.86741638183594
1.0   15.044669970870018
1.0   42.66079318523407
1.0   15.269386172294617
1.0   33.4421643614769
1.0   27.467731714248657
1.0   34.913493156433105
1.0   33.466506481170654
1.0   24.835766226053238
1.0   47.57917928695679
1.0   26.489772528409958
1.0   14.508055925369263
1.0   35.242044270038605
1.0   8.567633867263794
1.0   29.36048859357834
1.0   30.31696754693985
1.0   3.1573965549468994
1.0   11.586766600608826
1.0   13.32428526878357
0.0   -4.871564954519272
0.0   -4.889855533838272
0.0   -4.924330055713654
0.0   -4.702740088105202
0.0   -4.988288506865501
0.0   -5.057965740561485
0.0   -4.9939830005168915
0.0   -5.060247838497162
0.0   -4.951279819011688
0.0   -5.011964112520218
0.0   -4.988044813275337
0.0   -4.956057220697403
0.0   -5.011184751987457
0.0   -4.854119747877121
0.0   -5.020396903157234
0.0   -4.9951139241456985
0.0   -5.015943765640259
0.0   -5.0373532474040985
0.0   -4.946821212768555
0.0   -5.041750758886337
0.0   -5.028957277536392
0.0   -4.9857053607702255
1.0   24.541951075196266
1.0   -3.500703990459442
1.0   19.052393198013306
1.0   27.056970227509737
1.0   -1.8408132791519165
1.0   24.49051283299923
1.0   -4.46724745631218
1.0   -3.1883888244628906
1.0   30.61287060379982
1.0   51.77695706486702
1.0   7.504735469818115
1.0   38.12181970477104
1.0   -1.3711867332458496
1.0   31.674990005791187
1.0   40.791625540703535
1.0   35.58005824685097
1.0   1.8831496238708496
1.0   30.23599910736084
1.0   5.765534400939941
1.0   10.785970211029053
1.0   23.1246320605278
1.0   -4.045309484004974
1.0   5.526381969451904
1.0   12.211503028869629
1.0   -0.1536242961883545
1.0   -1.456235408782959
1.0   15.533081293106079
1.0   4.29937744140625
1.0   27.013294219970703
1.0   12.57134997844696
1.0   13.869949102401733
1.0   35.72749534249306
1.0   14.837551236152649
1.0   19.762578293681145
1.0   -0.45658040046691895
1.0   11.083937168121338
1.0   20.634364813566208
1.0   12.125720500946045
1.0   17.791411697864532
1.0   14.098615288734436
1.0   24.058631479740143
1.0   17.96930629014969
1.0   21.040900945663452
1.0   27.60709184408188
1.0   24.289602279663086
1.0   19.950657188892365
1.0   30.225979894399643
1.0   25.80170315504074
1.0   28.487735971808434
1.0   25.89853785932064
1.0   23.03165279328823
1.0   23.663743793964386
1.0   25.802949994802475
1.0   26.95611160993576
1.0   21.299099132418633
1.0   28.798169195652008
1.0   21.10288853943348
1.0   29.39233200252056
1.0   24.706952542066574
1.0   32.1813747882843
1.0   28.082606807351112
1.0   30.689293660223484
1.0   28.818834245204926
1.0   26.550211288034916
1.0   38.91846215724945
1.0   15.058708406984806
1.0   42.71081751585007
1.0   15.28163355588913
1.0   33.47938787937164
1.0   27.49865385890007
1.0   34.96559828519821
1.0   33.516905665397644
1.0   24.86508922278881
1.0   47.649763345718384
1.0   26.52091334760189
1.0   14.518308401107788
1.0   35.28506976366043
1.0   8.576980590820312
1.0   29.392649471759796
1.0   30.352427825331688
1.0   3.1622674465179443
1.0   11.594820499420166
1.0   13.333324432373047
0.0   -4.86638617515564
0.0   -4.884694427251816
0.0   -4.919120371341705
0.0   -4.697697460651398
0.0   -4.983032912015915
0.0   -5.052669882774353
0.0   -4.98870462179184
0.0   -5.0550142377614975
0.0   -4.946080803871155
0.0   -5.006657585501671
0.0   -4.982781022787094
0.0   -4.950825735926628
0.0   -5.005891263484955
0.0   -4.848946705460548
0.0   -5.015118628740311
0.0   -4.989878222346306
0.0   -5.010619878768921
0.0   -5.032152712345123
0.0   -4.941620916128159
0.0   -5.036428511142731
0.0   -5.023727715015411
0.0   -4.980435281991959
1.0   24.56016533076763
1.0   -3.4961001873016357
1.0   19.06679356098175
1.0   27.074309658259153
1.0   -1.8356997966766357
1.0   24.505227103829384
1.0   -4.462556183338165
1.0   -3.1840696334838867
1.0   30.6316691711545
1.0   51.8229541182518
1.0   7.510593891143799
1.0   38.15693837404251
1.0   -1.3658812046051025
1.0   31.701003447175026
1.0   40.82384477928281
1.0   35.617578491568565
1.0   1.8884618282318115
1.0   30.25647135078907
1.0   5.7712242603302
1.0   10.794363975524902
1.0   23.13744619488716
1.0   -4.040794134140015
1.0   5.532742023468018
1.0   12.220753908157349
1.0   -0.148101806640625
1.0   -1.4522773027420044
1.0   15.54468548297882
1.0   4.3060455322265625
1.0   27.036397367715836
1.0   12.58178174495697
1.0   13.879202127456665
1.0   35.75863829255104
1.0   14.852088570594788
1.0   19.776726245880127
1.0   -0.45093297958374023
1.0   11.092697620391846
1.0   20.647977478802204
1.0   12.134777307510376
1.0   17.80581185221672
1.0   14.11021226644516
1.0   24.081634521484375
1.0   17.985043570399284
1.0   21.065671861171722
1.0   27.64008665084839
1.0   24.319382518529892
1.0   19.974423795938492
1.0   30.263825297355652
1.0   25.834445133805275
1.0   28.52070227265358
1.0   25.93148911744356
1.0   23.06116846203804
1.0   23.69394624233246
1.0   25.8333957195282
1.0   26.989164225757122
1.0   21.32653297483921
1.0   28.837535947561264
1.0   21.129118844866753
1.0   29.432895228266716
1.0   24.737863302230835
1.0   32.22371035814285
1.0   28.1191016882658
1.0   30.731565821915865
1.0   28.856888189911842
1.0   26.570236206054688
1.0   38.9678350687027
1.0   15.072677157819271
1.0   42.75825607776642
1.0   15.293950721621513
1.0   33.51529008150101
1.0   27.528688222169876
1.0   35.0162510573864
1.0   33.56603556871414
1.0   24.89396257698536
1.0   47.717819929122925
1.0   26.551136180758476
1.0   14.528909385204315
1.0   35.32665926218033
1.0   8.58700942993164
1.0   29.423978626728058
1.0   30.38663238286972
1.0   3.1682355403900146
1.0   11.603212237358093
1.0   13.34282660484314
0.0   -4.861886590719223
0.0   -4.880205616354942
0.0   -4.914610221982002
0.0   -4.693410366773605
0.0   -4.9785318076610565
0.0   -5.04811529815197
0.0   -4.9841934740543365
0.0   -5.050499528646469
0.0   -4.941606849431992
0.0   -5.002131804823875
0.0   -4.9782160222530365
0.0   -4.946284845471382
0.0   -5.001363098621368
0.0   -4.844463229179382
0.0   -5.010564088821411
0.0   -4.985377550125122
0.0   -5.006021559238434
0.0   -5.027660995721817
0.0   -4.937094897031784
0.0   -5.031850457191467
0.0   -5.0191739946603775
0.0   -4.975865125656128
1.0   24.580184772610664
1.0   -3.492116928100586
1.0   19.082189202308655
1.0   27.093577168881893
1.0   -1.8309301137924194
1.0   24.52137690782547
1.0   -4.458507835865021
1.0   -3.180168032646179
1.0   30.652600675821304
1.0   51.87303930521011
1.0   7.516897201538086
1.0   38.19546641409397
1.0   -1.3608534336090088
1.0   31.729234606027603
1.0   40.85924497246742
1.0   35.65811116993427
1.0   1.8939709663391113
1.0   30.278905302286148
1.0   5.777464389801025
1.0   10.803653955459595
1.0   23.15158849954605
1.0   -4.03685587644577
1.0   5.539386510848999
1.0   12.230299234390259
1.0   -0.14291906356811523
1.0   -1.4486720561981201
1.0   15.556781530380249
1.0   4.312747955322266
1.0   27.061497747898102
1.0   12.592925310134888
1.0   13.889073133468628
1.0   35.79262266308069
1.0   14.867436289787292
1.0   19.791800275444984
1.0   -0.4457411766052246
1.0   11.101589441299438
1.0   20.662714906036854
1.0   12.144519805908203
1.0   17.821439683437347
1.0   14.122362494468689
1.0   24.105722337961197
1.0   18.001676470041275
1.0   21.09103786945343
1.0   27.674042373895645
1.0   24.350162982940674
1.0   19.998739689588547
1.0   30.302967965602875
1.0   25.868187457323074
1.0   28.55468164384365
1.0   25.965316638350487
1.0   23.091372579336166
1.0   23.725009441375732
1.0   25.864740133285522
1.0   27.023198381066322
1.0   21.354885905981064
1.0   28.87797699868679
1.0   21.156079202890396
1.0   29.474801398813725
1.0   24.769569396972656
1.0   32.26777948439121
1.0   28.156778946518898
1.0   30.77509581297636
1.0   28.896240457892418
1.0   26.59181697294116
1.0   39.02083706855774
1.0   15.087584763765335
1.0   42.809611201286316
1.0   15.307112529873848
1.0   33.55408024787903
1.0   27.560960702598095
1.0   35.070252597332
1.0   33.61831605434418
1.0   24.92461720481515
1.0   47.791046500205994
1.0   26.5835894420743
1.0   14.540082693099976
1.0   35.37139168381691
1.0   8.5975923538208
1.0   29.457670256495476
1.0   30.423104658722878
1.0   3.174159049987793
1.0   11.612150311470032
1.0   13.352766394615173
0.0   -4.86124724149704
0.0   -4.879630595445633
0.0   -4.914006933569908
0.0   -4.69282828271389
0.0   -4.977969318628311
0.0   -5.047563046216965
0.0   -4.983633816242218
0.0   -5.049939453601837
0.0   -4.941026508808136
0.0   -5.001562774181366
0.0   -4.977599665522575
0.0   -4.945643872022629
0.0   -5.000815659761429
0.0   -4.843831941485405
0.0   -5.010013163089752
0.0   -4.9847656935453415
0.0   -5.005421221256256
0.0   -5.027111083269119
0.0   -4.936496138572693
0.0   -5.031281799077988
0.0   -5.018601775169373
0.0   -4.97524356842041
1.0   24.59247450530529
1.0   -3.49173903465271
1.0   19.091425240039825
1.0   27.105257846415043
1.0   -1.8301546573638916
1.0   24.53107911348343
1.0   -4.458231747150421
1.0   -3.1802403926849365
1.0   30.665504910051823
1.0   51.90951615571976
1.0   7.519233226776123
1.0   38.22348469495773
1.0   -1.359813928604126
1.0   31.748203068971634
1.0   40.883935391902924
1.0   35.688322603702545
1.0   1.8952677249908447
1.0   30.292765200138092
1.0   5.77937650680542
1.0   10.8076913356781
1.0   23.159429997205734
1.0   -4.036622047424316
1.0   5.541428327560425
1.0   12.234811782836914
1.0   -0.1419069766998291
1.0   -1.4488193988800049
1.0   15.563463568687439
1.0   4.314775466918945
1.0   27.078114598989487
1.0   12.598773002624512
1.0   13.893638372421265
1.0   35.81635305285454
1.0   14.87690556049347
1.0   19.800940424203873
1.0   -0.4446840286254883
1.0   11.106157541275024
1.0   20.671291083097458
1.0   12.14916181564331
1.0   17.83077362179756
1.0   14.12932288646698
1.0   24.12252128124237
1.0   18.012069076299667
1.0   21.110583513975143
1.0   27.70073702931404
1.0   24.37385043501854
1.0   20.01733148097992
1.0   30.3339821100235
1.0   25.894777461886406
1.0   28.581228405237198
1.0   25.99207505583763
1.0   23.115049481391907
1.0   23.749339759349823
1.0   25.888678923249245
1.0   27.05014829337597
1.0   21.376742243766785
1.0   28.91021652519703
1.0   21.17699185013771
1.0   29.50819954276085
1.0   24.794474318623543
1.0   32.3026934415102
1.0   28.186651349067688
1.0   30.809767216444016
1.0   28.92753106355667
1.0   26.60581924766302
1.0   39.061280727386475
1.0   15.096937097609043
1.0   42.84827423095703
1.0   15.314741589128971
1.0   33.58234506845474
1.0   27.584212958812714
1.0   35.11194866895676
1.0   33.65867966413498
1.0   24.946865424513817
1.0   47.84786057472229
1.0   26.60684759914875
1.0   14.546486020088196
1.0   35.404662519693375
1.0   8.603116750717163
1.0   29.481857106089592
1.0   30.450197376310825
1.0   3.175727367401123
1.0   11.61604118347168
1.0   13.357491135597229
0.0   -4.860402196645737
0.0   -4.878805831074715
0.0   -4.913153052330017
0.0   -4.692022547125816
0.0   -4.9771212339401245
0.0   -5.0467459708452225
0.0   -4.982808977365494
0.0   -5.049129411578178
0.0   -4.940210446715355
0.0   -5.0007180869579315
0.0   -4.976733788847923
0.0   -4.94479538500309
0.0   -4.999979332089424
0.0   -4.842989802360535
0.0   -5.009214907884598
0.0   -4.983933642506599
0.0   -5.004564136266708
0.0   -5.026324480772018
0.0   -4.935640424489975
0.0   -5.0304442048072815
0.0   -5.017793223261833
0.0   -4.97437110543251
1.0   24.603709667921066
1.0   -3.490928292274475
1.0   19.10029298067093
1.0   27.116023130714893
1.0   -1.829253077507019
1.0   24.540028378367424
1.0   -4.457498461008072
1.0   -3.1793978214263916
1.0   30.6773439347744
1.0   51.943673968315125
1.0   7.521198272705078
1.0   38.25011649727821
1.0   -1.358687162399292
1.0   31.76533304154873
1.0   40.906753718853
1.0   35.71722686290741
1.0   1.8967740535736084
1.0   30.305209159851074
1.0   5.781137704849243
1.0   10.811361312866211
1.0   23.166295751929283
1.0   -4.0358898639678955
1.0   5.543359756469727
1.0   12.238831520080566
1.0   -0.14061880111694336
1.0   -1.4483835697174072
1.0   15.569601893424988
1.0   4.3168110847473145
1.0   27.094137012958527
1.0   12.60409951210022
1.0   13.897784352302551
1.0   35.8391243070364
1.0   14.88590669631958
1.0   19.809665262699127
1.0   -0.4433722496032715
1.0   11.110126852989197
1.0   20.67889466881752
1.0   12.153304696083069
1.0   17.839656054973602
1.0   14.135973930358887
1.0   24.138046741485596
1.0   18.021695852279663
1.0   21.129063338041306
1.0   27.726355776190758
1.0   24.396582007408142
1.0   20.035147190093994
1.0   30.36416271328926
1.0   25.92010298371315
1.0   28.606796860694885
1.0   26.017957106232643
1.0   23.13795456290245
1.0   23.77289929986
1.0   25.912091374397278
1.0   27.07605105638504
1.0   21.397734612226486
1.0   28.941794395446777
1.0   21.196926951408386
1.0   29.540427513420582
1.0   24.818521708250046
1.0   32.33655156940222
1.0   28.215482011437416
1.0   30.843542277812958
1.0   28.957943454384804
1.0   26.61921678483486
1.0   39.1005993783474
1.0   15.10578352957964
1.0   42.88592666387558
1.0   15.321440868079662
1.0   33.60989308357239
1.0   27.606914788484573
1.0   35.15250715613365
1.0   33.69771209359169
1.0   24.968802839517593
1.0   47.903695464134216
1.0   26.629900492727757
1.0   14.552601993083954
1.0   35.437395721673965
1.0   8.608698844909668
1.0   29.50524464249611
1.0   30.477259285748005
1.0   3.1778626441955566
1.0   11.619866609573364
1.0   13.362435579299927
0.0   -4.862735345959663
0.0   -4.881170690059662
0.0   -4.915561407804489
0.0   -4.694273442029953
0.0   -4.979558885097504
0.0   -5.049254268407822
0.0   -4.985321074724197
0.0   -5.051568508148193
0.0   -4.942625433206558
0.0   -5.003210604190826
0.0   -4.97910749912262
0.0   -4.947100102901459
0.0   -5.002491921186447
0.0   -4.845291942358017
0.0   -5.011707067489624
0.0   -4.986300736665726
0.0   -5.0069635808467865
0.0   -5.02875879406929
0.0   -4.937982529401779
0.0   -5.032933354377747
0.0   -5.020226448774338
0.0   -4.9767554104328156
1.0   24.607670098543167
1.0   -3.493155598640442
1.0   19.103136897087097
1.0   27.119348496198654
1.0   -1.8317919969558716
1.0   24.542569115757942
1.0   -4.45999401807785
1.0   -3.1820521354675293
1.0   30.681234568357468
1.0   51.965059131383896
1.0   7.519247055053711
1.0   38.26678703725338
1.0   -1.3611929416656494
1.0   31.773701831698418
1.0   40.91927628219128
1.0   35.736102759838104
1.0   1.8944385051727295
1.0   30.310506224632263
1.0   5.778766870498657
1.0   10.810283422470093
1.0   23.166721045970917
1.0   -4.038307070732117
1.0   5.541160821914673
1.0   12.238203048706055
1.0   -0.1430964469909668
1.0   -1.4514418840408325
1.0   15.569953560829163
1.0   4.314552307128906
1.0   27.10164648294449
1.0   12.603625893592834
1.0   13.896478176116943
1.0   35.851209223270416
1.0   14.889147758483887
1.0   19.81204830110073
1.0   -0.4459402561187744
1.0   11.109292268753052
1.0   20.680293828248978
1.0   12.15255093574524
1.0   17.842025607824326
1.0   14.137014865875244
1.0   24.146006762981415
1.0   18.02487462759018
1.0   21.140395909547806
1.0   27.743773490190506
1.0   24.41143548488617
1.0   20.046071112155914
1.0   30.385501265525818
1.0   25.937512427568436
1.0   28.62424197793007
1.0   26.035823047161102
1.0   23.153319984674454
1.0   23.7885939180851
1.0   25.927770018577576
1.0   27.093976736068726
1.0   21.411584317684174
1.0   28.964653611183167
1.0   21.21007615327835
1.0   29.56341701745987
1.0   24.834729343652725
1.0   32.36100681871176
1.0   28.23578029870987
1.0   30.867497369647026
1.0   28.97946624457836
1.0   26.625845655798912
1.0   39.12819662690163
1.0   15.109182834625244
1.0   42.91083735227585
1.0   15.322876676917076
1.0   33.6269736289978
1.0   27.621029183268547
1.0   35.18131449818611
1.0   33.725507229566574
1.0   24.98255941271782
1.0   47.94428884983063
1.0   26.643924817442894
1.0   14.553966760635376
1.0   35.459172159433365
1.0   8.6093909740448
1.0   29.519495725631714
1.0   30.49427968263626
1.0   3.175908327102661
1.0   11.619189620018005
1.0   13.362343549728394
